Limit, ExpName, Country, target_country, Bundle, Bundle_Name, Difference_c, Difference_perc_c, num_UVP_c, num_mkts, GNI_c, GOrig, G18sup46, G19sup58, Gformer, Gnever, PopSize, rel_impor\n
High, UVP_assignments_GNI_2_MC, Afghanistan,0,1, BCG,0,0,2,2,548,0,0,0,0,0,0,-1
High, UVP_assignments_GNI_2_MC, Afghanistan,0,2, BCG,-0.04,-0.44,2,2,548,0,0,0,0,0,0,-1
High, UVP_assignments_GNI_2_MC, Afghanistan,0,3, BCG,0,0,2,2,548,0,0,0,0,0,0,-1
High, UVP_assignments_GNI_2_MC, Afghanistan,0,4, BCG,-0.04,-0.27,2,2,548,0,0,0,0,0,0,-1
High, UVP_assignments_GNI_2_MC, Afghanistan,0,5, DT,-0.06,-0.78,2,2,548,0,0,0,0,0,0,-1
High, UVP_assignments_GNI_2_MC, Afghanistan,0,6, DT,-0.05,-0.57,2,2,548,0,0,0,0,0,0,-1
High, UVP_assignments_GNI_2_MC, Afghanistan,0,7, DTP,-0.05,-0.62,2,2,548,0,0,0,0,0,0,-1
High, UVP_assignments_GNI_2_MC, Afghanistan,0,8, DTP,-0.03,-0.33,2,2,548,0,0,0,0,0,0,-1
High, UVP_assignments_GNI_2_MC, Afghanistan,0,9, DTP-HepB-Hib,-0.23,-0.62,2,2,548,0,0,0,0,0,0,-1
High, UVP_assignments_GNI_2_MC, Afghanistan,0,10, DTP-HepB-Hib,-0.34,-0.61,2,2,548,0,0,0,0,0,0,-1
High, UVP_assignments_GNI_2_MC, Afghanistan,0,11, DTP-HepB-Hib,-0.31,-0.61,2,2,548,0,0,0,0,0,0,-1
High, UVP_assignments_GNI_2_MC, Afghanistan,0,12, DTP-HepB-Hib,-0.36,-0.62,2,2,548,0,0,0,0,0,0,-1
High, UVP_assignments_GNI_2_MC, Afghanistan,0,13, DTP-HepB-Hib,-0.35,-0.62,2,2,548,0,0,0,0,0,0,-1
High, UVP_assignments_GNI_2_MC, Afghanistan,0,14, DTP-HepB-Hib,-0.27,-0.68,2,2,548,0,0,0,0,0,0,-1
High, UVP_assignments_GNI_2_MC, Afghanistan,0,15, DTP-HepB-Hib,-0.23,-0.62,2,2,548,0,0,0,0,0,0,-1
High, UVP_assignments_GNI_2_MC, Afghanistan,0,16, DTP-HepB-Hib,-0.24,-0.62,2,2,548,0,0,0,0,0,0,-1
High, UVP_assignments_GNI_2_MC, Afghanistan,0,17, HPV,1.11,0.5,2,2,548,0,0,0,0,0,0,-1
High, UVP_assignments_GNI_2_MC, Afghanistan,0,18, HPV,-1.7,-0.78,2,2,548,0,0,0,0,0,0,-1
High, UVP_assignments_GNI_2_MC, Afghanistan,0,19, HepB,-0.15,-0.62,2,2,548,0,0,0,0,0,0,-1
High, UVP_assignments_GNI_2_MC, Afghanistan,0,20, HepB,-0.2,-0.68,2,2,548,0,0,0,0,0,0,-1
High, UVP_assignments_GNI_2_MC, Afghanistan,0,21, HepB,-0.07,-0.62,2,2,548,0,0,0,0,0,0,-1
High, UVP_assignments_GNI_2_MC, Afghanistan,0,22, HepB,-0.08,-0.68,2,2,548,0,0,0,0,0,0,-1
High, UVP_assignments_GNI_2_MC, Afghanistan,0,23, Hib,-0.64,-0.61,2,2,548,0,0,0,0,0,0,-1
High, UVP_assignments_GNI_2_MC, Afghanistan,0,24, IPV,0,0,2,2,548,0,0,0,0,0,0,-1
High, UVP_assignments_GNI_2_MC, Afghanistan,0,25, IPV,-0.73,-0.61,2,2,548,0,0,0,0,0,0,-1
High, UVP_assignments_GNI_2_MC, Afghanistan,0,26, IPV,-0.15,-0.1,2,2,548,0,0,0,0,0,0,-1
High, UVP_assignments_GNI_2_MC, Afghanistan,0,27, IPV,-0.28,-0.33,2,2,548,0,0,0,0,0,0,-1
High, UVP_assignments_GNI_2_MC, Afghanistan,0,28, IPV,0,0,2,2,548,0,0,0,0,0,0,-1
High, UVP_assignments_GNI_2_MC, Afghanistan,0,29, IPV,-0.44,-0.33,2,2,548,0,0,0,0,0,0,-1
High, UVP_assignments_GNI_2_MC, Afghanistan,0,30, MMR,-0.53,-0.78,2,2,548,0,0,0,0,0,0,-1
High, UVP_assignments_GNI_2_MC, Afghanistan,0,31, MMR,-1.19,-0.55,2,2,548,0,0,0,0,0,0,-1
High, UVP_assignments_GNI_2_MC, Afghanistan,0,32, MMR,-0.08,-0.06,2,2,548,0,0,0,0,0,0,-1
High, UVP_assignments_GNI_2_MC, Afghanistan,0,33, MMR,-0.36,-0.5,2,2,548,0,0,0,0,0,0,-1
High, UVP_assignments_GNI_2_MC, Afghanistan,0,34, OPV,-0.07,-0.78,2,2,548,0,0,0,0,0,0,-1
High, UVP_assignments_GNI_2_MC, Afghanistan,0,35, OPV,-0.03,-0.78,2,2,548,0,0,0,0,0,0,-1
High, UVP_assignments_GNI_2_MC, Afghanistan,0,36, OPV,-0.04,-0.71,2,2,548,0,0,0,0,0,0,-1
High, UVP_assignments_GNI_2_MC, Afghanistan,0,37, OPV,-0.05,-0.71,2,2,548,0,0,0,0,0,0,-1
High, UVP_assignments_GNI_2_MC, Afghanistan,0,38, OPV,-0.04,-0.71,2,2,548,0,0,0,0,0,0,-1
High, UVP_assignments_GNI_2_MC, Afghanistan,0,39, OPV,-0.01,-0.13,2,2,548,0,0,0,0,0,0,-1
High, UVP_assignments_GNI_2_MC, Afghanistan,0,40, OPV,0.02,0.21,2,2,548,0,0,0,0,0,0,-1
High, UVP_assignments_GNI_2_MC, Afghanistan,0,41, OPV,-0.05,-0.78,2,2,548,0,0,0,0,0,0,-1
High, UVP_assignments_GNI_2_MC, Afghanistan,0,42, OPV,-0.06,-0.71,2,2,548,0,0,0,0,0,0,-1
High, UVP_assignments_GNI_2_MC, Afghanistan,0,43, PCV,-1.04,-0.73,2,2,548,0,0,0,0,0,0,-1
High, UVP_assignments_GNI_2_MC, Afghanistan,0,44, PCV,-0.89,-0.6,2,2,548,0,0,0,0,0,0,-1
High, UVP_assignments_GNI_2_MC, Afghanistan,0,45, PCV,-0.89,-0.6,2,2,548,0,0,0,0,0,0,-1
High, UVP_assignments_GNI_2_MC, Afghanistan,0,46, PCV,-1.01,-0.6,2,2,548,0,0,0,0,0,0,-1
High, UVP_assignments_GNI_2_MC, Afghanistan,0,47, PCV,-0.92,-0.57,2,2,548,0,0,0,0,0,0,-1
High, UVP_assignments_GNI_2_MC, Afghanistan,0,48, PCV,-1.04,-0.73,2,2,548,0,0,0,0,0,0,-1
High, UVP_assignments_GNI_2_MC, Afghanistan,0,49, Rota,-0.32,-0.77,2,2,548,0,0,0,0,0,0,-1
High, UVP_assignments_GNI_2_MC, Afghanistan,0,50, Rota,-0.03,-0.06,2,2,548,0,0,0,0,0,0,-1
High, UVP_assignments_GNI_2_MC, Afghanistan,0,51, Rota,-0.54,-0.47,2,2,548,0,0,0,0,0,0,-1
High, UVP_assignments_GNI_2_MC, Afghanistan,0,52, Td,0.02,0.41,2,2,548,0,0,0,0,0,0,-1
High, UVP_assignments_GNI_2_MC, Afghanistan,0,53, Td,0.02,0.41,2,2,548,0,0,0,0,0,0,-1
High, UVP_assignments_GNI_2_MC, Afghanistan,0,54, Td,0,0,2,2,548,0,0,0,0,0,0,-1
High, UVP_assignments_GNI_2_MC, Afghanistan,0,55, Td,-0.04,-0.52,2,2,548,0,0,0,0,0,0,-1
High, UVP_assignments_GNI_2_MC, Afghanistan,0,56, Td,-0.03,-0.52,2,2,548,0,0,0,0,0,0,-1
High, UVP_assignments_GNI_2_MC, Afghanistan,0,57, Td,-0.02,-0.44,2,2,548,0,0,0,0,0,0,-1
High, UVP_assignments_GNI_2_MC, Afghanistan,0,58, Td,-0.02,-0.44,2,2,548,0,0,0,0,0,0,-1
High, UVP_assignments_GNI_2_MC, Afghanistan,0,59, YF,-0.38,-0.61,2,2,548,0,0,0,0,0,0,-1
High, UVP_assignments_GNI_2_MC, Afghanistan,0,60, YF,-0.29,-0.61,2,2,548,0,0,0,0,0,0,-1
High, UVP_assignments_GNI_2_MC, Afghanistan,0,61, YF,0.35,0.5,2,2,548,0,0,0,0,0,0,-1
High, UVP_assignments_GNI_2_MC, Afghanistan,0,62, YF,-0.29,-0.61,2,2,548,0,0,0,0,0,0,-1
High, UVP_assignments_GNI_2_MC, Bangladesh,0,1, BCG,0,0,1,2,2327,0,0,0,0,0,0,-1
High, UVP_assignments_GNI_2_MC, Bangladesh,0,2, BCG,0.06,0.14,1,2,2327,0,0,0,0,0,0,-1
High, UVP_assignments_GNI_2_MC, Bangladesh,0,3, BCG,0,0,1,2,2327,0,0,0,0,0,0,-1
High, UVP_assignments_GNI_2_MC, Bangladesh,0,4, BCG,-0.05,-0.08,1,2,2327,0,0,0,0,0,0,-1
High, UVP_assignments_GNI_2_MC, Bangladesh,0,5, DT,0,0,1,2,2327,0,0,0,0,0,0,-1
High, UVP_assignments_GNI_2_MC, Bangladesh,0,6, DT,0.07,0.2,1,2,2327,0,0,0,0,0,0,-1
High, UVP_assignments_GNI_2_MC, Bangladesh,0,7, DTP,0.07,0.2,1,2,2327,0,0,0,0,0,0,-1
High, UVP_assignments_GNI_2_MC, Bangladesh,0,8, DTP,0.08,0.2,1,2,2327,0,0,0,0,0,0,-1
High, UVP_assignments_GNI_2_MC, Bangladesh,0,9, DTP-HepB-Hib,0.32,0.2,1,2,2327,0,0,0,0,0,0,-1
High, UVP_assignments_GNI_2_MC, Bangladesh,0,10, DTP-HepB-Hib,0.47,0.2,1,2,2327,0,0,0,0,0,0,-1
High, UVP_assignments_GNI_2_MC, Bangladesh,0,11, DTP-HepB-Hib,0.43,0.2,1,2,2327,0,0,0,0,0,0,-1
High, UVP_assignments_GNI_2_MC, Bangladesh,0,12, DTP-HepB-Hib,0.48,0.2,1,2,2327,0,0,0,0,0,0,-1
High, UVP_assignments_GNI_2_MC, Bangladesh,0,13, DTP-HepB-Hib,0.47,0.2,1,2,2327,0,0,0,0,0,0,-1
High, UVP_assignments_GNI_2_MC, Bangladesh,0,14, DTP-HepB-Hib,0.33,0.2,1,2,2327,0,0,0,0,0,0,-1
High, UVP_assignments_GNI_2_MC, Bangladesh,0,15, DTP-HepB-Hib,0.3,0.2,1,2,2327,0,0,0,0,0,0,-1
High, UVP_assignments_GNI_2_MC, Bangladesh,0,16, DTP-HepB-Hib,0.33,0.2,1,2,2327,0,0,0,0,0,0,-1
High, UVP_assignments_GNI_2_MC, Bangladesh,0,17, HPV,1.87,0.2,1,2,2327,0,0,0,0,0,0,-1
High, UVP_assignments_GNI_2_MC, Bangladesh,0,18, HPV,-1.36,-0.15,1,2,2327,0,0,0,0,0,0,-1
High, UVP_assignments_GNI_2_MC, Bangladesh,0,19, HepB,0.2,0.2,1,2,2327,0,0,0,0,0,0,-1
High, UVP_assignments_GNI_2_MC, Bangladesh,0,20, HepB,0.24,0.2,1,2,2327,0,0,0,0,0,0,-1
High, UVP_assignments_GNI_2_MC, Bangladesh,0,21, HepB,0.1,0.2,1,2,2327,0,0,0,0,0,0,-1
High, UVP_assignments_GNI_2_MC, Bangladesh,0,22, HepB,0.1,0.2,1,2,2327,0,0,0,0,0,0,-1
High, UVP_assignments_GNI_2_MC, Bangladesh,0,23, Hib,0.87,0.2,1,2,2327,0,0,0,0,0,0,-1
High, UVP_assignments_GNI_2_MC, Bangladesh,0,24, IPV,-0.63,-0.15,1,2,2327,0,0,0,0,0,0,-1
High, UVP_assignments_GNI_2_MC, Bangladesh,0,25, IPV,1,0.2,1,2,2327,0,0,0,0,0,0,-1
High, UVP_assignments_GNI_2_MC, Bangladesh,0,26, IPV,-0.75,-0.12,1,2,2327,0,0,0,0,0,0,-1
High, UVP_assignments_GNI_2_MC, Bangladesh,0,27, IPV,-0.32,-0.09,1,2,2327,0,0,0,0,0,0,-1
High, UVP_assignments_GNI_2_MC, Bangladesh,0,28, IPV,-0.7,-0.15,1,2,2327,0,0,0,0,0,0,-1
High, UVP_assignments_GNI_2_MC, Bangladesh,0,29, IPV,-0.51,-0.09,1,2,2327,0,0,0,0,0,0,-1
High, UVP_assignments_GNI_2_MC, Bangladesh,0,30, MMR,0,0,1,2,2327,0,0,0,0,0,0,-1
High, UVP_assignments_GNI_2_MC, Bangladesh,0,31, MMR,1.82,0.2,1,2,2327,0,0,0,0,0,0,-1
High, UVP_assignments_GNI_2_MC, Bangladesh,0,32, MMR,-0.78,-0.13,1,2,2327,0,0,0,0,0,0,-1
High, UVP_assignments_GNI_2_MC, Bangladesh,0,33, MMR,-0.08,-0.03,1,2,2327,0,0,0,0,0,0,-1
High, UVP_assignments_GNI_2_MC, Bangladesh,0,34, OPV,-0.05,-0.15,1,2,2327,0,0,0,0,0,0,-1
High, UVP_assignments_GNI_2_MC, Bangladesh,0,35, OPV,-0.03,-0.15,1,2,2327,0,0,0,0,0,0,-1
High, UVP_assignments_GNI_2_MC, Bangladesh,0,36, OPV,0.05,0.2,1,2,2327,0,0,0,0,0,0,-1
High, UVP_assignments_GNI_2_MC, Bangladesh,0,37, OPV,0.06,0.2,1,2,2327,0,0,0,0,0,0,-1
High, UVP_assignments_GNI_2_MC, Bangladesh,0,38, OPV,0.05,0.2,1,2,2327,0,0,0,0,0,0,-1
High, UVP_assignments_GNI_2_MC, Bangladesh,0,39, OPV,-0.03,-0.12,1,2,2327,0,0,0,0,0,0,-1
High, UVP_assignments_GNI_2_MC, Bangladesh,0,40, OPV,-0.06,-0.14,1,2,2327,0,0,0,0,0,0,-1
High, UVP_assignments_GNI_2_MC, Bangladesh,0,41, OPV,-0.04,-0.15,1,2,2327,0,0,0,0,0,0,-1
High, UVP_assignments_GNI_2_MC, Bangladesh,0,42, OPV,0.07,0.2,1,2,2327,0,0,0,0,0,0,-1
High, UVP_assignments_GNI_2_MC, Bangladesh,0,43, PCV,-0.88,-0.15,1,2,2327,0,0,0,0,0,0,-1
High, UVP_assignments_GNI_2_MC, Bangladesh,0,44, PCV,1.24,0.2,1,2,2327,0,0,0,0,0,0,-1
High, UVP_assignments_GNI_2_MC, Bangladesh,0,45, PCV,1.24,0.2,1,2,2327,0,0,0,0,0,0,-1
High, UVP_assignments_GNI_2_MC, Bangladesh,0,46, PCV,1.4,0.2,1,2,2327,0,0,0,0,0,0,-1
High, UVP_assignments_GNI_2_MC, Bangladesh,0,47, PCV,0.99,0.14,1,2,2327,0,0,0,0,0,0,-1
High, UVP_assignments_GNI_2_MC, Bangladesh,0,48, PCV,-0.88,-0.15,1,2,2327,0,0,0,0,0,0,-1
High, UVP_assignments_GNI_2_MC, Bangladesh,0,49, Rota,-0.26,-0.15,1,2,2327,0,0,0,0,0,0,-1
High, UVP_assignments_GNI_2_MC, Bangladesh,0,50, Rota,-0.24,-0.12,1,2,2327,0,0,0,0,0,0,-1
High, UVP_assignments_GNI_2_MC, Bangladesh,0,51, Rota,0.96,0.2,1,2,2327,0,0,0,0,0,0,-1
High, UVP_assignments_GNI_2_MC, Bangladesh,0,52, Td,0.04,0.2,1,2,2327,0,0,0,0,0,0,-1
High, UVP_assignments_GNI_2_MC, Bangladesh,0,53, Td,0.04,0.2,1,2,2327,0,0,0,0,0,0,-1
High, UVP_assignments_GNI_2_MC, Bangladesh,0,54, Td,0,0,1,2,2327,0,0,0,0,0,0,-1
High, UVP_assignments_GNI_2_MC, Bangladesh,0,55, Td,0.06,0.2,1,2,2327,0,0,0,0,0,0,-1
High, UVP_assignments_GNI_2_MC, Bangladesh,0,56, Td,0.04,0.2,1,2,2327,0,0,0,0,0,0,-1
High, UVP_assignments_GNI_2_MC, Bangladesh,0,57, Td,0.04,0.2,1,2,2327,0,0,0,0,0,0,-1
High, UVP_assignments_GNI_2_MC, Bangladesh,0,58, Td,0.04,0.2,1,2,2327,0,0,0,0,0,0,-1
High, UVP_assignments_GNI_2_MC, Bangladesh,0,59, YF,0.52,0.2,1,2,2327,0,0,0,0,0,0,-1
High, UVP_assignments_GNI_2_MC, Bangladesh,0,60, YF,0.39,0.2,1,2,2327,0,0,0,0,0,0,-1
High, UVP_assignments_GNI_2_MC, Bangladesh,0,61, YF,0.59,0.2,1,2,2327,0,0,0,0,0,0,-1
High, UVP_assignments_GNI_2_MC, Bangladesh,0,62, YF,0.39,0.2,1,2,2327,0,0,0,0,0,0,-1
High, UVP_assignments_GNI_2_MC, Benin,0,1, BCG,0,0,2,2,1551,0,0,0,0,0,0,-1
High, UVP_assignments_GNI_2_MC, Benin,0,2, BCG,0.13,0.49,2,2,1551,0,0,0,0,0,0,-1
High, UVP_assignments_GNI_2_MC, Benin,0,3, BCG,0,0,2,2,1551,0,0,0,0,0,0,-1
High, UVP_assignments_GNI_2_MC, Benin,0,4, BCG,0.21,0.55,2,2,1551,0,0,0,0,0,0,-1
High, UVP_assignments_GNI_2_MC, Benin,0,5, DT,0.09,0.37,2,2,1551,0,0,0,0,0,0,-1
High, UVP_assignments_GNI_2_MC, Benin,0,6, DT,0.1,0.45,2,2,1551,0,0,0,0,0,0,-1
High, UVP_assignments_GNI_2_MC, Benin,0,7, DTP,0.1,0.43,2,2,1551,0,0,0,0,0,0,-1
High, UVP_assignments_GNI_2_MC, Benin,0,8, DTP,0.14,0.53,2,2,1551,0,0,0,0,0,0,-1
High, UVP_assignments_GNI_2_MC, Benin,0,9, DTP-HepB-Hib,0.46,0.43,2,2,1551,0,0,0,0,0,0,-1
High, UVP_assignments_GNI_2_MC, Benin,0,10, DTP-HepB-Hib,0.68,0.43,2,2,1551,0,0,0,0,0,0,-1
High, UVP_assignments_GNI_2_MC, Benin,0,11, DTP-HepB-Hib,0.62,0.43,2,2,1551,0,0,0,0,0,0,-1
High, UVP_assignments_GNI_2_MC, Benin,0,12, DTP-HepB-Hib,0.7,0.43,2,2,1551,0,0,0,0,0,0,-1
High, UVP_assignments_GNI_2_MC, Benin,0,13, DTP-HepB-Hib,0.68,0.43,2,2,1551,0,0,0,0,0,0,-1
High, UVP_assignments_GNI_2_MC, Benin,0,14, DTP-HepB-Hib,0.46,0.41,2,2,1551,0,0,0,0,0,0,-1
High, UVP_assignments_GNI_2_MC, Benin,0,15, DTP-HepB-Hib,0.44,0.43,2,2,1551,0,0,0,0,0,0,-1
High, UVP_assignments_GNI_2_MC, Benin,0,16, DTP-HepB-Hib,0.47,0.43,2,2,1551,0,0,0,0,0,0,-1
High, UVP_assignments_GNI_2_MC, Benin,0,17, HPV,5.21,0.82,2,2,1551,0,0,0,0,0,0,-1
High, UVP_assignments_GNI_2_MC, Benin,0,18, HPV,2.31,0.37,2,2,1551,0,0,0,0,0,0,-1
High, UVP_assignments_GNI_2_MC, Benin,0,19, HepB,0.29,0.43,2,2,1551,0,0,0,0,0,0,-1
High, UVP_assignments_GNI_2_MC, Benin,0,20, HepB,0.34,0.41,2,2,1551,0,0,0,0,0,0,-1
High, UVP_assignments_GNI_2_MC, Benin,0,21, HepB,0.14,0.43,2,2,1551,0,0,0,0,0,0,-1
High, UVP_assignments_GNI_2_MC, Benin,0,22, HepB,0.14,0.41,2,2,1551,0,0,0,0,0,0,-1
High, UVP_assignments_GNI_2_MC, Benin,0,23, Hib,1.28,0.43,2,2,1551,0,0,0,0,0,0,-1
High, UVP_assignments_GNI_2_MC, Benin,0,24, IPV,0,0,2,2,1551,0,0,0,0,0,0,-1
High, UVP_assignments_GNI_2_MC, Benin,0,25, IPV,1.46,0.43,2,2,1551,0,0,0,0,0,0,-1
High, UVP_assignments_GNI_2_MC, Benin,0,26, IPV,2.61,0.61,2,2,1551,0,0,0,0,0,0,-1
High, UVP_assignments_GNI_2_MC, Benin,0,27, IPV,1.28,0.53,2,2,1551,0,0,0,0,0,0,-1
High, UVP_assignments_GNI_2_MC, Benin,0,28, IPV,0,0,2,2,1551,0,0,0,0,0,0,-1
High, UVP_assignments_GNI_2_MC, Benin,0,29, IPV,2.05,0.53,2,2,1551,0,0,0,0,0,0,-1
High, UVP_assignments_GNI_2_MC, Benin,0,30, MMR,0.72,0.37,2,2,1551,0,0,0,0,0,0,-1
High, UVP_assignments_GNI_2_MC, Benin,0,31, MMR,2.8,0.45,2,2,1551,0,0,0,0,0,0,-1
High, UVP_assignments_GNI_2_MC, Benin,0,32, MMR,2.55,0.63,2,2,1551,0,0,0,0,0,0,-1
High, UVP_assignments_GNI_2_MC, Benin,0,33, MMR,0.96,0.47,2,2,1551,0,0,0,0,0,0,-1
High, UVP_assignments_GNI_2_MC, Benin,0,34, OPV,0.09,0.37,2,2,1551,0,0,0,0,0,0,-1
High, UVP_assignments_GNI_2_MC, Benin,0,35, OPV,0.05,0.37,2,2,1551,0,0,0,0,0,0,-1
High, UVP_assignments_GNI_2_MC, Benin,0,36, OPV,0.07,0.4,2,2,1551,0,0,0,0,0,0,-1
High, UVP_assignments_GNI_2_MC, Benin,0,37, OPV,0.08,0.4,2,2,1551,0,0,0,0,0,0,-1
High, UVP_assignments_GNI_2_MC, Benin,0,38, OPV,0.07,0.4,2,2,1551,0,0,0,0,0,0,-1
High, UVP_assignments_GNI_2_MC, Benin,0,39, OPV,0.11,0.6,2,2,1551,0,0,0,0,0,0,-1
High, UVP_assignments_GNI_2_MC, Benin,0,40, OPV,0.19,0.72,2,2,1551,0,0,0,0,0,0,-1
High, UVP_assignments_GNI_2_MC, Benin,0,41, OPV,0.07,0.37,2,2,1551,0,0,0,0,0,0,-1
High, UVP_assignments_GNI_2_MC, Benin,0,42, OPV,0.09,0.4,2,2,1551,0,0,0,0,0,0,-1
High, UVP_assignments_GNI_2_MC, Benin,0,43, PCV,1.55,0.39,2,2,1551,0,0,0,0,0,0,-1
High, UVP_assignments_GNI_2_MC, Benin,0,44, PCV,1.83,0.44,2,2,1551,0,0,0,0,0,0,-1
High, UVP_assignments_GNI_2_MC, Benin,0,45, PCV,1.83,0.44,2,2,1551,0,0,0,0,0,0,-1
High, UVP_assignments_GNI_2_MC, Benin,0,46, PCV,2.07,0.44,2,2,1551,0,0,0,0,0,0,-1
High, UVP_assignments_GNI_2_MC, Benin,0,47, PCV,2.02,0.44,2,2,1551,0,0,0,0,0,0,-1
High, UVP_assignments_GNI_2_MC, Benin,0,48, PCV,1.55,0.39,2,2,1551,0,0,0,0,0,0,-1
High, UVP_assignments_GNI_2_MC, Benin,0,49, Rota,0.44,0.37,2,2,1551,0,0,0,0,0,0,-1
High, UVP_assignments_GNI_2_MC, Benin,0,50, Rota,0.82,0.62,2,2,1551,0,0,0,0,0,0,-1
High, UVP_assignments_GNI_2_MC, Benin,0,51, Rota,1.55,0.48,2,2,1551,0,0,0,0,0,0,-1
High, UVP_assignments_GNI_2_MC, Benin,0,52, Td,0.12,0.79,2,2,1551,0,0,0,0,0,0,-1
High, UVP_assignments_GNI_2_MC, Benin,0,53, Td,0.12,0.79,2,2,1551,0,0,0,0,0,0,-1
High, UVP_assignments_GNI_2_MC, Benin,0,54, Td,0,0,2,2,1551,0,0,0,0,0,0,-1
High, UVP_assignments_GNI_2_MC, Benin,0,55, Td,0.09,0.46,2,2,1551,0,0,0,0,0,0,-1
High, UVP_assignments_GNI_2_MC, Benin,0,56, Td,0.06,0.46,2,2,1551,0,0,0,0,0,0,-1
High, UVP_assignments_GNI_2_MC, Benin,0,57, Td,0.07,0.49,2,2,1551,0,0,0,0,0,0,-1
High, UVP_assignments_GNI_2_MC, Benin,0,58, Td,0.06,0.49,2,2,1551,0,0,0,0,0,0,-1
High, UVP_assignments_GNI_2_MC, Benin,0,59, YF,0.76,0.43,2,2,1551,0,0,0,0,0,0,-1
High, UVP_assignments_GNI_2_MC, Benin,0,60, YF,0.58,0.43,2,2,1551,0,0,0,0,0,0,-1
High, UVP_assignments_GNI_2_MC, Benin,0,61, YF,1.63,0.82,2,2,1551,0,0,0,0,0,0,-1
High, UVP_assignments_GNI_2_MC, Benin,0,62, YF,0.58,0.43,2,2,1551,0,0,0,0,0,0,-1
High, UVP_assignments_GNI_2_MC, 'Burkina Faso',0,1, BCG,0,0,2,2,988,0,0,0,0,0,0,-1
High, UVP_assignments_GNI_2_MC, 'Burkina Faso',0,2, BCG,0.03,0.2,2,2,988,0,0,0,0,0,0,-1
High, UVP_assignments_GNI_2_MC, 'Burkina Faso',0,3, BCG,0,0,2,2,988,0,0,0,0,0,0,-1
High, UVP_assignments_GNI_2_MC, 'Burkina Faso',0,4, BCG,0.07,0.3,2,2,988,0,0,0,0,0,0,-1
High, UVP_assignments_GNI_2_MC, 'Burkina Faso',0,5, DT,0,0.01,2,2,988,0,0,0,0,0,0,-1
High, UVP_assignments_GNI_2_MC, 'Burkina Faso',0,6, DT,0.02,0.13,2,2,988,0,0,0,0,0,0,-1
High, UVP_assignments_GNI_2_MC, 'Burkina Faso',0,7, DTP,0.02,0.1,2,2,988,0,0,0,0,0,0,-1
High, UVP_assignments_GNI_2_MC, 'Burkina Faso',0,8, DTP,0.04,0.26,2,2,988,0,0,0,0,0,0,-1
High, UVP_assignments_GNI_2_MC, 'Burkina Faso',0,9, DTP-HepB-Hib,0.07,0.1,2,2,988,0,0,0,0,0,0,-1
High, UVP_assignments_GNI_2_MC, 'Burkina Faso',0,10, DTP-HepB-Hib,0.11,0.11,2,2,988,0,0,0,0,0,0,-1
High, UVP_assignments_GNI_2_MC, 'Burkina Faso',0,11, DTP-HepB-Hib,0.1,0.11,2,2,988,0,0,0,0,0,0,-1
High, UVP_assignments_GNI_2_MC, 'Burkina Faso',0,12, DTP-HepB-Hib,0.11,0.1,2,2,988,0,0,0,0,0,0,-1
High, UVP_assignments_GNI_2_MC, 'Burkina Faso',0,13, DTP-HepB-Hib,0.1,0.1,2,2,988,0,0,0,0,0,0,-1
High, UVP_assignments_GNI_2_MC, 'Burkina Faso',0,14, DTP-HepB-Hib,0.05,0.07,2,2,988,0,0,0,0,0,0,-1
High, UVP_assignments_GNI_2_MC, 'Burkina Faso',0,15, DTP-HepB-Hib,0.07,0.1,2,2,988,0,0,0,0,0,0,-1
High, UVP_assignments_GNI_2_MC, 'Burkina Faso',0,16, DTP-HepB-Hib,0.07,0.1,2,2,988,0,0,0,0,0,0,-1
High, UVP_assignments_GNI_2_MC, 'Burkina Faso',0,17, HPV,2.91,0.72,2,2,988,0,0,0,0,0,0,-1
High, UVP_assignments_GNI_2_MC, 'Burkina Faso',0,18, HPV,0.06,0.02,2,2,988,0,0,0,0,0,0,-1
High, UVP_assignments_GNI_2_MC, 'Burkina Faso',0,19, HepB,0.04,0.1,2,2,988,0,0,0,0,0,0,-1
High, UVP_assignments_GNI_2_MC, 'Burkina Faso',0,20, HepB,0.04,0.07,2,2,988,0,0,0,0,0,0,-1
High, UVP_assignments_GNI_2_MC, 'Burkina Faso',0,21, HepB,0.02,0.1,2,2,988,0,0,0,0,0,0,-1
High, UVP_assignments_GNI_2_MC, 'Burkina Faso',0,22, HepB,0.02,0.07,2,2,988,0,0,0,0,0,0,-1
High, UVP_assignments_GNI_2_MC, 'Burkina Faso',0,23, Hib,0.2,0.11,2,2,988,0,0,0,0,0,0,-1
High, UVP_assignments_GNI_2_MC, 'Burkina Faso',0,24, IPV,0,0,2,2,988,0,0,0,0,0,0,-1
High, UVP_assignments_GNI_2_MC, 'Burkina Faso',0,25, IPV,0.23,0.11,2,2,988,0,0,0,0,0,0,-1
High, UVP_assignments_GNI_2_MC, 'Burkina Faso',0,26, IPV,1.06,0.39,2,2,988,0,0,0,0,0,0,-1
High, UVP_assignments_GNI_2_MC, 'Burkina Faso',0,27, IPV,0.41,0.26,2,2,988,0,0,0,0,0,0,-1
High, UVP_assignments_GNI_2_MC, 'Burkina Faso',0,28, IPV,0,0,2,2,988,0,0,0,0,0,0,-1
High, UVP_assignments_GNI_2_MC, 'Burkina Faso',0,29, IPV,0.65,0.26,2,2,988,0,0,0,0,0,0,-1
High, UVP_assignments_GNI_2_MC, 'Burkina Faso',0,30, MMR,0.02,0.01,2,2,988,0,0,0,0,0,0,-1
High, UVP_assignments_GNI_2_MC, 'Burkina Faso',0,31, MMR,0.56,0.14,2,2,988,0,0,0,0,0,0,-1
High, UVP_assignments_GNI_2_MC, 'Burkina Faso',0,32, MMR,1.07,0.41,2,2,988,0,0,0,0,0,0,-1
High, UVP_assignments_GNI_2_MC, 'Burkina Faso',0,33, MMR,0.22,0.17,2,2,988,0,0,0,0,0,0,-1
High, UVP_assignments_GNI_2_MC, 'Burkina Faso',0,34, OPV,0,0.02,2,2,988,0,0,0,0,0,0,-1
High, UVP_assignments_GNI_2_MC, 'Burkina Faso',0,35, OPV,0,0.02,2,2,988,0,0,0,0,0,0,-1
High, UVP_assignments_GNI_2_MC, 'Burkina Faso',0,36, OPV,0.01,0.05,2,2,988,0,0,0,0,0,0,-1
High, UVP_assignments_GNI_2_MC, 'Burkina Faso',0,37, OPV,0.01,0.05,2,2,988,0,0,0,0,0,0,-1
High, UVP_assignments_GNI_2_MC, 'Burkina Faso',0,38, OPV,0.01,0.05,2,2,988,0,0,0,0,0,0,-1
High, UVP_assignments_GNI_2_MC, 'Burkina Faso',0,39, OPV,0.04,0.37,2,2,988,0,0,0,0,0,0,-1
High, UVP_assignments_GNI_2_MC, 'Burkina Faso',0,40, OPV,0.09,0.56,2,2,988,0,0,0,0,0,0,-1
High, UVP_assignments_GNI_2_MC, 'Burkina Faso',0,41, OPV,0,0.02,2,2,988,0,0,0,0,0,0,-1
High, UVP_assignments_GNI_2_MC, 'Burkina Faso',0,42, OPV,0.01,0.05,2,2,988,0,0,0,0,0,0,-1
High, UVP_assignments_GNI_2_MC, 'Burkina Faso',0,43, PCV,0.1,0.04,2,2,988,0,0,0,0,0,0,-1
High, UVP_assignments_GNI_2_MC, 'Burkina Faso',0,44, PCV,0.3,0.11,2,2,988,0,0,0,0,0,0,-1
High, UVP_assignments_GNI_2_MC, 'Burkina Faso',0,45, PCV,0.3,0.11,2,2,988,0,0,0,0,0,0,-1
High, UVP_assignments_GNI_2_MC, 'Burkina Faso',0,46, PCV,0.34,0.11,2,2,988,0,0,0,0,0,0,-1
High, UVP_assignments_GNI_2_MC, 'Burkina Faso',0,47, PCV,0.37,0.13,2,2,988,0,0,0,0,0,0,-1
High, UVP_assignments_GNI_2_MC, 'Burkina Faso',0,48, PCV,0.1,0.04,2,2,988,0,0,0,0,0,0,-1
High, UVP_assignments_GNI_2_MC, 'Burkina Faso',0,49, Rota,0.01,0.02,2,2,988,0,0,0,0,0,0,-1
High, UVP_assignments_GNI_2_MC, 'Burkina Faso',0,50, Rota,0.34,0.41,2,2,988,0,0,0,0,0,0,-1
High, UVP_assignments_GNI_2_MC, 'Burkina Faso',0,51, Rota,0.38,0.18,2,2,988,0,0,0,0,0,0,-1
High, UVP_assignments_GNI_2_MC, 'Burkina Faso',0,52, Td,0.06,0.67,2,2,988,0,0,0,0,0,0,-1
High, UVP_assignments_GNI_2_MC, 'Burkina Faso',0,53, Td,0.06,0.67,2,2,988,0,0,0,0,0,0,-1
High, UVP_assignments_GNI_2_MC, 'Burkina Faso',0,54, Td,0,0,2,2,988,0,0,0,0,0,0,-1
High, UVP_assignments_GNI_2_MC, 'Burkina Faso',0,55, Td,0.02,0.16,2,2,988,0,0,0,0,0,0,-1
High, UVP_assignments_GNI_2_MC, 'Burkina Faso',0,56, Td,0.01,0.16,2,2,988,0,0,0,0,0,0,-1
High, UVP_assignments_GNI_2_MC, 'Burkina Faso',0,57, Td,0.02,0.2,2,2,988,0,0,0,0,0,0,-1
High, UVP_assignments_GNI_2_MC, 'Burkina Faso',0,58, Td,0.02,0.2,2,2,988,0,0,0,0,0,0,-1
High, UVP_assignments_GNI_2_MC, 'Burkina Faso',0,59, YF,0.12,0.11,2,2,988,0,0,0,0,0,0,-1
High, UVP_assignments_GNI_2_MC, 'Burkina Faso',0,60, YF,0.09,0.11,2,2,988,0,0,0,0,0,0,-1
High, UVP_assignments_GNI_2_MC, 'Burkina Faso',0,61, YF,0.91,0.72,2,2,988,0,0,0,0,0,0,-1
High, UVP_assignments_GNI_2_MC, 'Burkina Faso',0,62, YF,0.09,0.11,2,2,988,0,0,0,0,0,0,-1
High, UVP_assignments_GNI_2_MC, Burundi,0,1, BCG,0,0,2,2,270,0,0,0,0,0,0,-1
High, UVP_assignments_GNI_2_MC, Burundi,0,2, BCG,-0.09,-1.92,2,2,270,0,0,0,0,0,0,-1
High, UVP_assignments_GNI_2_MC, Burundi,0,3, BCG,0,0,2,2,270,0,0,0,0,0,0,-1
High, UVP_assignments_GNI_2_MC, Burundi,0,4, BCG,-0.11,-1.58,2,2,270,0,0,0,0,0,0,-1
High, UVP_assignments_GNI_2_MC, Burundi,0,5, DT,-0.11,-2.61,2,2,270,0,0,0,0,0,0,-1
High, UVP_assignments_GNI_2_MC, Burundi,0,6, DT,-0.09,-2.19,2,2,270,0,0,0,0,0,0,-1
High, UVP_assignments_GNI_2_MC, Burundi,0,7, DTP,-0.09,-2.29,2,2,270,0,0,0,0,0,0,-1
High, UVP_assignments_GNI_2_MC, Burundi,0,8, DTP,-0.08,-1.71,2,2,270,0,0,0,0,0,0,-1
High, UVP_assignments_GNI_2_MC, Burundi,0,9, DTP-HepB-Hib,-0.43,-2.29,2,2,270,0,0,0,0,0,0,-1
High, UVP_assignments_GNI_2_MC, Burundi,0,10, DTP-HepB-Hib,-0.63,-2.27,2,2,270,0,0,0,0,0,0,-1
High, UVP_assignments_GNI_2_MC, Burundi,0,11, DTP-HepB-Hib,-0.57,-2.27,2,2,270,0,0,0,0,0,0,-1
High, UVP_assignments_GNI_2_MC, Burundi,0,12, DTP-HepB-Hib,-0.65,-2.29,2,2,270,0,0,0,0,0,0,-1
High, UVP_assignments_GNI_2_MC, Burundi,0,13, DTP-HepB-Hib,-0.63,-2.29,2,2,270,0,0,0,0,0,0,-1
High, UVP_assignments_GNI_2_MC, Burundi,0,14, DTP-HepB-Hib,-0.47,-2.41,2,2,270,0,0,0,0,0,0,-1
High, UVP_assignments_GNI_2_MC, Burundi,0,15, DTP-HepB-Hib,-0.41,-2.29,2,2,270,0,0,0,0,0,0,-1
High, UVP_assignments_GNI_2_MC, Burundi,0,16, DTP-HepB-Hib,-0.44,-2.29,2,2,270,0,0,0,0,0,0,-1
High, UVP_assignments_GNI_2_MC, Burundi,0,17, HPV,-0.03,-0.03,2,2,270,0,0,0,0,0,0,-1
High, UVP_assignments_GNI_2_MC, Burundi,0,18, HPV,-2.81,-2.61,2,2,270,0,0,0,0,0,0,-1
High, UVP_assignments_GNI_2_MC, Burundi,0,19, HepB,-0.27,-2.29,2,2,270,0,0,0,0,0,0,-1
High, UVP_assignments_GNI_2_MC, Burundi,0,20, HepB,-0.35,-2.41,2,2,270,0,0,0,0,0,0,-1
High, UVP_assignments_GNI_2_MC, Burundi,0,21, HepB,-0.13,-2.29,2,2,270,0,0,0,0,0,0,-1
High, UVP_assignments_GNI_2_MC, Burundi,0,22, HepB,-0.14,-2.41,2,2,270,0,0,0,0,0,0,-1
High, UVP_assignments_GNI_2_MC, Burundi,0,23, Hib,-1.17,-2.27,2,2,270,0,0,0,0,0,0,-1
High, UVP_assignments_GNI_2_MC, Burundi,0,24, IPV,0,0,2,2,270,0,0,0,0,0,0,-1
High, UVP_assignments_GNI_2_MC, Burundi,0,25, IPV,-1.33,-2.27,2,2,270,0,0,0,0,0,0,-1
High, UVP_assignments_GNI_2_MC, Burundi,0,26, IPV,-0.92,-1.24,2,2,270,0,0,0,0,0,0,-1
High, UVP_assignments_GNI_2_MC, Burundi,0,27, IPV,-0.71,-1.69,2,2,270,0,0,0,0,0,0,-1
High, UVP_assignments_GNI_2_MC, Burundi,0,28, IPV,0,0,2,2,270,0,0,0,0,0,0,-1
High, UVP_assignments_GNI_2_MC, Burundi,0,29, IPV,-1.14,-1.69,2,2,270,0,0,0,0,0,0,-1
High, UVP_assignments_GNI_2_MC, Burundi,0,30, MMR,-0.88,-2.61,2,2,270,0,0,0,0,0,0,-1
High, UVP_assignments_GNI_2_MC, Burundi,0,31, MMR,-2.29,-2.14,2,2,270,0,0,0,0,0,0,-1
High, UVP_assignments_GNI_2_MC, Burundi,0,32, MMR,-0.81,-1.15,2,2,270,0,0,0,0,0,0,-1
High, UVP_assignments_GNI_2_MC, Burundi,0,33, MMR,-0.72,-2.04,2,2,270,0,0,0,0,0,0,-1
High, UVP_assignments_GNI_2_MC, Burundi,0,34, OPV,-0.11,-2.61,2,2,270,0,0,0,0,0,0,-1
High, UVP_assignments_GNI_2_MC, Burundi,0,35, OPV,-0.06,-2.61,2,2,270,0,0,0,0,0,0,-1
High, UVP_assignments_GNI_2_MC, Burundi,0,36, OPV,-0.08,-2.47,2,2,270,0,0,0,0,0,0,-1
High, UVP_assignments_GNI_2_MC, Burundi,0,37, OPV,-0.08,-2.48,2,2,270,0,0,0,0,0,0,-1
High, UVP_assignments_GNI_2_MC, Burundi,0,38, OPV,-0.07,-2.48,2,2,270,0,0,0,0,0,0,-1
High, UVP_assignments_GNI_2_MC, Burundi,0,39, OPV,-0.04,-1.29,2,2,270,0,0,0,0,0,0,-1
High, UVP_assignments_GNI_2_MC, Burundi,0,40, OPV,-0.03,-0.61,2,2,270,0,0,0,0,0,0,-1
High, UVP_assignments_GNI_2_MC, Burundi,0,41, OPV,-0.09,-2.61,2,2,270,0,0,0,0,0,0,-1
High, UVP_assignments_GNI_2_MC, Burundi,0,42, OPV,-0.1,-2.48,2,2,270,0,0,0,0,0,0,-1
High, UVP_assignments_GNI_2_MC, Burundi,0,43, PCV,-1.75,-2.52,2,2,270,0,0,0,0,0,0,-1
High, UVP_assignments_GNI_2_MC, Burundi,0,44, PCV,-1.64,-2.25,2,2,270,0,0,0,0,0,0,-1
High, UVP_assignments_GNI_2_MC, Burundi,0,45, PCV,-1.64,-2.25,2,2,270,0,0,0,0,0,0,-1
High, UVP_assignments_GNI_2_MC, Burundi,0,46, PCV,-1.86,-2.25,2,2,270,0,0,0,0,0,0,-1
High, UVP_assignments_GNI_2_MC, Burundi,0,47, PCV,-1.74,-2.2,2,2,270,0,0,0,0,0,0,-1
High, UVP_assignments_GNI_2_MC, Burundi,0,48, PCV,-1.75,-2.52,2,2,270,0,0,0,0,0,0,-1
High, UVP_assignments_GNI_2_MC, Burundi,0,49, Rota,-0.53,-2.6,2,2,270,0,0,0,0,0,0,-1
High, UVP_assignments_GNI_2_MC, Burundi,0,50, Rota,-0.27,-1.16,2,2,270,0,0,0,0,0,0,-1
High, UVP_assignments_GNI_2_MC, Burundi,0,51, Rota,-1.12,-2,2,2,270,0,0,0,0,0,0,-1
High, UVP_assignments_GNI_2_MC, Burundi,0,52, Td,-0.01,-0.21,2,2,270,0,0,0,0,0,0,-1
High, UVP_assignments_GNI_2_MC, Burundi,0,53, Td,-0.01,-0.21,2,2,270,0,0,0,0,0,0,-1
High, UVP_assignments_GNI_2_MC, Burundi,0,54, Td,0,0,2,2,270,0,0,0,0,0,0,-1
High, UVP_assignments_GNI_2_MC, Burundi,0,55, Td,-0.07,-2.09,2,2,270,0,0,0,0,0,0,-1
High, UVP_assignments_GNI_2_MC, Burundi,0,56, Td,-0.05,-2.09,2,2,270,0,0,0,0,0,0,-1
High, UVP_assignments_GNI_2_MC, Burundi,0,57, Td,-0.05,-1.93,2,2,270,0,0,0,0,0,0,-1
High, UVP_assignments_GNI_2_MC, Burundi,0,58, Td,-0.04,-1.93,2,2,270,0,0,0,0,0,0,-1
High, UVP_assignments_GNI_2_MC, Burundi,0,59, YF,-0.7,-2.27,2,2,270,0,0,0,0,0,0,-1
High, UVP_assignments_GNI_2_MC, Burundi,0,60, YF,-0.53,-2.27,2,2,270,0,0,0,0,0,0,-1
High, UVP_assignments_GNI_2_MC, Burundi,0,61, YF,-0.01,-0.03,2,2,270,0,0,0,0,0,0,-1
High, UVP_assignments_GNI_2_MC, Burundi,0,62, YF,-0.53,-2.27,2,2,270,0,0,0,0,0,0,-1
High, UVP_assignments_GNI_2_MC, CAR,0,1, BCG,0,0,2,2,557,0,0,0,0,0,0,-1
High, UVP_assignments_GNI_2_MC, CAR,0,2, BCG,-0.04,-0.41,2,2,557,0,0,0,0,0,0,-1
High, UVP_assignments_GNI_2_MC, CAR,0,3, BCG,0,0,2,2,557,0,0,0,0,0,0,-1
High, UVP_assignments_GNI_2_MC, CAR,0,4, BCG,-0.03,-0.25,2,2,557,0,0,0,0,0,0,-1
High, UVP_assignments_GNI_2_MC, CAR,0,5, DT,-0.06,-0.75,2,2,557,0,0,0,0,0,0,-1
High, UVP_assignments_GNI_2_MC, CAR,0,6, DT,-0.05,-0.54,2,2,557,0,0,0,0,0,0,-1
High, UVP_assignments_GNI_2_MC, CAR,0,7, DTP,-0.05,-0.59,2,2,557,0,0,0,0,0,0,-1
High, UVP_assignments_GNI_2_MC, CAR,0,8, DTP,-0.03,-0.31,2,2,557,0,0,0,0,0,0,-1
High, UVP_assignments_GNI_2_MC, CAR,0,9, DTP-HepB-Hib,-0.23,-0.59,2,2,557,0,0,0,0,0,0,-1
High, UVP_assignments_GNI_2_MC, CAR,0,10, DTP-HepB-Hib,-0.33,-0.58,2,2,557,0,0,0,0,0,0,-1
High, UVP_assignments_GNI_2_MC, CAR,0,11, DTP-HepB-Hib,-0.3,-0.58,2,2,557,0,0,0,0,0,0,-1
High, UVP_assignments_GNI_2_MC, CAR,0,12, DTP-HepB-Hib,-0.35,-0.59,2,2,557,0,0,0,0,0,0,-1
High, UVP_assignments_GNI_2_MC, CAR,0,13, DTP-HepB-Hib,-0.34,-0.59,2,2,557,0,0,0,0,0,0,-1
High, UVP_assignments_GNI_2_MC, CAR,0,14, DTP-HepB-Hib,-0.26,-0.65,2,2,557,0,0,0,0,0,0,-1
High, UVP_assignments_GNI_2_MC, CAR,0,15, DTP-HepB-Hib,-0.22,-0.59,2,2,557,0,0,0,0,0,0,-1
High, UVP_assignments_GNI_2_MC, CAR,0,16, DTP-HepB-Hib,-0.23,-0.59,2,2,557,0,0,0,0,0,0,-1
High, UVP_assignments_GNI_2_MC, CAR,0,17, HPV,1.15,0.5,2,2,557,0,0,0,0,0,0,-1
High, UVP_assignments_GNI_2_MC, CAR,0,18, HPV,-1.66,-0.75,2,2,557,0,0,0,0,0,0,-1
High, UVP_assignments_GNI_2_MC, CAR,0,19, HepB,-0.14,-0.59,2,2,557,0,0,0,0,0,0,-1
High, UVP_assignments_GNI_2_MC, CAR,0,20, HepB,-0.19,-0.65,2,2,557,0,0,0,0,0,0,-1
High, UVP_assignments_GNI_2_MC, CAR,0,21, HepB,-0.07,-0.59,2,2,557,0,0,0,0,0,0,-1
High, UVP_assignments_GNI_2_MC, CAR,0,22, HepB,-0.08,-0.65,2,2,557,0,0,0,0,0,0,-1
High, UVP_assignments_GNI_2_MC, CAR,0,23, Hib,-0.62,-0.58,2,2,557,0,0,0,0,0,0,-1
High, UVP_assignments_GNI_2_MC, CAR,0,24, IPV,0,0,2,2,557,0,0,0,0,0,0,-1
High, UVP_assignments_GNI_2_MC, CAR,0,25, IPV,-0.71,-0.58,2,2,557,0,0,0,0,0,0,-1
High, UVP_assignments_GNI_2_MC, CAR,0,26, IPV,-0.13,-0.08,2,2,557,0,0,0,0,0,0,-1
High, UVP_assignments_GNI_2_MC, CAR,0,27, IPV,-0.26,-0.3,2,2,557,0,0,0,0,0,0,-1
High, UVP_assignments_GNI_2_MC, CAR,0,28, IPV,0,0,2,2,557,0,0,0,0,0,0,-1
High, UVP_assignments_GNI_2_MC, CAR,0,29, IPV,-0.42,-0.3,2,2,557,0,0,0,0,0,0,-1
High, UVP_assignments_GNI_2_MC, CAR,0,30, MMR,-0.52,-0.75,2,2,557,0,0,0,0,0,0,-1
High, UVP_assignments_GNI_2_MC, CAR,0,31, MMR,-1.15,-0.52,2,2,557,0,0,0,0,0,0,-1
High, UVP_assignments_GNI_2_MC, CAR,0,32, MMR,-0.06,-0.04,2,2,557,0,0,0,0,0,0,-1
High, UVP_assignments_GNI_2_MC, CAR,0,33, MMR,-0.34,-0.47,2,2,557,0,0,0,0,0,0,-1
High, UVP_assignments_GNI_2_MC, CAR,0,34, OPV,-0.07,-0.75,2,2,557,0,0,0,0,0,0,-1
High, UVP_assignments_GNI_2_MC, CAR,0,35, OPV,-0.03,-0.75,2,2,557,0,0,0,0,0,0,-1
High, UVP_assignments_GNI_2_MC, CAR,0,36, OPV,-0.04,-0.68,2,2,557,0,0,0,0,0,0,-1
High, UVP_assignments_GNI_2_MC, CAR,0,37, OPV,-0.05,-0.68,2,2,557,0,0,0,0,0,0,-1
High, UVP_assignments_GNI_2_MC, CAR,0,38, OPV,-0.04,-0.68,2,2,557,0,0,0,0,0,0,-1
High, UVP_assignments_GNI_2_MC, CAR,0,39, OPV,-0.01,-0.11,2,2,557,0,0,0,0,0,0,-1
High, UVP_assignments_GNI_2_MC, CAR,0,40, OPV,0.02,0.22,2,2,557,0,0,0,0,0,0,-1
High, UVP_assignments_GNI_2_MC, CAR,0,41, OPV,-0.05,-0.75,2,2,557,0,0,0,0,0,0,-1
High, UVP_assignments_GNI_2_MC, CAR,0,42, OPV,-0.06,-0.68,2,2,557,0,0,0,0,0,0,-1
High, UVP_assignments_GNI_2_MC, CAR,0,43, PCV,-1.01,-0.7,2,2,557,0,0,0,0,0,0,-1
High, UVP_assignments_GNI_2_MC, CAR,0,44, PCV,-0.86,-0.57,2,2,557,0,0,0,0,0,0,-1
High, UVP_assignments_GNI_2_MC, CAR,0,45, PCV,-0.86,-0.57,2,2,557,0,0,0,0,0,0,-1
High, UVP_assignments_GNI_2_MC, CAR,0,46, PCV,-0.98,-0.57,2,2,557,0,0,0,0,0,0,-1
High, UVP_assignments_GNI_2_MC, CAR,0,47, PCV,-0.9,-0.55,2,2,557,0,0,0,0,0,0,-1
High, UVP_assignments_GNI_2_MC, CAR,0,48, PCV,-1.01,-0.7,2,2,557,0,0,0,0,0,0,-1
High, UVP_assignments_GNI_2_MC, CAR,0,49, Rota,-0.31,-0.74,2,2,557,0,0,0,0,0,0,-1
High, UVP_assignments_GNI_2_MC, CAR,0,50, Rota,-0.02,-0.05,2,2,557,0,0,0,0,0,0,-1
High, UVP_assignments_GNI_2_MC, CAR,0,51, Rota,-0.52,-0.45,2,2,557,0,0,0,0,0,0,-1
High, UVP_assignments_GNI_2_MC, CAR,0,52, Td,0.02,0.42,2,2,557,0,0,0,0,0,0,-1
High, UVP_assignments_GNI_2_MC, CAR,0,53, Td,0.02,0.42,2,2,557,0,0,0,0,0,0,-1
High, UVP_assignments_GNI_2_MC, CAR,0,54, Td,0,0,2,2,557,0,0,0,0,0,0,-1
High, UVP_assignments_GNI_2_MC, CAR,0,55, Td,-0.03,-0.49,2,2,557,0,0,0,0,0,0,-1
High, UVP_assignments_GNI_2_MC, CAR,0,56, Td,-0.02,-0.49,2,2,557,0,0,0,0,0,0,-1
High, UVP_assignments_GNI_2_MC, CAR,0,57, Td,-0.02,-0.42,2,2,557,0,0,0,0,0,0,-1
High, UVP_assignments_GNI_2_MC, CAR,0,58, Td,-0.02,-0.42,2,2,557,0,0,0,0,0,0,-1
High, UVP_assignments_GNI_2_MC, CAR,0,59, YF,-0.37,-0.58,2,2,557,0,0,0,0,0,0,-1
High, UVP_assignments_GNI_2_MC, CAR,0,60, YF,-0.28,-0.58,2,2,557,0,0,0,0,0,0,-1
High, UVP_assignments_GNI_2_MC, CAR,0,61, YF,0.36,0.5,2,2,557,0,0,0,0,0,0,-1
High, UVP_assignments_GNI_2_MC, CAR,0,62, YF,-0.28,-0.58,2,2,557,0,0,0,0,0,0,-1
High, UVP_assignments_GNI_2_MC, Cambodia,0,1, BCG,0,0,2,2,1750,0,0,0,0,0,0,-1
High, UVP_assignments_GNI_2_MC, Cambodia,0,2, BCG,0.16,0.55,2,2,1750,0,0,0,0,0,0,-1
High, UVP_assignments_GNI_2_MC, Cambodia,0,3, BCG,0,0,2,2,1750,0,0,0,0,0,0,-1
High, UVP_assignments_GNI_2_MC, Cambodia,0,4, BCG,0.26,0.6,2,2,1750,0,0,0,0,0,0,-1
High, UVP_assignments_GNI_2_MC, Cambodia,0,5, DT,0.12,0.44,2,2,1750,0,0,0,0,0,0,-1
High, UVP_assignments_GNI_2_MC, Cambodia,0,6, DT,0.13,0.51,2,2,1750,0,0,0,0,0,0,-1
High, UVP_assignments_GNI_2_MC, Cambodia,0,7, DTP,0.13,0.49,2,2,1750,0,0,0,0,0,0,-1
High, UVP_assignments_GNI_2_MC, Cambodia,0,8, DTP,0.17,0.58,2,2,1750,0,0,0,0,0,0,-1
High, UVP_assignments_GNI_2_MC, Cambodia,0,9, DTP-HepB-Hib,0.6,0.49,2,2,1750,0,0,0,0,0,0,-1
High, UVP_assignments_GNI_2_MC, Cambodia,0,10, DTP-HepB-Hib,0.89,0.5,2,2,1750,0,0,0,0,0,0,-1
High, UVP_assignments_GNI_2_MC, Cambodia,0,11, DTP-HepB-Hib,0.81,0.5,2,2,1750,0,0,0,0,0,0,-1
High, UVP_assignments_GNI_2_MC, Cambodia,0,12, DTP-HepB-Hib,0.91,0.49,2,2,1750,0,0,0,0,0,0,-1
High, UVP_assignments_GNI_2_MC, Cambodia,0,13, DTP-HepB-Hib,0.88,0.49,2,2,1750,0,0,0,0,0,0,-1
High, UVP_assignments_GNI_2_MC, Cambodia,0,14, DTP-HepB-Hib,0.6,0.48,2,2,1750,0,0,0,0,0,0,-1
High, UVP_assignments_GNI_2_MC, Cambodia,0,15, DTP-HepB-Hib,0.58,0.49,2,2,1750,0,0,0,0,0,0,-1
High, UVP_assignments_GNI_2_MC, Cambodia,0,16, DTP-HepB-Hib,0.61,0.49,2,2,1750,0,0,0,0,0,0,-1
High, UVP_assignments_GNI_2_MC, Cambodia,0,17, HPV,6.02,0.84,2,2,1750,0,0,0,0,0,0,-1
High, UVP_assignments_GNI_2_MC, Cambodia,0,18, HPV,3.11,0.44,2,2,1750,0,0,0,0,0,0,-1
High, UVP_assignments_GNI_2_MC, Cambodia,0,19, HepB,0.38,0.49,2,2,1750,0,0,0,0,0,0,-1
High, UVP_assignments_GNI_2_MC, Cambodia,0,20, HepB,0.44,0.48,2,2,1750,0,0,0,0,0,0,-1
High, UVP_assignments_GNI_2_MC, Cambodia,0,21, HepB,0.18,0.49,2,2,1750,0,0,0,0,0,0,-1
High, UVP_assignments_GNI_2_MC, Cambodia,0,22, HepB,0.18,0.48,2,2,1750,0,0,0,0,0,0,-1
High, UVP_assignments_GNI_2_MC, Cambodia,0,23, Hib,1.66,0.5,2,2,1750,0,0,0,0,0,0,-1
High, UVP_assignments_GNI_2_MC, Cambodia,0,24, IPV,0,0,2,2,1750,0,0,0,0,0,0,-1
High, UVP_assignments_GNI_2_MC, Cambodia,0,25, IPV,1.89,0.5,2,2,1750,0,0,0,0,0,0,-1
High, UVP_assignments_GNI_2_MC, Cambodia,0,26, IPV,3.16,0.66,2,2,1750,0,0,0,0,0,0,-1
High, UVP_assignments_GNI_2_MC, Cambodia,0,27, IPV,1.59,0.58,2,2,1750,0,0,0,0,0,0,-1
High, UVP_assignments_GNI_2_MC, Cambodia,0,28, IPV,0,0,2,2,1750,0,0,0,0,0,0,-1
High, UVP_assignments_GNI_2_MC, Cambodia,0,29, IPV,2.55,0.58,2,2,1750,0,0,0,0,0,0,-1
High, UVP_assignments_GNI_2_MC, Cambodia,0,30, MMR,0.97,0.44,2,2,1750,0,0,0,0,0,0,-1
High, UVP_assignments_GNI_2_MC, Cambodia,0,31, MMR,3.59,0.52,2,2,1750,0,0,0,0,0,0,-1
High, UVP_assignments_GNI_2_MC, Cambodia,0,32, MMR,3.07,0.67,2,2,1750,0,0,0,0,0,0,-1
High, UVP_assignments_GNI_2_MC, Cambodia,0,33, MMR,1.21,0.53,2,2,1750,0,0,0,0,0,0,-1
High, UVP_assignments_GNI_2_MC, Cambodia,0,34, OPV,0.12,0.44,2,2,1750,0,0,0,0,0,0,-1
High, UVP_assignments_GNI_2_MC, Cambodia,0,35, OPV,0.06,0.44,2,2,1750,0,0,0,0,0,0,-1
High, UVP_assignments_GNI_2_MC, Cambodia,0,36, OPV,0.09,0.47,2,2,1750,0,0,0,0,0,0,-1
High, UVP_assignments_GNI_2_MC, Cambodia,0,37, OPV,0.1,0.46,2,2,1750,0,0,0,0,0,0,-1
High, UVP_assignments_GNI_2_MC, Cambodia,0,38, OPV,0.09,0.46,2,2,1750,0,0,0,0,0,0,-1
High, UVP_assignments_GNI_2_MC, Cambodia,0,39, OPV,0.13,0.65,2,2,1750,0,0,0,0,0,0,-1
High, UVP_assignments_GNI_2_MC, Cambodia,0,40, OPV,0.22,0.75,2,2,1750,0,0,0,0,0,0,-1
High, UVP_assignments_GNI_2_MC, Cambodia,0,41, OPV,0.1,0.44,2,2,1750,0,0,0,0,0,0,-1
High, UVP_assignments_GNI_2_MC, Cambodia,0,42, OPV,0.12,0.46,2,2,1750,0,0,0,0,0,0,-1
High, UVP_assignments_GNI_2_MC, Cambodia,0,43, PCV,2.06,0.46,2,2,1750,0,0,0,0,0,0,-1
High, UVP_assignments_GNI_2_MC, Cambodia,0,44, PCV,2.37,0.5,2,2,1750,0,0,0,0,0,0,-1
High, UVP_assignments_GNI_2_MC, Cambodia,0,45, PCV,2.37,0.5,2,2,1750,0,0,0,0,0,0,-1
High, UVP_assignments_GNI_2_MC, Cambodia,0,46, PCV,2.68,0.5,2,2,1750,0,0,0,0,0,0,-1
High, UVP_assignments_GNI_2_MC, Cambodia,0,47, PCV,2.6,0.51,2,2,1750,0,0,0,0,0,0,-1
High, UVP_assignments_GNI_2_MC, Cambodia,0,48, PCV,2.06,0.46,2,2,1750,0,0,0,0,0,0,-1
High, UVP_assignments_GNI_2_MC, Cambodia,0,49, Rota,0.59,0.45,2,2,1750,0,0,0,0,0,0,-1
High, UVP_assignments_GNI_2_MC, Cambodia,0,50, Rota,0.98,0.67,2,2,1750,0,0,0,0,0,0,-1
High, UVP_assignments_GNI_2_MC, Cambodia,0,51, Rota,1.97,0.54,2,2,1750,0,0,0,0,0,0,-1
High, UVP_assignments_GNI_2_MC, Cambodia,0,52, Td,0.14,0.81,2,2,1750,0,0,0,0,0,0,-1
High, UVP_assignments_GNI_2_MC, Cambodia,0,53, Td,0.14,0.81,2,2,1750,0,0,0,0,0,0,-1
High, UVP_assignments_GNI_2_MC, Cambodia,0,54, Td,0,0,2,2,1750,0,0,0,0,0,0,-1
High, UVP_assignments_GNI_2_MC, Cambodia,0,55, Td,0.11,0.52,2,2,1750,0,0,0,0,0,0,-1
High, UVP_assignments_GNI_2_MC, Cambodia,0,56, Td,0.08,0.52,2,2,1750,0,0,0,0,0,0,-1
High, UVP_assignments_GNI_2_MC, Cambodia,0,57, Td,0.09,0.55,2,2,1750,0,0,0,0,0,0,-1
High, UVP_assignments_GNI_2_MC, Cambodia,0,58, Td,0.08,0.55,2,2,1750,0,0,0,0,0,0,-1
High, UVP_assignments_GNI_2_MC, Cambodia,0,59, YF,0.99,0.5,2,2,1750,0,0,0,0,0,0,-1
High, UVP_assignments_GNI_2_MC, Cambodia,0,60, YF,0.75,0.5,2,2,1750,0,0,0,0,0,0,-1
High, UVP_assignments_GNI_2_MC, Cambodia,0,61, YF,1.89,0.84,2,2,1750,0,0,0,0,0,0,-1
High, UVP_assignments_GNI_2_MC, Cambodia,0,62, YF,0.75,0.5,2,2,1750,0,0,0,0,0,0,-1
High, UVP_assignments_GNI_2_MC, Cameroon,0,1, BCG,0,0,2,2,1730,0,0,0,0,0,0,-1
High, UVP_assignments_GNI_2_MC, Cameroon,0,2, BCG,0.16,0.54,2,2,1730,0,0,0,0,0,0,-1
High, UVP_assignments_GNI_2_MC, Cameroon,0,3, BCG,0,0,2,2,1730,0,0,0,0,0,0,-1
High, UVP_assignments_GNI_2_MC, Cameroon,0,4, BCG,0.26,0.6,2,2,1730,0,0,0,0,0,0,-1
High, UVP_assignments_GNI_2_MC, Cameroon,0,5, DT,0.11,0.44,2,2,1730,0,0,0,0,0,0,-1
High, UVP_assignments_GNI_2_MC, Cameroon,0,6, DT,0.13,0.5,2,2,1730,0,0,0,0,0,0,-1
High, UVP_assignments_GNI_2_MC, Cameroon,0,7, DTP,0.13,0.49,2,2,1730,0,0,0,0,0,0,-1
High, UVP_assignments_GNI_2_MC, Cameroon,0,8, DTP,0.17,0.58,2,2,1730,0,0,0,0,0,0,-1
High, UVP_assignments_GNI_2_MC, Cameroon,0,9, DTP-HepB-Hib,0.59,0.49,2,2,1730,0,0,0,0,0,0,-1
High, UVP_assignments_GNI_2_MC, Cameroon,0,10, DTP-HepB-Hib,0.87,0.49,2,2,1730,0,0,0,0,0,0,-1
High, UVP_assignments_GNI_2_MC, Cameroon,0,11, DTP-HepB-Hib,0.79,0.49,2,2,1730,0,0,0,0,0,0,-1
High, UVP_assignments_GNI_2_MC, Cameroon,0,12, DTP-HepB-Hib,0.89,0.49,2,2,1730,0,0,0,0,0,0,-1
High, UVP_assignments_GNI_2_MC, Cameroon,0,13, DTP-HepB-Hib,0.86,0.49,2,2,1730,0,0,0,0,0,0,-1
High, UVP_assignments_GNI_2_MC, Cameroon,0,14, DTP-HepB-Hib,0.58,0.47,2,2,1730,0,0,0,0,0,0,-1
High, UVP_assignments_GNI_2_MC, Cameroon,0,15, DTP-HepB-Hib,0.56,0.49,2,2,1730,0,0,0,0,0,0,-1
High, UVP_assignments_GNI_2_MC, Cameroon,0,16, DTP-HepB-Hib,0.6,0.49,2,2,1730,0,0,0,0,0,0,-1
High, UVP_assignments_GNI_2_MC, Cameroon,0,17, HPV,5.94,0.84,2,2,1730,0,0,0,0,0,0,-1
High, UVP_assignments_GNI_2_MC, Cameroon,0,18, HPV,3.03,0.44,2,2,1730,0,0,0,0,0,0,-1
High, UVP_assignments_GNI_2_MC, Cameroon,0,19, HepB,0.37,0.49,2,2,1730,0,0,0,0,0,0,-1
High, UVP_assignments_GNI_2_MC, Cameroon,0,20, HepB,0.43,0.47,2,2,1730,0,0,0,0,0,0,-1
High, UVP_assignments_GNI_2_MC, Cameroon,0,21, HepB,0.18,0.49,2,2,1730,0,0,0,0,0,0,-1
High, UVP_assignments_GNI_2_MC, Cameroon,0,22, HepB,0.18,0.47,2,2,1730,0,0,0,0,0,0,-1
High, UVP_assignments_GNI_2_MC, Cameroon,0,23, Hib,1.62,0.49,2,2,1730,0,0,0,0,0,0,-1
High, UVP_assignments_GNI_2_MC, Cameroon,0,24, IPV,0,0,2,2,1730,0,0,0,0,0,0,-1
High, UVP_assignments_GNI_2_MC, Cameroon,0,25, IPV,1.85,0.49,2,2,1730,0,0,0,0,0,0,-1
High, UVP_assignments_GNI_2_MC, Cameroon,0,26, IPV,3.11,0.65,2,2,1730,0,0,0,0,0,0,-1
High, UVP_assignments_GNI_2_MC, Cameroon,0,27, IPV,1.56,0.58,2,2,1730,0,0,0,0,0,0,-1
High, UVP_assignments_GNI_2_MC, Cameroon,0,28, IPV,0,0,2,2,1730,0,0,0,0,0,0,-1
High, UVP_assignments_GNI_2_MC, Cameroon,0,29, IPV,2.5,0.58,2,2,1730,0,0,0,0,0,0,-1
High, UVP_assignments_GNI_2_MC, Cameroon,0,30, MMR,0.95,0.44,2,2,1730,0,0,0,0,0,0,-1
High, UVP_assignments_GNI_2_MC, Cameroon,0,31, MMR,3.51,0.51,2,2,1730,0,0,0,0,0,0,-1
High, UVP_assignments_GNI_2_MC, Cameroon,0,32, MMR,3.02,0.66,2,2,1730,0,0,0,0,0,0,-1
High, UVP_assignments_GNI_2_MC, Cameroon,0,33, MMR,1.19,0.53,2,2,1730,0,0,0,0,0,0,-1
High, UVP_assignments_GNI_2_MC, Cameroon,0,34, OPV,0.12,0.44,2,2,1730,0,0,0,0,0,0,-1
High, UVP_assignments_GNI_2_MC, Cameroon,0,35, OPV,0.06,0.44,2,2,1730,0,0,0,0,0,0,-1
High, UVP_assignments_GNI_2_MC, Cameroon,0,36, OPV,0.09,0.46,2,2,1730,0,0,0,0,0,0,-1
High, UVP_assignments_GNI_2_MC, Cameroon,0,37, OPV,0.1,0.46,2,2,1730,0,0,0,0,0,0,-1
High, UVP_assignments_GNI_2_MC, Cameroon,0,38, OPV,0.08,0.46,2,2,1730,0,0,0,0,0,0,-1
High, UVP_assignments_GNI_2_MC, Cameroon,0,39, OPV,0.13,0.64,2,2,1730,0,0,0,0,0,0,-1
High, UVP_assignments_GNI_2_MC, Cameroon,0,40, OPV,0.22,0.75,2,2,1730,0,0,0,0,0,0,-1
High, UVP_assignments_GNI_2_MC, Cameroon,0,41, OPV,0.09,0.44,2,2,1730,0,0,0,0,0,0,-1
High, UVP_assignments_GNI_2_MC, Cameroon,0,42, OPV,0.12,0.46,2,2,1730,0,0,0,0,0,0,-1
High, UVP_assignments_GNI_2_MC, Cameroon,0,43, PCV,2.01,0.45,2,2,1730,0,0,0,0,0,0,-1
High, UVP_assignments_GNI_2_MC, Cameroon,0,44, PCV,2.31,0.49,2,2,1730,0,0,0,0,0,0,-1
High, UVP_assignments_GNI_2_MC, Cameroon,0,45, PCV,2.31,0.49,2,2,1730,0,0,0,0,0,0,-1
High, UVP_assignments_GNI_2_MC, Cameroon,0,46, PCV,2.62,0.49,2,2,1730,0,0,0,0,0,0,-1
High, UVP_assignments_GNI_2_MC, Cameroon,0,47, PCV,2.54,0.5,2,2,1730,0,0,0,0,0,0,-1
High, UVP_assignments_GNI_2_MC, Cameroon,0,48, PCV,2.01,0.45,2,2,1730,0,0,0,0,0,0,-1
High, UVP_assignments_GNI_2_MC, Cameroon,0,49, Rota,0.57,0.44,2,2,1730,0,0,0,0,0,0,-1
High, UVP_assignments_GNI_2_MC, Cameroon,0,50, Rota,0.97,0.66,2,2,1730,0,0,0,0,0,0,-1
High, UVP_assignments_GNI_2_MC, Cameroon,0,51, Rota,1.93,0.53,2,2,1730,0,0,0,0,0,0,-1
High, UVP_assignments_GNI_2_MC, Cameroon,0,52, Td,0.14,0.81,2,2,1730,0,0,0,0,0,0,-1
High, UVP_assignments_GNI_2_MC, Cameroon,0,53, Td,0.14,0.81,2,2,1730,0,0,0,0,0,0,-1
High, UVP_assignments_GNI_2_MC, Cameroon,0,54, Td,0,0,2,2,1730,0,0,0,0,0,0,-1
High, UVP_assignments_GNI_2_MC, Cameroon,0,55, Td,0.11,0.52,2,2,1730,0,0,0,0,0,0,-1
High, UVP_assignments_GNI_2_MC, Cameroon,0,56, Td,0.08,0.52,2,2,1730,0,0,0,0,0,0,-1
High, UVP_assignments_GNI_2_MC, Cameroon,0,57, Td,0.08,0.54,2,2,1730,0,0,0,0,0,0,-1
High, UVP_assignments_GNI_2_MC, Cameroon,0,58, Td,0.08,0.54,2,2,1730,0,0,0,0,0,0,-1
High, UVP_assignments_GNI_2_MC, Cameroon,0,59, YF,0.96,0.49,2,2,1730,0,0,0,0,0,0,-1
High, UVP_assignments_GNI_2_MC, Cameroon,0,60, YF,0.73,0.49,2,2,1730,0,0,0,0,0,0,-1
High, UVP_assignments_GNI_2_MC, Cameroon,0,61, YF,1.86,0.84,2,2,1730,0,0,0,0,0,0,-1
High, UVP_assignments_GNI_2_MC, Cameroon,0,62, YF,0.73,0.49,2,2,1730,0,0,0,0,0,0,-1
High, UVP_assignments_GNI_2_MC, Chad,0,1, BCG,0,0,2,2,744,0,0,0,0,0,0,-1
High, UVP_assignments_GNI_2_MC, Chad,0,2, BCG,-0.01,-0.06,2,2,744,0,0,0,0,0,0,-1
High, UVP_assignments_GNI_2_MC, Chad,0,3, BCG,0,0,2,2,744,0,0,0,0,0,0,-1
High, UVP_assignments_GNI_2_MC, Chad,0,4, BCG,0.01,0.06,2,2,744,0,0,0,0,0,0,-1
High, UVP_assignments_GNI_2_MC, Chad,0,5, DT,-0.03,-0.31,2,2,744,0,0,0,0,0,0,-1
High, UVP_assignments_GNI_2_MC, Chad,0,6, DT,-0.02,-0.16,2,2,744,0,0,0,0,0,0,-1
High, UVP_assignments_GNI_2_MC, Chad,0,7, DTP,-0.02,-0.19,2,2,744,0,0,0,0,0,0,-1
High, UVP_assignments_GNI_2_MC, Chad,0,8, DTP,0,0.02,2,2,744,0,0,0,0,0,0,-1
High, UVP_assignments_GNI_2_MC, Chad,0,9, DTP-HepB-Hib,-0.1,-0.19,2,2,744,0,0,0,0,0,0,-1
High, UVP_assignments_GNI_2_MC, Chad,0,10, DTP-HepB-Hib,-0.14,-0.19,2,2,744,0,0,0,0,0,0,-1
High, UVP_assignments_GNI_2_MC, Chad,0,11, DTP-HepB-Hib,-0.13,-0.19,2,2,744,0,0,0,0,0,0,-1
High, UVP_assignments_GNI_2_MC, Chad,0,12, DTP-HepB-Hib,-0.15,-0.19,2,2,744,0,0,0,0,0,0,-1
High, UVP_assignments_GNI_2_MC, Chad,0,13, DTP-HepB-Hib,-0.15,-0.19,2,2,744,0,0,0,0,0,0,-1
High, UVP_assignments_GNI_2_MC, Chad,0,14, DTP-HepB-Hib,-0.13,-0.23,2,2,744,0,0,0,0,0,0,-1
High, UVP_assignments_GNI_2_MC, Chad,0,15, DTP-HepB-Hib,-0.09,-0.19,2,2,744,0,0,0,0,0,0,-1
High, UVP_assignments_GNI_2_MC, Chad,0,16, DTP-HepB-Hib,-0.1,-0.19,2,2,744,0,0,0,0,0,0,-1
High, UVP_assignments_GNI_2_MC, Chad,0,17, HPV,1.91,0.63,2,2,744,0,0,0,0,0,0,-1
High, UVP_assignments_GNI_2_MC, Chad,0,18, HPV,-0.92,-0.31,2,2,744,0,0,0,0,0,0,-1
High, UVP_assignments_GNI_2_MC, Chad,0,19, HepB,-0.06,-0.19,2,2,744,0,0,0,0,0,0,-1
High, UVP_assignments_GNI_2_MC, Chad,0,20, HepB,-0.09,-0.23,2,2,744,0,0,0,0,0,0,-1
High, UVP_assignments_GNI_2_MC, Chad,0,21, HepB,-0.03,-0.19,2,2,744,0,0,0,0,0,0,-1
High, UVP_assignments_GNI_2_MC, Chad,0,22, HepB,-0.04,-0.23,2,2,744,0,0,0,0,0,0,-1
High, UVP_assignments_GNI_2_MC, Chad,0,23, Hib,-0.26,-0.19,2,2,744,0,0,0,0,0,0,-1
High, UVP_assignments_GNI_2_MC, Chad,0,24, IPV,0,0,2,2,744,0,0,0,0,0,0,-1
High, UVP_assignments_GNI_2_MC, Chad,0,25, IPV,-0.3,-0.19,2,2,744,0,0,0,0,0,0,-1
High, UVP_assignments_GNI_2_MC, Chad,0,26, IPV,0.39,0.19,2,2,744,0,0,0,0,0,0,-1
High, UVP_assignments_GNI_2_MC, Chad,0,27, IPV,0.03,0.02,2,2,744,0,0,0,0,0,0,-1
High, UVP_assignments_GNI_2_MC, Chad,0,28, IPV,0,0,2,2,744,0,0,0,0,0,0,-1
High, UVP_assignments_GNI_2_MC, Chad,0,29, IPV,0.04,0.02,2,2,744,0,0,0,0,0,0,-1
High, UVP_assignments_GNI_2_MC, Chad,0,30, MMR,-0.29,-0.31,2,2,744,0,0,0,0,0,0,-1
High, UVP_assignments_GNI_2_MC, Chad,0,31, MMR,-0.41,-0.14,2,2,744,0,0,0,0,0,0,-1
High, UVP_assignments_GNI_2_MC, Chad,0,32, MMR,0.43,0.22,2,2,744,0,0,0,0,0,0,-1
High, UVP_assignments_GNI_2_MC, Chad,0,33, MMR,-0.1,-0.1,2,2,744,0,0,0,0,0,0,-1
High, UVP_assignments_GNI_2_MC, Chad,0,34, OPV,-0.04,-0.31,2,2,744,0,0,0,0,0,0,-1
High, UVP_assignments_GNI_2_MC, Chad,0,35, OPV,-0.02,-0.31,2,2,744,0,0,0,0,0,0,-1
High, UVP_assignments_GNI_2_MC, Chad,0,36, OPV,-0.02,-0.26,2,2,744,0,0,0,0,0,0,-1
High, UVP_assignments_GNI_2_MC, Chad,0,37, OPV,-0.02,-0.26,2,2,744,0,0,0,0,0,0,-1
High, UVP_assignments_GNI_2_MC, Chad,0,38, OPV,-0.02,-0.26,2,2,744,0,0,0,0,0,0,-1
High, UVP_assignments_GNI_2_MC, Chad,0,39, OPV,0.01,0.17,2,2,744,0,0,0,0,0,0,-1
High, UVP_assignments_GNI_2_MC, Chad,0,40, OPV,0.05,0.42,2,2,744,0,0,0,0,0,0,-1
High, UVP_assignments_GNI_2_MC, Chad,0,41, OPV,-0.03,-0.31,2,2,744,0,0,0,0,0,0,-1
High, UVP_assignments_GNI_2_MC, Chad,0,42, OPV,-0.03,-0.26,2,2,744,0,0,0,0,0,0,-1
High, UVP_assignments_GNI_2_MC, Chad,0,43, PCV,-0.53,-0.28,2,2,744,0,0,0,0,0,0,-1
High, UVP_assignments_GNI_2_MC, Chad,0,44, PCV,-0.36,-0.18,2,2,744,0,0,0,0,0,0,-1
High, UVP_assignments_GNI_2_MC, Chad,0,45, PCV,-0.36,-0.18,2,2,744,0,0,0,0,0,0,-1
High, UVP_assignments_GNI_2_MC, Chad,0,46, PCV,-0.41,-0.18,2,2,744,0,0,0,0,0,0,-1
High, UVP_assignments_GNI_2_MC, Chad,0,47, PCV,-0.35,-0.16,2,2,744,0,0,0,0,0,0,-1
High, UVP_assignments_GNI_2_MC, Chad,0,48, PCV,-0.53,-0.28,2,2,744,0,0,0,0,0,0,-1
High, UVP_assignments_GNI_2_MC, Chad,0,49, Rota,-0.17,-0.3,2,2,744,0,0,0,0,0,0,-1
High, UVP_assignments_GNI_2_MC, Chad,0,50, Rota,0.14,0.22,2,2,744,0,0,0,0,0,0,-1
High, UVP_assignments_GNI_2_MC, Chad,0,51, Rota,-0.13,-0.09,2,2,744,0,0,0,0,0,0,-1
High, UVP_assignments_GNI_2_MC, Chad,0,52, Td,0.04,0.56,2,2,744,0,0,0,0,0,0,-1
High, UVP_assignments_GNI_2_MC, Chad,0,53, Td,0.04,0.56,2,2,744,0,0,0,0,0,0,-1
High, UVP_assignments_GNI_2_MC, Chad,0,54, Td,0,0,2,2,744,0,0,0,0,0,0,-1
High, UVP_assignments_GNI_2_MC, Chad,0,55, Td,-0.01,-0.12,2,2,744,0,0,0,0,0,0,-1
High, UVP_assignments_GNI_2_MC, Chad,0,56, Td,-0.01,-0.12,2,2,744,0,0,0,0,0,0,-1
High, UVP_assignments_GNI_2_MC, Chad,0,57, Td,0,-0.06,2,2,744,0,0,0,0,0,0,-1
High, UVP_assignments_GNI_2_MC, Chad,0,58, Td,0,-0.06,2,2,744,0,0,0,0,0,0,-1
High, UVP_assignments_GNI_2_MC, Chad,0,59, YF,-0.16,-0.19,2,2,744,0,0,0,0,0,0,-1
High, UVP_assignments_GNI_2_MC, Chad,0,60, YF,-0.12,-0.19,2,2,744,0,0,0,0,0,0,-1
High, UVP_assignments_GNI_2_MC, Chad,0,61, YF,0.6,0.63,2,2,744,0,0,0,0,0,0,-1
High, UVP_assignments_GNI_2_MC, Chad,0,62, YF,-0.12,-0.19,2,2,744,0,0,0,0,0,0,-1
High, UVP_assignments_GNI_2_MC, Comoros,0,1, BCG,0,0,2,2,1427,0,0,0,0,0,0,-1
High, UVP_assignments_GNI_2_MC, Comoros,0,2, BCG,0.11,0.45,2,2,1427,0,0,0,0,0,0,-1
High, UVP_assignments_GNI_2_MC, Comoros,0,3, BCG,0,0,2,2,1427,0,0,0,0,0,0,-1
High, UVP_assignments_GNI_2_MC, Comoros,0,4, BCG,0.18,0.51,2,2,1427,0,0,0,0,0,0,-1
High, UVP_assignments_GNI_2_MC, Comoros,0,5, DT,0.07,0.32,2,2,1427,0,0,0,0,0,0,-1
High, UVP_assignments_GNI_2_MC, Comoros,0,6, DT,0.09,0.4,2,2,1427,0,0,0,0,0,0,-1
High, UVP_assignments_GNI_2_MC, Comoros,0,7, DTP,0.08,0.38,2,2,1427,0,0,0,0,0,0,-1
High, UVP_assignments_GNI_2_MC, Comoros,0,8, DTP,0.12,0.49,2,2,1427,0,0,0,0,0,0,-1
High, UVP_assignments_GNI_2_MC, Comoros,0,9, DTP-HepB-Hib,0.37,0.38,2,2,1427,0,0,0,0,0,0,-1
High, UVP_assignments_GNI_2_MC, Comoros,0,10, DTP-HepB-Hib,0.56,0.38,2,2,1427,0,0,0,0,0,0,-1
High, UVP_assignments_GNI_2_MC, Comoros,0,11, DTP-HepB-Hib,0.51,0.38,2,2,1427,0,0,0,0,0,0,-1
High, UVP_assignments_GNI_2_MC, Comoros,0,12, DTP-HepB-Hib,0.57,0.38,2,2,1427,0,0,0,0,0,0,-1
High, UVP_assignments_GNI_2_MC, Comoros,0,13, DTP-HepB-Hib,0.55,0.38,2,2,1427,0,0,0,0,0,0,-1
High, UVP_assignments_GNI_2_MC, Comoros,0,14, DTP-HepB-Hib,0.37,0.36,2,2,1427,0,0,0,0,0,0,-1
High, UVP_assignments_GNI_2_MC, Comoros,0,15, DTP-HepB-Hib,0.36,0.38,2,2,1427,0,0,0,0,0,0,-1
High, UVP_assignments_GNI_2_MC, Comoros,0,16, DTP-HepB-Hib,0.38,0.38,2,2,1427,0,0,0,0,0,0,-1
High, UVP_assignments_GNI_2_MC, Comoros,0,17, HPV,4.7,0.81,2,2,1427,0,0,0,0,0,0,-1
High, UVP_assignments_GNI_2_MC, Comoros,0,18, HPV,1.81,0.32,2,2,1427,0,0,0,0,0,0,-1
High, UVP_assignments_GNI_2_MC, Comoros,0,19, HepB,0.24,0.38,2,2,1427,0,0,0,0,0,0,-1
High, UVP_assignments_GNI_2_MC, Comoros,0,20, HepB,0.27,0.36,2,2,1427,0,0,0,0,0,0,-1
High, UVP_assignments_GNI_2_MC, Comoros,0,21, HepB,0.12,0.38,2,2,1427,0,0,0,0,0,0,-1
High, UVP_assignments_GNI_2_MC, Comoros,0,22, HepB,0.11,0.36,2,2,1427,0,0,0,0,0,0,-1
High, UVP_assignments_GNI_2_MC, Comoros,0,23, Hib,1.04,0.38,2,2,1427,0,0,0,0,0,0,-1
High, UVP_assignments_GNI_2_MC, Comoros,0,24, IPV,0,0,2,2,1427,0,0,0,0,0,0,-1
High, UVP_assignments_GNI_2_MC, Comoros,0,25, IPV,1.19,0.38,2,2,1427,0,0,0,0,0,0,-1
High, UVP_assignments_GNI_2_MC, Comoros,0,26, IPV,2.27,0.58,2,2,1427,0,0,0,0,0,0,-1
High, UVP_assignments_GNI_2_MC, Comoros,0,27, IPV,1.09,0.49,2,2,1427,0,0,0,0,0,0,-1
High, UVP_assignments_GNI_2_MC, Comoros,0,28, IPV,0,0,2,2,1427,0,0,0,0,0,0,-1
High, UVP_assignments_GNI_2_MC, Comoros,0,29, IPV,1.74,0.49,2,2,1427,0,0,0,0,0,0,-1
High, UVP_assignments_GNI_2_MC, Comoros,0,30, MMR,0.57,0.32,2,2,1427,0,0,0,0,0,0,-1
High, UVP_assignments_GNI_2_MC, Comoros,0,31, MMR,2.3,0.41,2,2,1427,0,0,0,0,0,0,-1
High, UVP_assignments_GNI_2_MC, Comoros,0,32, MMR,2.22,0.59,2,2,1427,0,0,0,0,0,0,-1
High, UVP_assignments_GNI_2_MC, Comoros,0,33, MMR,0.79,0.42,2,2,1427,0,0,0,0,0,0,-1
High, UVP_assignments_GNI_2_MC, Comoros,0,34, OPV,0.07,0.32,2,2,1427,0,0,0,0,0,0,-1
High, UVP_assignments_GNI_2_MC, Comoros,0,35, OPV,0.04,0.32,2,2,1427,0,0,0,0,0,0,-1
High, UVP_assignments_GNI_2_MC, Comoros,0,36, OPV,0.06,0.35,2,2,1427,0,0,0,0,0,0,-1
High, UVP_assignments_GNI_2_MC, Comoros,0,37, OPV,0.06,0.34,2,2,1427,0,0,0,0,0,0,-1
High, UVP_assignments_GNI_2_MC, Comoros,0,38, OPV,0.05,0.34,2,2,1427,0,0,0,0,0,0,-1
High, UVP_assignments_GNI_2_MC, Comoros,0,39, OPV,0.09,0.57,2,2,1427,0,0,0,0,0,0,-1
High, UVP_assignments_GNI_2_MC, Comoros,0,40, OPV,0.17,0.7,2,2,1427,0,0,0,0,0,0,-1
High, UVP_assignments_GNI_2_MC, Comoros,0,41, OPV,0.06,0.32,2,2,1427,0,0,0,0,0,0,-1
High, UVP_assignments_GNI_2_MC, Comoros,0,42, OPV,0.07,0.34,2,2,1427,0,0,0,0,0,0,-1
High, UVP_assignments_GNI_2_MC, Comoros,0,43, PCV,1.23,0.33,2,2,1427,0,0,0,0,0,0,-1
High, UVP_assignments_GNI_2_MC, Comoros,0,44, PCV,1.49,0.39,2,2,1427,0,0,0,0,0,0,-1
High, UVP_assignments_GNI_2_MC, Comoros,0,45, PCV,1.49,0.39,2,2,1427,0,0,0,0,0,0,-1
High, UVP_assignments_GNI_2_MC, Comoros,0,46, PCV,1.69,0.39,2,2,1427,0,0,0,0,0,0,-1
High, UVP_assignments_GNI_2_MC, Comoros,0,47, PCV,1.65,0.4,2,2,1427,0,0,0,0,0,0,-1
High, UVP_assignments_GNI_2_MC, Comoros,0,48, PCV,1.23,0.33,2,2,1427,0,0,0,0,0,0,-1
High, UVP_assignments_GNI_2_MC, Comoros,0,49, Rota,0.34,0.32,2,2,1427,0,0,0,0,0,0,-1
High, UVP_assignments_GNI_2_MC, Comoros,0,50, Rota,0.71,0.59,2,2,1427,0,0,0,0,0,0,-1
High, UVP_assignments_GNI_2_MC, Comoros,0,51, Rota,1.29,0.43,2,2,1427,0,0,0,0,0,0,-1
High, UVP_assignments_GNI_2_MC, Comoros,0,52, Td,0.11,0.77,2,2,1427,0,0,0,0,0,0,-1
High, UVP_assignments_GNI_2_MC, Comoros,0,53, Td,0.11,0.77,2,2,1427,0,0,0,0,0,0,-1
High, UVP_assignments_GNI_2_MC, Comoros,0,54, Td,0,0,2,2,1427,0,0,0,0,0,0,-1
High, UVP_assignments_GNI_2_MC, Comoros,0,55, Td,0.07,0.42,2,2,1427,0,0,0,0,0,0,-1
High, UVP_assignments_GNI_2_MC, Comoros,0,56, Td,0.05,0.42,2,2,1427,0,0,0,0,0,0,-1
High, UVP_assignments_GNI_2_MC, Comoros,0,57, Td,0.06,0.45,2,2,1427,0,0,0,0,0,0,-1
High, UVP_assignments_GNI_2_MC, Comoros,0,58, Td,0.05,0.45,2,2,1427,0,0,0,0,0,0,-1
High, UVP_assignments_GNI_2_MC, Comoros,0,59, YF,0.62,0.38,2,2,1427,0,0,0,0,0,0,-1
High, UVP_assignments_GNI_2_MC, Comoros,0,60, YF,0.47,0.38,2,2,1427,0,0,0,0,0,0,-1
High, UVP_assignments_GNI_2_MC, Comoros,0,61, YF,1.47,0.81,2,2,1427,0,0,0,0,0,0,-1
High, UVP_assignments_GNI_2_MC, Comoros,0,62, YF,0.47,0.38,2,2,1427,0,0,0,0,0,0,-1
High, UVP_assignments_GNI_2_MC, Congo,0,1, BCG,0,0,1,2,2704,0,0,0,0,0,0,-1
High, UVP_assignments_GNI_2_MC, Congo,0,2, BCG,0.12,0.26,1,2,2704,0,0,0,0,0,0,-1
High, UVP_assignments_GNI_2_MC, Congo,0,3, BCG,0,0,1,2,2704,0,0,0,0,0,0,-1
High, UVP_assignments_GNI_2_MC, Congo,0,4, BCG,0.05,0.07,1,2,2704,0,0,0,0,0,0,-1
High, UVP_assignments_GNI_2_MC, Congo,0,5, DT,0,0,1,2,2704,0,0,0,0,0,0,-1
High, UVP_assignments_GNI_2_MC, Congo,0,6, DT,0.13,0.31,1,2,2704,0,0,0,0,0,0,-1
High, UVP_assignments_GNI_2_MC, Congo,0,7, DTP,0.13,0.31,1,2,2704,0,0,0,0,0,0,-1
High, UVP_assignments_GNI_2_MC, Congo,0,8, DTP,0.14,0.31,1,2,2704,0,0,0,0,0,0,-1
High, UVP_assignments_GNI_2_MC, Congo,0,9, DTP-HepB-Hib,0.58,0.31,1,2,2704,0,0,0,0,0,0,-1
High, UVP_assignments_GNI_2_MC, Congo,0,10, DTP-HepB-Hib,0.85,0.31,1,2,2704,0,0,0,0,0,0,-1
High, UVP_assignments_GNI_2_MC, Congo,0,11, DTP-HepB-Hib,0.78,0.31,1,2,2704,0,0,0,0,0,0,-1
High, UVP_assignments_GNI_2_MC, Congo,0,12, DTP-HepB-Hib,0.88,0.31,1,2,2704,0,0,0,0,0,0,-1
High, UVP_assignments_GNI_2_MC, Congo,0,13, DTP-HepB-Hib,0.85,0.31,1,2,2704,0,0,0,0,0,0,-1
High, UVP_assignments_GNI_2_MC, Congo,0,14, DTP-HepB-Hib,0.6,0.31,1,2,2704,0,0,0,0,0,0,-1
High, UVP_assignments_GNI_2_MC, Congo,0,15, DTP-HepB-Hib,0.56,0.31,1,2,2704,0,0,0,0,0,0,-1
High, UVP_assignments_GNI_2_MC, Congo,0,16, DTP-HepB-Hib,0.59,0.31,1,2,2704,0,0,0,0,0,0,-1
High, UVP_assignments_GNI_2_MC, Congo,0,17, HPV,3.41,0.31,1,2,2704,0,0,0,0,0,0,-1
High, UVP_assignments_GNI_2_MC, Congo,0,18, HPV,0.15,0.01,1,2,2704,0,0,0,0,0,0,-1
High, UVP_assignments_GNI_2_MC, Congo,0,19, HepB,0.36,0.31,1,2,2704,0,0,0,0,0,0,-1
High, UVP_assignments_GNI_2_MC, Congo,0,20, HepB,0.45,0.31,1,2,2704,0,0,0,0,0,0,-1
High, UVP_assignments_GNI_2_MC, Congo,0,21, HepB,0.18,0.31,1,2,2704,0,0,0,0,0,0,-1
High, UVP_assignments_GNI_2_MC, Congo,0,22, HepB,0.19,0.31,1,2,2704,0,0,0,0,0,0,-1
High, UVP_assignments_GNI_2_MC, Congo,0,23, Hib,1.6,0.31,1,2,2704,0,0,0,0,0,0,-1
High, UVP_assignments_GNI_2_MC, Congo,0,24, IPV,0.07,0.01,1,2,2704,0,0,0,0,0,0,-1
High, UVP_assignments_GNI_2_MC, Congo,0,25, IPV,1.82,0.31,1,2,2704,0,0,0,0,0,0,-1
High, UVP_assignments_GNI_2_MC, Congo,0,26, IPV,0.29,0.04,1,2,2704,0,0,0,0,0,0,-1
High, UVP_assignments_GNI_2_MC, Congo,0,27, IPV,0.27,0.06,1,2,2704,0,0,0,0,0,0,-1
High, UVP_assignments_GNI_2_MC, Congo,0,28, IPV,0.08,0.01,1,2,2704,0,0,0,0,0,0,-1
High, UVP_assignments_GNI_2_MC, Congo,0,29, IPV,0.43,0.06,1,2,2704,0,0,0,0,0,0,-1
High, UVP_assignments_GNI_2_MC, Congo,0,30, MMR,0,0,1,2,2704,0,0,0,0,0,0,-1
High, UVP_assignments_GNI_2_MC, Congo,0,31, MMR,3.32,0.31,1,2,2704,0,0,0,0,0,0,-1
High, UVP_assignments_GNI_2_MC, Congo,0,32, MMR,0.21,0.03,1,2,2704,0,0,0,0,0,0,-1
High, UVP_assignments_GNI_2_MC, Congo,0,33, MMR,0.41,0.12,1,2,2704,0,0,0,0,0,0,-1
High, UVP_assignments_GNI_2_MC, Congo,0,34, OPV,0.01,0.01,1,2,2704,0,0,0,0,0,0,-1
High, UVP_assignments_GNI_2_MC, Congo,0,35, OPV,0,0.01,1,2,2704,0,0,0,0,0,0,-1
High, UVP_assignments_GNI_2_MC, Congo,0,36, OPV,0.1,0.31,1,2,2704,0,0,0,0,0,0,-1
High, UVP_assignments_GNI_2_MC, Congo,0,37, OPV,0.1,0.31,1,2,2704,0,0,0,0,0,0,-1
High, UVP_assignments_GNI_2_MC, Congo,0,38, OPV,0.09,0.31,1,2,2704,0,0,0,0,0,0,-1
High, UVP_assignments_GNI_2_MC, Congo,0,39, OPV,0.01,0.04,1,2,2704,0,0,0,0,0,0,-1
High, UVP_assignments_GNI_2_MC, Congo,0,40, OPV,0.01,0.02,1,2,2704,0,0,0,0,0,0,-1
High, UVP_assignments_GNI_2_MC, Congo,0,41, OPV,0,0.01,1,2,2704,0,0,0,0,0,0,-1
High, UVP_assignments_GNI_2_MC, Congo,0,42, OPV,0.13,0.31,1,2,2704,0,0,0,0,0,0,-1
High, UVP_assignments_GNI_2_MC, Congo,0,43, PCV,0.1,0.01,1,2,2704,0,0,0,0,0,0,-1
High, UVP_assignments_GNI_2_MC, Congo,0,44, PCV,2.26,0.31,1,2,2704,0,0,0,0,0,0,-1
High, UVP_assignments_GNI_2_MC, Congo,0,45, PCV,2.26,0.31,1,2,2704,0,0,0,0,0,0,-1
High, UVP_assignments_GNI_2_MC, Congo,0,46, PCV,2.56,0.31,1,2,2704,0,0,0,0,0,0,-1
High, UVP_assignments_GNI_2_MC, Congo,0,47, PCV,2.1,0.26,1,2,2704,0,0,0,0,0,0,-1
High, UVP_assignments_GNI_2_MC, Congo,0,48, PCV,0.1,0.01,1,2,2704,0,0,0,0,0,0,-1
High, UVP_assignments_GNI_2_MC, Congo,0,49, Rota,0.03,0.01,1,2,2704,0,0,0,0,0,0,-1
High, UVP_assignments_GNI_2_MC, Congo,0,50, Rota,0.08,0.04,1,2,2704,0,0,0,0,0,0,-1
High, UVP_assignments_GNI_2_MC, Congo,0,51, Rota,1.74,0.31,1,2,2704,0,0,0,0,0,0,-1
High, UVP_assignments_GNI_2_MC, Congo,0,52, Td,0.08,0.31,1,2,2704,0,0,0,0,0,0,-1
High, UVP_assignments_GNI_2_MC, Congo,0,53, Td,0.08,0.31,1,2,2704,0,0,0,0,0,0,-1
High, UVP_assignments_GNI_2_MC, Congo,0,54, Td,0,0,1,2,2704,0,0,0,0,0,0,-1
High, UVP_assignments_GNI_2_MC, Congo,0,55, Td,0.1,0.31,1,2,2704,0,0,0,0,0,0,-1
High, UVP_assignments_GNI_2_MC, Congo,0,56, Td,0.07,0.31,1,2,2704,0,0,0,0,0,0,-1
High, UVP_assignments_GNI_2_MC, Congo,0,57, Td,0.07,0.31,1,2,2704,0,0,0,0,0,0,-1
High, UVP_assignments_GNI_2_MC, Congo,0,58, Td,0.07,0.31,1,2,2704,0,0,0,0,0,0,-1
High, UVP_assignments_GNI_2_MC, Congo,0,59, YF,0.95,0.31,1,2,2704,0,0,0,0,0,0,-1
High, UVP_assignments_GNI_2_MC, Congo,0,60, YF,0.72,0.31,1,2,2704,0,0,0,0,0,0,-1
High, UVP_assignments_GNI_2_MC, Congo,0,61, YF,1.07,0.31,1,2,2704,0,0,0,0,0,0,-1
High, UVP_assignments_GNI_2_MC, Congo,0,62, YF,0.72,0.31,1,2,2704,0,0,0,0,0,0,-1
High, UVP_assignments_GNI_2_MC, 'Côte d'Ivoire',0,1, BCG,0,0,1,2,2646,0,0,0,0,0,0,-1
High, UVP_assignments_GNI_2_MC, 'Côte d'Ivoire',0,2, BCG,0.11,0.25,1,2,2646,0,0,0,0,0,0,-1
High, UVP_assignments_GNI_2_MC, 'Côte d'Ivoire',0,3, BCG,0,0,1,2,2646,0,0,0,0,0,0,-1
High, UVP_assignments_GNI_2_MC, 'Côte d'Ivoire',0,4, BCG,0.03,0.05,1,2,2646,0,0,0,0,0,0,-1
High, UVP_assignments_GNI_2_MC, 'Côte d'Ivoire',0,5, DT,0,0,1,2,2646,0,0,0,0,0,0,-1
High, UVP_assignments_GNI_2_MC, 'Côte d'Ivoire',0,6, DT,0.12,0.29,1,2,2646,0,0,0,0,0,0,-1
High, UVP_assignments_GNI_2_MC, 'Côte d'Ivoire',0,7, DTP,0.12,0.29,1,2,2646,0,0,0,0,0,0,-1
High, UVP_assignments_GNI_2_MC, 'Côte d'Ivoire',0,8, DTP,0.13,0.29,1,2,2646,0,0,0,0,0,0,-1
High, UVP_assignments_GNI_2_MC, 'Côte d'Ivoire',0,9, DTP-HepB-Hib,0.54,0.29,1,2,2646,0,0,0,0,0,0,-1
High, UVP_assignments_GNI_2_MC, 'Côte d'Ivoire',0,10, DTP-HepB-Hib,0.79,0.29,1,2,2646,0,0,0,0,0,0,-1
High, UVP_assignments_GNI_2_MC, 'Côte d'Ivoire',0,11, DTP-HepB-Hib,0.72,0.29,1,2,2646,0,0,0,0,0,0,-1
High, UVP_assignments_GNI_2_MC, 'Côte d'Ivoire',0,12, DTP-HepB-Hib,0.82,0.29,1,2,2646,0,0,0,0,0,0,-1
High, UVP_assignments_GNI_2_MC, 'Côte d'Ivoire',0,13, DTP-HepB-Hib,0.79,0.29,1,2,2646,0,0,0,0,0,0,-1
High, UVP_assignments_GNI_2_MC, 'Côte d'Ivoire',0,14, DTP-HepB-Hib,0.56,0.29,1,2,2646,0,0,0,0,0,0,-1
High, UVP_assignments_GNI_2_MC, 'Côte d'Ivoire',0,15, DTP-HepB-Hib,0.52,0.29,1,2,2646,0,0,0,0,0,0,-1
High, UVP_assignments_GNI_2_MC, 'Côte d'Ivoire',0,16, DTP-HepB-Hib,0.55,0.29,1,2,2646,0,0,0,0,0,0,-1
High, UVP_assignments_GNI_2_MC, 'Côte d'Ivoire',0,17, HPV,3.17,0.29,1,2,2646,0,0,0,0,0,0,-1
High, UVP_assignments_GNI_2_MC, 'Côte d'Ivoire',0,18, HPV,-0.08,-0.01,1,2,2646,0,0,0,0,0,0,-1
High, UVP_assignments_GNI_2_MC, 'Côte d'Ivoire',0,19, HepB,0.34,0.29,1,2,2646,0,0,0,0,0,0,-1
High, UVP_assignments_GNI_2_MC, 'Côte d'Ivoire',0,20, HepB,0.41,0.29,1,2,2646,0,0,0,0,0,0,-1
High, UVP_assignments_GNI_2_MC, 'Côte d'Ivoire',0,21, HepB,0.17,0.29,1,2,2646,0,0,0,0,0,0,-1
High, UVP_assignments_GNI_2_MC, 'Côte d'Ivoire',0,22, HepB,0.17,0.29,1,2,2646,0,0,0,0,0,0,-1
High, UVP_assignments_GNI_2_MC, 'Côte d'Ivoire',0,23, Hib,1.48,0.29,1,2,2646,0,0,0,0,0,0,-1
High, UVP_assignments_GNI_2_MC, 'Côte d'Ivoire',0,24, IPV,-0.04,-0.01,1,2,2646,0,0,0,0,0,0,-1
High, UVP_assignments_GNI_2_MC, 'Côte d'Ivoire',0,25, IPV,1.69,0.29,1,2,2646,0,0,0,0,0,0,-1
High, UVP_assignments_GNI_2_MC, 'Côte d'Ivoire',0,26, IPV,0.13,0.02,1,2,2646,0,0,0,0,0,0,-1
High, UVP_assignments_GNI_2_MC, 'Côte d'Ivoire',0,27, IPV,0.18,0.04,1,2,2646,0,0,0,0,0,0,-1
High, UVP_assignments_GNI_2_MC, 'Côte d'Ivoire',0,28, IPV,-0.04,-0.01,1,2,2646,0,0,0,0,0,0,-1
High, UVP_assignments_GNI_2_MC, 'Côte d'Ivoire',0,29, IPV,0.29,0.04,1,2,2646,0,0,0,0,0,0,-1
High, UVP_assignments_GNI_2_MC, 'Côte d'Ivoire',0,30, MMR,0,0,1,2,2646,0,0,0,0,0,0,-1
High, UVP_assignments_GNI_2_MC, 'Côte d'Ivoire',0,31, MMR,3.08,0.29,1,2,2646,0,0,0,0,0,0,-1
High, UVP_assignments_GNI_2_MC, 'Côte d'Ivoire',0,32, MMR,0.05,0.01,1,2,2646,0,0,0,0,0,0,-1
High, UVP_assignments_GNI_2_MC, 'Côte d'Ivoire',0,33, MMR,0.34,0.1,1,2,2646,0,0,0,0,0,0,-1
High, UVP_assignments_GNI_2_MC, 'Côte d'Ivoire',0,34, OPV,0,-0.01,1,2,2646,0,0,0,0,0,0,-1
High, UVP_assignments_GNI_2_MC, 'Côte d'Ivoire',0,35, OPV,0,-0.01,1,2,2646,0,0,0,0,0,0,-1
High, UVP_assignments_GNI_2_MC, 'Côte d'Ivoire',0,36, OPV,0.09,0.29,1,2,2646,0,0,0,0,0,0,-1
High, UVP_assignments_GNI_2_MC, 'Côte d'Ivoire',0,37, OPV,0.1,0.29,1,2,2646,0,0,0,0,0,0,-1
High, UVP_assignments_GNI_2_MC, 'Côte d'Ivoire',0,38, OPV,0.08,0.29,1,2,2646,0,0,0,0,0,0,-1
High, UVP_assignments_GNI_2_MC, 'Côte d'Ivoire',0,39, OPV,0,0.01,1,2,2646,0,0,0,0,0,0,-1
High, UVP_assignments_GNI_2_MC, 'Côte d'Ivoire',0,40, OPV,0,0,1,2,2646,0,0,0,0,0,0,-1
High, UVP_assignments_GNI_2_MC, 'Côte d'Ivoire',0,41, OPV,0,-0.01,1,2,2646,0,0,0,0,0,0,-1
High, UVP_assignments_GNI_2_MC, 'Côte d'Ivoire',0,42, OPV,0.12,0.29,1,2,2646,0,0,0,0,0,0,-1
High, UVP_assignments_GNI_2_MC, 'Côte d'Ivoire',0,43, PCV,-0.05,-0.01,1,2,2646,0,0,0,0,0,0,-1
High, UVP_assignments_GNI_2_MC, 'Côte d'Ivoire',0,44, PCV,2.1,0.29,1,2,2646,0,0,0,0,0,0,-1
High, UVP_assignments_GNI_2_MC, 'Côte d'Ivoire',0,45, PCV,2.1,0.29,1,2,2646,0,0,0,0,0,0,-1
High, UVP_assignments_GNI_2_MC, 'Côte d'Ivoire',0,46, PCV,2.38,0.29,1,2,2646,0,0,0,0,0,0,-1
High, UVP_assignments_GNI_2_MC, 'Côte d'Ivoire',0,47, PCV,1.92,0.25,1,2,2646,0,0,0,0,0,0,-1
High, UVP_assignments_GNI_2_MC, 'Côte d'Ivoire',0,48, PCV,-0.05,-0.01,1,2,2646,0,0,0,0,0,0,-1
High, UVP_assignments_GNI_2_MC, 'Côte d'Ivoire',0,49, Rota,-0.02,-0.01,1,2,2646,0,0,0,0,0,0,-1
High, UVP_assignments_GNI_2_MC, 'Côte d'Ivoire',0,50, Rota,0.03,0.02,1,2,2646,0,0,0,0,0,0,-1
High, UVP_assignments_GNI_2_MC, 'Côte d'Ivoire',0,51, Rota,1.62,0.29,1,2,2646,0,0,0,0,0,0,-1
High, UVP_assignments_GNI_2_MC, 'Côte d'Ivoire',0,52, Td,0.08,0.29,1,2,2646,0,0,0,0,0,0,-1
High, UVP_assignments_GNI_2_MC, 'Côte d'Ivoire',0,53, Td,0.08,0.29,1,2,2646,0,0,0,0,0,0,-1
High, UVP_assignments_GNI_2_MC, 'Côte d'Ivoire',0,54, Td,0,0,1,2,2646,0,0,0,0,0,0,-1
High, UVP_assignments_GNI_2_MC, 'Côte d'Ivoire',0,55, Td,0.1,0.29,1,2,2646,0,0,0,0,0,0,-1
High, UVP_assignments_GNI_2_MC, 'Côte d'Ivoire',0,56, Td,0.07,0.29,1,2,2646,0,0,0,0,0,0,-1
High, UVP_assignments_GNI_2_MC, 'Côte d'Ivoire',0,57, Td,0.07,0.29,1,2,2646,0,0,0,0,0,0,-1
High, UVP_assignments_GNI_2_MC, 'Côte d'Ivoire',0,58, Td,0.06,0.29,1,2,2646,0,0,0,0,0,0,-1
High, UVP_assignments_GNI_2_MC, 'Côte d'Ivoire',0,59, YF,0.88,0.29,1,2,2646,0,0,0,0,0,0,-1
High, UVP_assignments_GNI_2_MC, 'Côte d'Ivoire',0,60, YF,0.67,0.29,1,2,2646,0,0,0,0,0,0,-1
High, UVP_assignments_GNI_2_MC, 'Côte d'Ivoire',0,61, YF,0.99,0.29,1,2,2646,0,0,0,0,0,0,-1
High, UVP_assignments_GNI_2_MC, 'Côte d'Ivoire',0,62, YF,0.67,0.29,1,2,2646,0,0,0,0,0,0,-1
High, UVP_assignments_GNI_2_MC, DRC,0,1, BCG,0,0,2,2,622,0,0,0,0,0,0,-1
High, UVP_assignments_GNI_2_MC, DRC,0,2, BCG,-0.03,-0.27,2,2,622,0,0,0,0,0,0,-1
High, UVP_assignments_GNI_2_MC, DRC,0,3, BCG,0,0,2,2,622,0,0,0,0,0,0,-1
High, UVP_assignments_GNI_2_MC, DRC,0,4, BCG,-0.02,-0.12,2,2,622,0,0,0,0,0,0,-1
High, UVP_assignments_GNI_2_MC, DRC,0,5, DT,-0.05,-0.57,2,2,622,0,0,0,0,0,0,-1
High, UVP_assignments_GNI_2_MC, DRC,0,6, DT,-0.04,-0.38,2,2,622,0,0,0,0,0,0,-1
High, UVP_assignments_GNI_2_MC, DRC,0,7, DTP,-0.04,-0.42,2,2,622,0,0,0,0,0,0,-1
High, UVP_assignments_GNI_2_MC, DRC,0,8, DTP,-0.02,-0.17,2,2,622,0,0,0,0,0,0,-1
High, UVP_assignments_GNI_2_MC, DRC,0,9, DTP-HepB-Hib,-0.18,-0.42,2,2,622,0,0,0,0,0,0,-1
High, UVP_assignments_GNI_2_MC, DRC,0,10, DTP-HepB-Hib,-0.27,-0.42,2,2,622,0,0,0,0,0,0,-1
High, UVP_assignments_GNI_2_MC, DRC,0,11, DTP-HepB-Hib,-0.24,-0.42,2,2,622,0,0,0,0,0,0,-1
High, UVP_assignments_GNI_2_MC, DRC,0,12, DTP-HepB-Hib,-0.28,-0.42,2,2,622,0,0,0,0,0,0,-1
High, UVP_assignments_GNI_2_MC, DRC,0,13, DTP-HepB-Hib,-0.27,-0.42,2,2,622,0,0,0,0,0,0,-1
High, UVP_assignments_GNI_2_MC, DRC,0,14, DTP-HepB-Hib,-0.21,-0.48,2,2,622,0,0,0,0,0,0,-1
High, UVP_assignments_GNI_2_MC, DRC,0,15, DTP-HepB-Hib,-0.18,-0.42,2,2,622,0,0,0,0,0,0,-1
High, UVP_assignments_GNI_2_MC, DRC,0,16, DTP-HepB-Hib,-0.19,-0.42,2,2,622,0,0,0,0,0,0,-1
High, UVP_assignments_GNI_2_MC, DRC,0,17, HPV,1.41,0.56,2,2,622,0,0,0,0,0,0,-1
High, UVP_assignments_GNI_2_MC, DRC,0,18, HPV,-1.4,-0.56,2,2,622,0,0,0,0,0,0,-1
High, UVP_assignments_GNI_2_MC, DRC,0,19, HepB,-0.11,-0.42,2,2,622,0,0,0,0,0,0,-1
High, UVP_assignments_GNI_2_MC, DRC,0,20, HepB,-0.16,-0.48,2,2,622,0,0,0,0,0,0,-1
High, UVP_assignments_GNI_2_MC, DRC,0,21, HepB,-0.06,-0.42,2,2,622,0,0,0,0,0,0,-1
High, UVP_assignments_GNI_2_MC, DRC,0,22, HepB,-0.07,-0.48,2,2,622,0,0,0,0,0,0,-1
High, UVP_assignments_GNI_2_MC, DRC,0,23, Hib,-0.5,-0.42,2,2,622,0,0,0,0,0,0,-1
High, UVP_assignments_GNI_2_MC, DRC,0,24, IPV,0,0,2,2,622,0,0,0,0,0,0,-1
High, UVP_assignments_GNI_2_MC, DRC,0,25, IPV,-0.57,-0.42,2,2,622,0,0,0,0,0,0,-1
High, UVP_assignments_GNI_2_MC, DRC,0,26, IPV,0.05,0.03,2,2,622,0,0,0,0,0,0,-1
High, UVP_assignments_GNI_2_MC, DRC,0,27, IPV,-0.16,-0.17,2,2,622,0,0,0,0,0,0,-1
High, UVP_assignments_GNI_2_MC, DRC,0,28, IPV,0,0,2,2,622,0,0,0,0,0,0,-1
High, UVP_assignments_GNI_2_MC, DRC,0,29, IPV,-0.26,-0.17,2,2,622,0,0,0,0,0,0,-1
High, UVP_assignments_GNI_2_MC, DRC,0,30, MMR,-0.44,-0.57,2,2,622,0,0,0,0,0,0,-1
High, UVP_assignments_GNI_2_MC, DRC,0,31, MMR,-0.89,-0.36,2,2,622,0,0,0,0,0,0,-1
High, UVP_assignments_GNI_2_MC, DRC,0,32, MMR,0.11,0.07,2,2,622,0,0,0,0,0,0,-1
High, UVP_assignments_GNI_2_MC, DRC,0,33, MMR,-0.26,-0.32,2,2,622,0,0,0,0,0,0,-1
High, UVP_assignments_GNI_2_MC, DRC,0,34, OPV,-0.06,-0.56,2,2,622,0,0,0,0,0,0,-1
High, UVP_assignments_GNI_2_MC, DRC,0,35, OPV,-0.03,-0.56,2,2,622,0,0,0,0,0,0,-1
High, UVP_assignments_GNI_2_MC, DRC,0,36, OPV,-0.04,-0.5,2,2,622,0,0,0,0,0,0,-1
High, UVP_assignments_GNI_2_MC, DRC,0,37, OPV,-0.04,-0.51,2,2,622,0,0,0,0,0,0,-1
High, UVP_assignments_GNI_2_MC, DRC,0,38, OPV,-0.03,-0.51,2,2,622,0,0,0,0,0,0,-1
High, UVP_assignments_GNI_2_MC, DRC,0,39, OPV,0,0.01,2,2,622,0,0,0,0,0,0,-1
High, UVP_assignments_GNI_2_MC, DRC,0,40, OPV,0.03,0.3,2,2,622,0,0,0,0,0,0,-1
High, UVP_assignments_GNI_2_MC, DRC,0,41, OPV,-0.04,-0.56,2,2,622,0,0,0,0,0,0,-1
High, UVP_assignments_GNI_2_MC, DRC,0,42, OPV,-0.05,-0.51,2,2,622,0,0,0,0,0,0,-1
High, UVP_assignments_GNI_2_MC, DRC,0,43, PCV,-0.85,-0.53,2,2,622,0,0,0,0,0,0,-1
High, UVP_assignments_GNI_2_MC, DRC,0,44, PCV,-0.69,-0.41,2,2,622,0,0,0,0,0,0,-1
High, UVP_assignments_GNI_2_MC, DRC,0,45, PCV,-0.69,-0.41,2,2,622,0,0,0,0,0,0,-1
High, UVP_assignments_GNI_2_MC, DRC,0,46, PCV,-0.78,-0.41,2,2,622,0,0,0,0,0,0,-1
High, UVP_assignments_GNI_2_MC, DRC,0,47, PCV,-0.71,-0.39,2,2,622,0,0,0,0,0,0,-1
High, UVP_assignments_GNI_2_MC, DRC,0,48, PCV,-0.85,-0.53,2,2,622,0,0,0,0,0,0,-1
High, UVP_assignments_GNI_2_MC, DRC,0,49, Rota,-0.26,-0.56,2,2,622,0,0,0,0,0,0,-1
High, UVP_assignments_GNI_2_MC, DRC,0,50, Rota,0.03,0.06,2,2,622,0,0,0,0,0,0,-1
High, UVP_assignments_GNI_2_MC, DRC,0,51, Rota,-0.39,-0.3,2,2,622,0,0,0,0,0,0,-1
High, UVP_assignments_GNI_2_MC, DRC,0,52, Td,0.03,0.48,2,2,622,0,0,0,0,0,0,-1
High, UVP_assignments_GNI_2_MC, DRC,0,53, Td,0.03,0.48,2,2,622,0,0,0,0,0,0,-1
High, UVP_assignments_GNI_2_MC, DRC,0,54, Td,0,0,2,2,622,0,0,0,0,0,0,-1
High, UVP_assignments_GNI_2_MC, DRC,0,55, Td,-0.03,-0.34,2,2,622,0,0,0,0,0,0,-1
High, UVP_assignments_GNI_2_MC, DRC,0,56, Td,-0.02,-0.34,2,2,622,0,0,0,0,0,0,-1
High, UVP_assignments_GNI_2_MC, DRC,0,57, Td,-0.02,-0.27,2,2,622,0,0,0,0,0,0,-1
High, UVP_assignments_GNI_2_MC, DRC,0,58, Td,-0.01,-0.27,2,2,622,0,0,0,0,0,0,-1
High, UVP_assignments_GNI_2_MC, DRC,0,59, YF,-0.3,-0.42,2,2,622,0,0,0,0,0,0,-1
High, UVP_assignments_GNI_2_MC, DRC,0,60, YF,-0.22,-0.42,2,2,622,0,0,0,0,0,0,-1
High, UVP_assignments_GNI_2_MC, DRC,0,61, YF,0.44,0.56,2,2,622,0,0,0,0,0,0,-1
High, UVP_assignments_GNI_2_MC, DRC,0,62, YF,-0.22,-0.42,2,2,622,0,0,0,0,0,0,-1
High, UVP_assignments_GNI_2_MC, Djibouti,0,1, BCG,0,0,1,2,3869,0,0,0,0,0,0,-1
High, UVP_assignments_GNI_2_MC, Djibouti,0,2, BCG,0.32,0.49,1,2,3869,0,0,0,0,0,0,-1
High, UVP_assignments_GNI_2_MC, Djibouti,0,3, BCG,0,0,1,2,3869,0,0,0,0,0,0,-1
High, UVP_assignments_GNI_2_MC, Djibouti,0,4, BCG,0.34,0.35,1,2,3869,0,0,0,0,0,0,-1
High, UVP_assignments_GNI_2_MC, Djibouti,0,5, DT,0,0,1,2,3869,0,0,0,0,0,0,-1
High, UVP_assignments_GNI_2_MC, Djibouti,0,6, DT,0.3,0.52,1,2,3869,0,0,0,0,0,0,-1
High, UVP_assignments_GNI_2_MC, Djibouti,0,7, DTP,0.3,0.52,1,2,3869,0,0,0,0,0,0,-1
High, UVP_assignments_GNI_2_MC, Djibouti,0,8, DTP,0.34,0.52,1,2,3869,0,0,0,0,0,0,-1
High, UVP_assignments_GNI_2_MC, Djibouti,0,9, DTP-HepB-Hib,1.39,0.52,1,2,3869,0,0,0,0,0,0,-1
High, UVP_assignments_GNI_2_MC, Djibouti,0,10, DTP-HepB-Hib,2.04,0.52,1,2,3869,0,0,0,0,0,0,-1
High, UVP_assignments_GNI_2_MC, Djibouti,0,11, DTP-HepB-Hib,1.87,0.52,1,2,3869,0,0,0,0,0,0,-1
High, UVP_assignments_GNI_2_MC, Djibouti,0,12, DTP-HepB-Hib,2.12,0.52,1,2,3869,0,0,0,0,0,0,-1
High, UVP_assignments_GNI_2_MC, Djibouti,0,13, DTP-HepB-Hib,2.04,0.52,1,2,3869,0,0,0,0,0,0,-1
High, UVP_assignments_GNI_2_MC, Djibouti,0,14, DTP-HepB-Hib,1.44,0.52,1,2,3869,0,0,0,0,0,0,-1
High, UVP_assignments_GNI_2_MC, Djibouti,0,15, DTP-HepB-Hib,1.33,0.52,1,2,3869,0,0,0,0,0,0,-1
High, UVP_assignments_GNI_2_MC, Djibouti,0,16, DTP-HepB-Hib,1.42,0.52,1,2,3869,0,0,0,0,0,0,-1
High, UVP_assignments_GNI_2_MC, Djibouti,0,17, HPV,8.18,0.52,1,2,3869,0,0,0,0,0,0,-1
High, UVP_assignments_GNI_2_MC, Djibouti,0,18, HPV,4.81,0.31,1,2,3869,0,0,0,0,0,0,-1
High, UVP_assignments_GNI_2_MC, Djibouti,0,19, HepB,0.87,0.52,1,2,3869,0,0,0,0,0,0,-1
High, UVP_assignments_GNI_2_MC, Djibouti,0,20, HepB,1.07,0.52,1,2,3869,0,0,0,0,0,0,-1
High, UVP_assignments_GNI_2_MC, Djibouti,0,21, HepB,0.43,0.52,1,2,3869,0,0,0,0,0,0,-1
High, UVP_assignments_GNI_2_MC, Djibouti,0,22, HepB,0.44,0.52,1,2,3869,0,0,0,0,0,0,-1
High, UVP_assignments_GNI_2_MC, Djibouti,0,23, Hib,3.82,0.52,1,2,3869,0,0,0,0,0,0,-1
High, UVP_assignments_GNI_2_MC, Djibouti,0,24, IPV,2.23,0.31,1,2,3869,0,0,0,0,0,0,-1
High, UVP_assignments_GNI_2_MC, Djibouti,0,25, IPV,4.35,0.52,1,2,3869,0,0,0,0,0,0,-1
High, UVP_assignments_GNI_2_MC, Djibouti,0,26, IPV,3.5,0.33,1,2,3869,0,0,0,0,0,0,-1
High, UVP_assignments_GNI_2_MC, Djibouti,0,27, IPV,2.08,0.35,1,2,3869,0,0,0,0,0,0,-1
High, UVP_assignments_GNI_2_MC, Djibouti,0,28, IPV,2.49,0.31,1,2,3869,0,0,0,0,0,0,-1
High, UVP_assignments_GNI_2_MC, Djibouti,0,29, IPV,3.33,0.35,1,2,3869,0,0,0,0,0,0,-1
High, UVP_assignments_GNI_2_MC, Djibouti,0,30, MMR,0,0,1,2,3869,0,0,0,0,0,0,-1
High, UVP_assignments_GNI_2_MC, Djibouti,0,31, MMR,7.95,0.52,1,2,3869,0,0,0,0,0,0,-1
High, UVP_assignments_GNI_2_MC, Djibouti,0,32, MMR,3.26,0.32,1,2,3869,0,0,0,0,0,0,-1
High, UVP_assignments_GNI_2_MC, Djibouti,0,33, MMR,1.93,0.38,1,2,3869,0,0,0,0,0,0,-1
High, UVP_assignments_GNI_2_MC, Djibouti,0,34, OPV,0.19,0.31,1,2,3869,0,0,0,0,0,0,-1
High, UVP_assignments_GNI_2_MC, Djibouti,0,35, OPV,0.1,0.31,1,2,3869,0,0,0,0,0,0,-1
High, UVP_assignments_GNI_2_MC, Djibouti,0,36, OPV,0.23,0.52,1,2,3869,0,0,0,0,0,0,-1
High, UVP_assignments_GNI_2_MC, Djibouti,0,37, OPV,0.25,0.52,1,2,3869,0,0,0,0,0,0,-1
High, UVP_assignments_GNI_2_MC, Djibouti,0,38, OPV,0.21,0.52,1,2,3869,0,0,0,0,0,0,-1
High, UVP_assignments_GNI_2_MC, Djibouti,0,39, OPV,0.15,0.33,1,2,3869,0,0,0,0,0,0,-1
High, UVP_assignments_GNI_2_MC, Djibouti,0,40, OPV,0.2,0.31,1,2,3869,0,0,0,0,0,0,-1
High, UVP_assignments_GNI_2_MC, Djibouti,0,41, OPV,0.15,0.31,1,2,3869,0,0,0,0,0,0,-1
High, UVP_assignments_GNI_2_MC, Djibouti,0,42, OPV,0.3,0.52,1,2,3869,0,0,0,0,0,0,-1
High, UVP_assignments_GNI_2_MC, Djibouti,0,43, PCV,3.1,0.31,1,2,3869,0,0,0,0,0,0,-1
High, UVP_assignments_GNI_2_MC, Djibouti,0,44, PCV,5.42,0.52,1,2,3869,0,0,0,0,0,0,-1
High, UVP_assignments_GNI_2_MC, Djibouti,0,45, PCV,5.42,0.52,1,2,3869,0,0,0,0,0,0,-1
High, UVP_assignments_GNI_2_MC, Djibouti,0,46, PCV,6.13,0.52,1,2,3869,0,0,0,0,0,0,-1
High, UVP_assignments_GNI_2_MC, Djibouti,0,47, PCV,5.51,0.49,1,2,3869,0,0,0,0,0,0,-1
High, UVP_assignments_GNI_2_MC, Djibouti,0,48, PCV,3.1,0.31,1,2,3869,0,0,0,0,0,0,-1
High, UVP_assignments_GNI_2_MC, Djibouti,0,49, Rota,0.91,0.31,1,2,3869,0,0,0,0,0,0,-1
High, UVP_assignments_GNI_2_MC, Djibouti,0,50, Rota,1.07,0.33,1,2,3869,0,0,0,0,0,0,-1
High, UVP_assignments_GNI_2_MC, Djibouti,0,51, Rota,4.18,0.52,1,2,3869,0,0,0,0,0,0,-1
High, UVP_assignments_GNI_2_MC, Djibouti,0,52, Td,0.2,0.52,1,2,3869,0,0,0,0,0,0,-1
High, UVP_assignments_GNI_2_MC, Djibouti,0,53, Td,0.2,0.52,1,2,3869,0,0,0,0,0,0,-1
High, UVP_assignments_GNI_2_MC, Djibouti,0,54, Td,0,0,1,2,3869,0,0,0,0,0,0,-1
High, UVP_assignments_GNI_2_MC, Djibouti,0,55, Td,0.25,0.52,1,2,3869,0,0,0,0,0,0,-1
High, UVP_assignments_GNI_2_MC, Djibouti,0,56, Td,0.18,0.52,1,2,3869,0,0,0,0,0,0,-1
High, UVP_assignments_GNI_2_MC, Djibouti,0,57, Td,0.18,0.52,1,2,3869,0,0,0,0,0,0,-1
High, UVP_assignments_GNI_2_MC, Djibouti,0,58, Td,0.16,0.52,1,2,3869,0,0,0,0,0,0,-1
High, UVP_assignments_GNI_2_MC, Djibouti,0,59, YF,2.28,0.52,1,2,3869,0,0,0,0,0,0,-1
High, UVP_assignments_GNI_2_MC, Djibouti,0,60, YF,1.72,0.52,1,2,3869,0,0,0,0,0,0,-1
High, UVP_assignments_GNI_2_MC, Djibouti,0,61, YF,2.56,0.52,1,2,3869,0,0,0,0,0,0,-1
High, UVP_assignments_GNI_2_MC, Djibouti,0,62, YF,1.72,0.52,1,2,3869,0,0,0,0,0,0,-1
High, UVP_assignments_GNI_2_MC, Eritrea,0,1, BCG,0,0,2,2,678,0,0,0,0,0,0,-1
High, UVP_assignments_GNI_2_MC, Eritrea,0,2, BCG,-0.02,-0.16,2,2,678,0,0,0,0,0,0,-1
High, UVP_assignments_GNI_2_MC, Eritrea,0,3, BCG,0,0,2,2,678,0,0,0,0,0,0,-1
High, UVP_assignments_GNI_2_MC, Eritrea,0,4, BCG,0,-0.03,2,2,678,0,0,0,0,0,0,-1
High, UVP_assignments_GNI_2_MC, Eritrea,0,5, DT,-0.04,-0.44,2,2,678,0,0,0,0,0,0,-1
High, UVP_assignments_GNI_2_MC, Eritrea,0,6, DT,-0.03,-0.27,2,2,678,0,0,0,0,0,0,-1
High, UVP_assignments_GNI_2_MC, Eritrea,0,7, DTP,-0.03,-0.31,2,2,678,0,0,0,0,0,0,-1
High, UVP_assignments_GNI_2_MC, Eritrea,0,8, DTP,-0.01,-0.08,2,2,678,0,0,0,0,0,0,-1
High, UVP_assignments_GNI_2_MC, Eritrea,0,9, DTP-HepB-Hib,-0.14,-0.31,2,2,678,0,0,0,0,0,0,-1
High, UVP_assignments_GNI_2_MC, Eritrea,0,10, DTP-HepB-Hib,-0.21,-0.3,2,2,678,0,0,0,0,0,0,-1
High, UVP_assignments_GNI_2_MC, Eritrea,0,11, DTP-HepB-Hib,-0.19,-0.3,2,2,678,0,0,0,0,0,0,-1
High, UVP_assignments_GNI_2_MC, Eritrea,0,12, DTP-HepB-Hib,-0.22,-0.31,2,2,678,0,0,0,0,0,0,-1
High, UVP_assignments_GNI_2_MC, Eritrea,0,13, DTP-HepB-Hib,-0.21,-0.31,2,2,678,0,0,0,0,0,0,-1
High, UVP_assignments_GNI_2_MC, Eritrea,0,14, DTP-HepB-Hib,-0.17,-0.35,2,2,678,0,0,0,0,0,0,-1
High, UVP_assignments_GNI_2_MC, Eritrea,0,15, DTP-HepB-Hib,-0.14,-0.31,2,2,678,0,0,0,0,0,0,-1
High, UVP_assignments_GNI_2_MC, Eritrea,0,16, DTP-HepB-Hib,-0.15,-0.31,2,2,678,0,0,0,0,0,0,-1
High, UVP_assignments_GNI_2_MC, Eritrea,0,17, HPV,1.64,0.59,2,2,678,0,0,0,0,0,0,-1
High, UVP_assignments_GNI_2_MC, Eritrea,0,18, HPV,-1.18,-0.43,2,2,678,0,0,0,0,0,0,-1
High, UVP_assignments_GNI_2_MC, Eritrea,0,19, HepB,-0.09,-0.31,2,2,678,0,0,0,0,0,0,-1
High, UVP_assignments_GNI_2_MC, Eritrea,0,20, HepB,-0.13,-0.35,2,2,678,0,0,0,0,0,0,-1
High, UVP_assignments_GNI_2_MC, Eritrea,0,21, HepB,-0.04,-0.31,2,2,678,0,0,0,0,0,0,-1
High, UVP_assignments_GNI_2_MC, Eritrea,0,22, HepB,-0.05,-0.35,2,2,678,0,0,0,0,0,0,-1
High, UVP_assignments_GNI_2_MC, Eritrea,0,23, Hib,-0.39,-0.3,2,2,678,0,0,0,0,0,0,-1
High, UVP_assignments_GNI_2_MC, Eritrea,0,24, IPV,0,0,2,2,678,0,0,0,0,0,0,-1
High, UVP_assignments_GNI_2_MC, Eritrea,0,25, IPV,-0.44,-0.3,2,2,678,0,0,0,0,0,0,-1
High, UVP_assignments_GNI_2_MC, Eritrea,0,26, IPV,0.21,0.11,2,2,678,0,0,0,0,0,0,-1
High, UVP_assignments_GNI_2_MC, Eritrea,0,27, IPV,-0.07,-0.07,2,2,678,0,0,0,0,0,0,-1
High, UVP_assignments_GNI_2_MC, Eritrea,0,28, IPV,0,0,2,2,678,0,0,0,0,0,0,-1
High, UVP_assignments_GNI_2_MC, Eritrea,0,29, IPV,-0.12,-0.07,2,2,678,0,0,0,0,0,0,-1
High, UVP_assignments_GNI_2_MC, Eritrea,0,30, MMR,-0.37,-0.44,2,2,678,0,0,0,0,0,0,-1
High, UVP_assignments_GNI_2_MC, Eritrea,0,31, MMR,-0.67,-0.25,2,2,678,0,0,0,0,0,0,-1
High, UVP_assignments_GNI_2_MC, Eritrea,0,32, MMR,0.26,0.15,2,2,678,0,0,0,0,0,0,-1
High, UVP_assignments_GNI_2_MC, Eritrea,0,33, MMR,-0.19,-0.21,2,2,678,0,0,0,0,0,0,-1
High, UVP_assignments_GNI_2_MC, Eritrea,0,34, OPV,-0.05,-0.43,2,2,678,0,0,0,0,0,0,-1
High, UVP_assignments_GNI_2_MC, Eritrea,0,35, OPV,-0.02,-0.43,2,2,678,0,0,0,0,0,0,-1
High, UVP_assignments_GNI_2_MC, Eritrea,0,36, OPV,-0.03,-0.38,2,2,678,0,0,0,0,0,0,-1
High, UVP_assignments_GNI_2_MC, Eritrea,0,37, OPV,-0.03,-0.38,2,2,678,0,0,0,0,0,0,-1
High, UVP_assignments_GNI_2_MC, Eritrea,0,38, OPV,-0.03,-0.38,2,2,678,0,0,0,0,0,0,-1
High, UVP_assignments_GNI_2_MC, Eritrea,0,39, OPV,0.01,0.09,2,2,678,0,0,0,0,0,0,-1
High, UVP_assignments_GNI_2_MC, Eritrea,0,40, OPV,0.04,0.36,2,2,678,0,0,0,0,0,0,-1
High, UVP_assignments_GNI_2_MC, Eritrea,0,41, OPV,-0.04,-0.43,2,2,678,0,0,0,0,0,0,-1
High, UVP_assignments_GNI_2_MC, Eritrea,0,42, OPV,-0.04,-0.38,2,2,678,0,0,0,0,0,0,-1
High, UVP_assignments_GNI_2_MC, Eritrea,0,43, PCV,-0.7,-0.4,2,2,678,0,0,0,0,0,0,-1
High, UVP_assignments_GNI_2_MC, Eritrea,0,44, PCV,-0.54,-0.29,2,2,678,0,0,0,0,0,0,-1
High, UVP_assignments_GNI_2_MC, Eritrea,0,45, PCV,-0.54,-0.29,2,2,678,0,0,0,0,0,0,-1
High, UVP_assignments_GNI_2_MC, Eritrea,0,46, PCV,-0.61,-0.29,2,2,678,0,0,0,0,0,0,-1
High, UVP_assignments_GNI_2_MC, Eritrea,0,47, PCV,-0.54,-0.27,2,2,678,0,0,0,0,0,0,-1
High, UVP_assignments_GNI_2_MC, Eritrea,0,48, PCV,-0.7,-0.4,2,2,678,0,0,0,0,0,0,-1
High, UVP_assignments_GNI_2_MC, Eritrea,0,49, Rota,-0.22,-0.43,2,2,678,0,0,0,0,0,0,-1
High, UVP_assignments_GNI_2_MC, Eritrea,0,50, Rota,0.08,0.14,2,2,678,0,0,0,0,0,0,-1
High, UVP_assignments_GNI_2_MC, Eritrea,0,51, Rota,-0.27,-0.19,2,2,678,0,0,0,0,0,0,-1
High, UVP_assignments_GNI_2_MC, Eritrea,0,52, Td,0.03,0.52,2,2,678,0,0,0,0,0,0,-1
High, UVP_assignments_GNI_2_MC, Eritrea,0,53, Td,0.03,0.52,2,2,678,0,0,0,0,0,0,-1
High, UVP_assignments_GNI_2_MC, Eritrea,0,54, Td,0,0,2,2,678,0,0,0,0,0,0,-1
High, UVP_assignments_GNI_2_MC, Eritrea,0,55, Td,-0.02,-0.23,2,2,678,0,0,0,0,0,0,-1
High, UVP_assignments_GNI_2_MC, Eritrea,0,56, Td,-0.01,-0.23,2,2,678,0,0,0,0,0,0,-1
High, UVP_assignments_GNI_2_MC, Eritrea,0,57, Td,-0.01,-0.17,2,2,678,0,0,0,0,0,0,-1
High, UVP_assignments_GNI_2_MC, Eritrea,0,58, Td,-0.01,-0.17,2,2,678,0,0,0,0,0,0,-1
High, UVP_assignments_GNI_2_MC, Eritrea,0,59, YF,-0.23,-0.3,2,2,678,0,0,0,0,0,0,-1
High, UVP_assignments_GNI_2_MC, Eritrea,0,60, YF,-0.18,-0.3,2,2,678,0,0,0,0,0,0,-1
High, UVP_assignments_GNI_2_MC, Eritrea,0,61, YF,0.51,0.59,2,2,678,0,0,0,0,0,0,-1
High, UVP_assignments_GNI_2_MC, Eritrea,0,62, YF,-0.18,-0.3,2,2,678,0,0,0,0,0,0,-1
High, UVP_assignments_GNI_2_MC, Ethiopia,0,1, BCG,0,0,2,2,882,0,0,0,0,0,0,-1
High, UVP_assignments_GNI_2_MC, Ethiopia,0,2, BCG,0.02,0.11,2,2,882,0,0,0,0,0,0,-1
High, UVP_assignments_GNI_2_MC, Ethiopia,0,3, BCG,0,0,2,2,882,0,0,0,0,0,0,-1
High, UVP_assignments_GNI_2_MC, Ethiopia,0,4, BCG,0.05,0.21,2,2,882,0,0,0,0,0,0,-1
High, UVP_assignments_GNI_2_MC, Ethiopia,0,5, DT,-0.01,-0.1,2,2,882,0,0,0,0,0,0,-1
High, UVP_assignments_GNI_2_MC, Ethiopia,0,6, DT,0,0.03,2,2,882,0,0,0,0,0,0,-1
High, UVP_assignments_GNI_2_MC, Ethiopia,0,7, DTP,0,0,2,2,882,0,0,0,0,0,0,-1
High, UVP_assignments_GNI_2_MC, Ethiopia,0,8, DTP,0.03,0.17,2,2,882,0,0,0,0,0,0,-1
High, UVP_assignments_GNI_2_MC, Ethiopia,0,9, DTP-HepB-Hib,0,0,2,2,882,0,0,0,0,0,0,-1
High, UVP_assignments_GNI_2_MC, Ethiopia,0,10, DTP-HepB-Hib,0,0,2,2,882,0,0,0,0,0,0,-1
High, UVP_assignments_GNI_2_MC, Ethiopia,0,11, DTP-HepB-Hib,0,0,2,2,882,0,0,0,0,0,0,-1
High, UVP_assignments_GNI_2_MC, Ethiopia,0,12, DTP-HepB-Hib,0,0,2,2,882,0,0,0,0,0,0,-1
High, UVP_assignments_GNI_2_MC, Ethiopia,0,13, DTP-HepB-Hib,0,0,2,2,882,0,0,0,0,0,0,-1
High, UVP_assignments_GNI_2_MC, Ethiopia,0,14, DTP-HepB-Hib,-0.03,-0.04,2,2,882,0,0,0,0,0,0,-1
High, UVP_assignments_GNI_2_MC, Ethiopia,0,15, DTP-HepB-Hib,0,0,2,2,882,0,0,0,0,0,0,-1
High, UVP_assignments_GNI_2_MC, Ethiopia,0,16, DTP-HepB-Hib,0,0,2,2,882,0,0,0,0,0,0,-1
High, UVP_assignments_GNI_2_MC, Ethiopia,0,17, HPV,2.48,0.69,2,2,882,0,0,0,0,0,0,-1
High, UVP_assignments_GNI_2_MC, Ethiopia,0,18, HPV,-0.36,-0.1,2,2,882,0,0,0,0,0,0,-1
High, UVP_assignments_GNI_2_MC, Ethiopia,0,19, HepB,0,0,2,2,882,0,0,0,0,0,0,-1
High, UVP_assignments_GNI_2_MC, Ethiopia,0,20, HepB,-0.02,-0.04,2,2,882,0,0,0,0,0,0,-1
High, UVP_assignments_GNI_2_MC, Ethiopia,0,21, HepB,0,0,2,2,882,0,0,0,0,0,0,-1
High, UVP_assignments_GNI_2_MC, Ethiopia,0,22, HepB,-0.01,-0.04,2,2,882,0,0,0,0,0,0,-1
High, UVP_assignments_GNI_2_MC, Ethiopia,0,23, Hib,0,0,2,2,882,0,0,0,0,0,0,-1
High, UVP_assignments_GNI_2_MC, Ethiopia,0,24, IPV,0,0,2,2,882,0,0,0,0,0,0,-1
High, UVP_assignments_GNI_2_MC, Ethiopia,0,25, IPV,0,0,2,2,882,0,0,0,0,0,0,-1
High, UVP_assignments_GNI_2_MC, Ethiopia,0,26, IPV,0.77,0.32,2,2,882,0,0,0,0,0,0,-1
High, UVP_assignments_GNI_2_MC, Ethiopia,0,27, IPV,0.24,0.18,2,2,882,0,0,0,0,0,0,-1
High, UVP_assignments_GNI_2_MC, Ethiopia,0,28, IPV,0,0,2,2,882,0,0,0,0,0,0,-1
High, UVP_assignments_GNI_2_MC, Ethiopia,0,29, IPV,0.39,0.18,2,2,882,0,0,0,0,0,0,-1
High, UVP_assignments_GNI_2_MC, Ethiopia,0,30, MMR,-0.12,-0.1,2,2,882,0,0,0,0,0,0,-1
High, UVP_assignments_GNI_2_MC, Ethiopia,0,31, MMR,0.14,0.04,2,2,882,0,0,0,0,0,0,-1
High, UVP_assignments_GNI_2_MC, Ethiopia,0,32, MMR,0.79,0.34,2,2,882,0,0,0,0,0,0,-1
High, UVP_assignments_GNI_2_MC, Ethiopia,0,33, MMR,0.08,0.07,2,2,882,0,0,0,0,0,0,-1
High, UVP_assignments_GNI_2_MC, Ethiopia,0,34, OPV,-0.01,-0.1,2,2,882,0,0,0,0,0,0,-1
High, UVP_assignments_GNI_2_MC, Ethiopia,0,35, OPV,-0.01,-0.1,2,2,882,0,0,0,0,0,0,-1
High, UVP_assignments_GNI_2_MC, Ethiopia,0,36, OPV,-0.01,-0.06,2,2,882,0,0,0,0,0,0,-1
High, UVP_assignments_GNI_2_MC, Ethiopia,0,37, OPV,-0.01,-0.06,2,2,882,0,0,0,0,0,0,-1
High, UVP_assignments_GNI_2_MC, Ethiopia,0,38, OPV,-0.01,-0.06,2,2,882,0,0,0,0,0,0,-1
High, UVP_assignments_GNI_2_MC, Ethiopia,0,39, OPV,0.03,0.3,2,2,882,0,0,0,0,0,0,-1
High, UVP_assignments_GNI_2_MC, Ethiopia,0,40, OPV,0.08,0.51,2,2,882,0,0,0,0,0,0,-1
High, UVP_assignments_GNI_2_MC, Ethiopia,0,41, OPV,-0.01,-0.1,2,2,882,0,0,0,0,0,0,-1
High, UVP_assignments_GNI_2_MC, Ethiopia,0,42, OPV,-0.01,-0.06,2,2,882,0,0,0,0,0,0,-1
High, UVP_assignments_GNI_2_MC, Ethiopia,0,43, PCV,-0.18,-0.08,2,2,882,0,0,0,0,0,0,-1
High, UVP_assignments_GNI_2_MC, Ethiopia,0,44, PCV,0.02,0.01,2,2,882,0,0,0,0,0,0,-1
High, UVP_assignments_GNI_2_MC, Ethiopia,0,45, PCV,0.02,0.01,2,2,882,0,0,0,0,0,0,-1
High, UVP_assignments_GNI_2_MC, Ethiopia,0,46, PCV,0.02,0.01,2,2,882,0,0,0,0,0,0,-1
High, UVP_assignments_GNI_2_MC, Ethiopia,0,47, PCV,0.06,0.02,2,2,882,0,0,0,0,0,0,-1
High, UVP_assignments_GNI_2_MC, Ethiopia,0,48, PCV,-0.18,-0.08,2,2,882,0,0,0,0,0,0,-1
High, UVP_assignments_GNI_2_MC, Ethiopia,0,49, Rota,-0.07,-0.1,2,2,882,0,0,0,0,0,0,-1
High, UVP_assignments_GNI_2_MC, Ethiopia,0,50, Rota,0.25,0.34,2,2,882,0,0,0,0,0,0,-1
High, UVP_assignments_GNI_2_MC, Ethiopia,0,51, Rota,0.15,0.08,2,2,882,0,0,0,0,0,0,-1
High, UVP_assignments_GNI_2_MC, Ethiopia,0,52, Td,0.05,0.63,2,2,882,0,0,0,0,0,0,-1
High, UVP_assignments_GNI_2_MC, Ethiopia,0,53, Td,0.05,0.63,2,2,882,0,0,0,0,0,0,-1
High, UVP_assignments_GNI_2_MC, Ethiopia,0,54, Td,0,0,2,2,882,0,0,0,0,0,0,-1
High, UVP_assignments_GNI_2_MC, Ethiopia,0,55, Td,0.01,0.06,2,2,882,0,0,0,0,0,0,-1
High, UVP_assignments_GNI_2_MC, Ethiopia,0,56, Td,0,0.06,2,2,882,0,0,0,0,0,0,-1
High, UVP_assignments_GNI_2_MC, Ethiopia,0,57, Td,0.01,0.1,2,2,882,0,0,0,0,0,0,-1
High, UVP_assignments_GNI_2_MC, Ethiopia,0,58, Td,0.01,0.1,2,2,882,0,0,0,0,0,0,-1
High, UVP_assignments_GNI_2_MC, Ethiopia,0,59, YF,0,0,2,2,882,0,0,0,0,0,0,-1
High, UVP_assignments_GNI_2_MC, Ethiopia,0,60, YF,0,0,2,2,882,0,0,0,0,0,0,-1
High, UVP_assignments_GNI_2_MC, Ethiopia,0,61, YF,0.78,0.69,2,2,882,0,0,0,0,0,0,-1
High, UVP_assignments_GNI_2_MC, Ethiopia,0,62, YF,0,0,2,2,882,0,0,0,0,0,0,-1
High, UVP_assignments_GNI_2_MC, Gambia,0,1, BCG,0,0,2,2,847,0,0,0,0,0,0,-1
High, UVP_assignments_GNI_2_MC, Gambia,0,2, BCG,0.01,0.07,2,2,847,0,0,0,0,0,0,-1
High, UVP_assignments_GNI_2_MC, Gambia,0,3, BCG,0,0,2,2,847,0,0,0,0,0,0,-1
High, UVP_assignments_GNI_2_MC, Gambia,0,4, BCG,0.04,0.18,2,2,847,0,0,0,0,0,0,-1
High, UVP_assignments_GNI_2_MC, Gambia,0,5, DT,-0.02,-0.15,2,2,847,0,0,0,0,0,0,-1
High, UVP_assignments_GNI_2_MC, Gambia,0,6, DT,0,-0.02,2,2,847,0,0,0,0,0,0,-1
High, UVP_assignments_GNI_2_MC, Gambia,0,7, DTP,-0.01,-0.05,2,2,847,0,0,0,0,0,0,-1
High, UVP_assignments_GNI_2_MC, Gambia,0,8, DTP,0.02,0.14,2,2,847,0,0,0,0,0,0,-1
High, UVP_assignments_GNI_2_MC, Gambia,0,9, DTP-HepB-Hib,-0.03,-0.05,2,2,847,0,0,0,0,0,0,-1
High, UVP_assignments_GNI_2_MC, Gambia,0,10, DTP-HepB-Hib,-0.04,-0.04,2,2,847,0,0,0,0,0,0,-1
High, UVP_assignments_GNI_2_MC, Gambia,0,11, DTP-HepB-Hib,-0.03,-0.04,2,2,847,0,0,0,0,0,0,-1
High, UVP_assignments_GNI_2_MC, Gambia,0,12, DTP-HepB-Hib,-0.04,-0.05,2,2,847,0,0,0,0,0,0,-1
High, UVP_assignments_GNI_2_MC, Gambia,0,13, DTP-HepB-Hib,-0.04,-0.05,2,2,847,0,0,0,0,0,0,-1
High, UVP_assignments_GNI_2_MC, Gambia,0,14, DTP-HepB-Hib,-0.05,-0.09,2,2,847,0,0,0,0,0,0,-1
High, UVP_assignments_GNI_2_MC, Gambia,0,15, DTP-HepB-Hib,-0.03,-0.05,2,2,847,0,0,0,0,0,0,-1
High, UVP_assignments_GNI_2_MC, Gambia,0,16, DTP-HepB-Hib,-0.03,-0.05,2,2,847,0,0,0,0,0,0,-1
High, UVP_assignments_GNI_2_MC, Gambia,0,17, HPV,2.33,0.67,2,2,847,0,0,0,0,0,0,-1
High, UVP_assignments_GNI_2_MC, Gambia,0,18, HPV,-0.51,-0.15,2,2,847,0,0,0,0,0,0,-1
High, UVP_assignments_GNI_2_MC, Gambia,0,19, HepB,-0.02,-0.05,2,2,847,0,0,0,0,0,0,-1
High, UVP_assignments_GNI_2_MC, Gambia,0,20, HepB,-0.04,-0.09,2,2,847,0,0,0,0,0,0,-1
High, UVP_assignments_GNI_2_MC, Gambia,0,21, HepB,-0.01,-0.05,2,2,847,0,0,0,0,0,0,-1
High, UVP_assignments_GNI_2_MC, Gambia,0,22, HepB,-0.02,-0.09,2,2,847,0,0,0,0,0,0,-1
High, UVP_assignments_GNI_2_MC, Gambia,0,23, Hib,-0.07,-0.04,2,2,847,0,0,0,0,0,0,-1
High, UVP_assignments_GNI_2_MC, Gambia,0,24, IPV,0,0,2,2,847,0,0,0,0,0,0,-1
High, UVP_assignments_GNI_2_MC, Gambia,0,25, IPV,-0.08,-0.04,2,2,847,0,0,0,0,0,0,-1
High, UVP_assignments_GNI_2_MC, Gambia,0,26, IPV,0.67,0.29,2,2,847,0,0,0,0,0,0,-1
High, UVP_assignments_GNI_2_MC, Gambia,0,27, IPV,0.19,0.14,2,2,847,0,0,0,0,0,0,-1
High, UVP_assignments_GNI_2_MC, Gambia,0,28, IPV,0,0,2,2,847,0,0,0,0,0,0,-1
High, UVP_assignments_GNI_2_MC, Gambia,0,29, IPV,0.3,0.14,2,2,847,0,0,0,0,0,0,-1
High, UVP_assignments_GNI_2_MC, Gambia,0,30, MMR,-0.16,-0.15,2,2,847,0,0,0,0,0,0,-1
High, UVP_assignments_GNI_2_MC, Gambia,0,31, MMR,0,0,2,2,847,0,0,0,0,0,0,-1
High, UVP_assignments_GNI_2_MC, Gambia,0,32, MMR,0.7,0.32,2,2,847,0,0,0,0,0,0,-1
High, UVP_assignments_GNI_2_MC, Gambia,0,33, MMR,0.03,0.03,2,2,847,0,0,0,0,0,0,-1
High, UVP_assignments_GNI_2_MC, Gambia,0,34, OPV,-0.02,-0.15,2,2,847,0,0,0,0,0,0,-1
High, UVP_assignments_GNI_2_MC, Gambia,0,35, OPV,-0.01,-0.15,2,2,847,0,0,0,0,0,0,-1
High, UVP_assignments_GNI_2_MC, Gambia,0,36, OPV,-0.01,-0.1,2,2,847,0,0,0,0,0,0,-1
High, UVP_assignments_GNI_2_MC, Gambia,0,37, OPV,-0.01,-0.11,2,2,847,0,0,0,0,0,0,-1
High, UVP_assignments_GNI_2_MC, Gambia,0,38, OPV,-0.01,-0.11,2,2,847,0,0,0,0,0,0,-1
High, UVP_assignments_GNI_2_MC, Gambia,0,39, OPV,0.03,0.27,2,2,847,0,0,0,0,0,0,-1
High, UVP_assignments_GNI_2_MC, Gambia,0,40, OPV,0.07,0.49,2,2,847,0,0,0,0,0,0,-1
High, UVP_assignments_GNI_2_MC, Gambia,0,41, OPV,-0.02,-0.15,2,2,847,0,0,0,0,0,0,-1
High, UVP_assignments_GNI_2_MC, Gambia,0,42, OPV,-0.01,-0.11,2,2,847,0,0,0,0,0,0,-1
High, UVP_assignments_GNI_2_MC, Gambia,0,43, PCV,-0.27,-0.12,2,2,847,0,0,0,0,0,0,-1
High, UVP_assignments_GNI_2_MC, Gambia,0,44, PCV,-0.08,-0.04,2,2,847,0,0,0,0,0,0,-1
High, UVP_assignments_GNI_2_MC, Gambia,0,45, PCV,-0.08,-0.04,2,2,847,0,0,0,0,0,0,-1
High, UVP_assignments_GNI_2_MC, Gambia,0,46, PCV,-0.09,-0.04,2,2,847,0,0,0,0,0,0,-1
High, UVP_assignments_GNI_2_MC, Gambia,0,47, PCV,-0.05,-0.02,2,2,847,0,0,0,0,0,0,-1
High, UVP_assignments_GNI_2_MC, Gambia,0,48, PCV,-0.27,-0.12,2,2,847,0,0,0,0,0,0,-1
High, UVP_assignments_GNI_2_MC, Gambia,0,49, Rota,-0.09,-0.15,2,2,847,0,0,0,0,0,0,-1
High, UVP_assignments_GNI_2_MC, Gambia,0,50, Rota,0.22,0.31,2,2,847,0,0,0,0,0,0,-1
High, UVP_assignments_GNI_2_MC, Gambia,0,51, Rota,0.08,0.05,2,2,847,0,0,0,0,0,0,-1
High, UVP_assignments_GNI_2_MC, Gambia,0,52, Td,0.05,0.62,2,2,847,0,0,0,0,0,0,-1
High, UVP_assignments_GNI_2_MC, Gambia,0,53, Td,0.05,0.62,2,2,847,0,0,0,0,0,0,-1
High, UVP_assignments_GNI_2_MC, Gambia,0,54, Td,0,0,2,2,847,0,0,0,0,0,0,-1
High, UVP_assignments_GNI_2_MC, Gambia,0,55, Td,0,0.02,2,2,847,0,0,0,0,0,0,-1
High, UVP_assignments_GNI_2_MC, Gambia,0,56, Td,0,0.02,2,2,847,0,0,0,0,0,0,-1
High, UVP_assignments_GNI_2_MC, Gambia,0,57, Td,0,0.07,2,2,847,0,0,0,0,0,0,-1
High, UVP_assignments_GNI_2_MC, Gambia,0,58, Td,0,0.07,2,2,847,0,0,0,0,0,0,-1
High, UVP_assignments_GNI_2_MC, Gambia,0,59, YF,-0.04,-0.04,2,2,847,0,0,0,0,0,0,-1
High, UVP_assignments_GNI_2_MC, Gambia,0,60, YF,-0.03,-0.04,2,2,847,0,0,0,0,0,0,-1
High, UVP_assignments_GNI_2_MC, Gambia,0,61, YF,0.73,0.67,2,2,847,0,0,0,0,0,0,-1
High, UVP_assignments_GNI_2_MC, Gambia,0,62, YF,-0.03,-0.04,2,2,847,0,0,0,0,0,0,-1
High, UVP_assignments_GNI_2_MC, Ghana,0,1, BCG,0,0,1,2,2557,0,0,0,0,0,0,-1
High, UVP_assignments_GNI_2_MC, Ghana,0,2, BCG,0.1,0.22,1,2,2557,0,0,0,0,0,0,-1
High, UVP_assignments_GNI_2_MC, Ghana,0,3, BCG,0,0,1,2,2557,0,0,0,0,0,0,-1
High, UVP_assignments_GNI_2_MC, Ghana,0,4, BCG,0.01,0.02,1,2,2557,0,0,0,0,0,0,-1
High, UVP_assignments_GNI_2_MC, Ghana,0,5, DT,0,0,1,2,2557,0,0,0,0,0,0,-1
High, UVP_assignments_GNI_2_MC, Ghana,0,6, DT,0.1,0.27,1,2,2557,0,0,0,0,0,0,-1
High, UVP_assignments_GNI_2_MC, Ghana,0,7, DTP,0.1,0.27,1,2,2557,0,0,0,0,0,0,-1
High, UVP_assignments_GNI_2_MC, Ghana,0,8, DTP,0.12,0.27,1,2,2557,0,0,0,0,0,0,-1
High, UVP_assignments_GNI_2_MC, Ghana,0,9, DTP-HepB-Hib,0.48,0.27,1,2,2557,0,0,0,0,0,0,-1
High, UVP_assignments_GNI_2_MC, Ghana,0,10, DTP-HepB-Hib,0.7,0.27,1,2,2557,0,0,0,0,0,0,-1
High, UVP_assignments_GNI_2_MC, Ghana,0,11, DTP-HepB-Hib,0.64,0.27,1,2,2557,0,0,0,0,0,0,-1
High, UVP_assignments_GNI_2_MC, Ghana,0,12, DTP-HepB-Hib,0.73,0.27,1,2,2557,0,0,0,0,0,0,-1
High, UVP_assignments_GNI_2_MC, Ghana,0,13, DTP-HepB-Hib,0.7,0.27,1,2,2557,0,0,0,0,0,0,-1
High, UVP_assignments_GNI_2_MC, Ghana,0,14, DTP-HepB-Hib,0.49,0.27,1,2,2557,0,0,0,0,0,0,-1
High, UVP_assignments_GNI_2_MC, Ghana,0,15, DTP-HepB-Hib,0.46,0.27,1,2,2557,0,0,0,0,0,0,-1
High, UVP_assignments_GNI_2_MC, Ghana,0,16, DTP-HepB-Hib,0.49,0.27,1,2,2557,0,0,0,0,0,0,-1
High, UVP_assignments_GNI_2_MC, Ghana,0,17, HPV,2.81,0.27,1,2,2557,0,0,0,0,0,0,-1
High, UVP_assignments_GNI_2_MC, Ghana,0,18, HPV,-0.44,-0.04,1,2,2557,0,0,0,0,0,0,-1
High, UVP_assignments_GNI_2_MC, Ghana,0,19, HepB,0.3,0.27,1,2,2557,0,0,0,0,0,0,-1
High, UVP_assignments_GNI_2_MC, Ghana,0,20, HepB,0.37,0.27,1,2,2557,0,0,0,0,0,0,-1
High, UVP_assignments_GNI_2_MC, Ghana,0,21, HepB,0.15,0.27,1,2,2557,0,0,0,0,0,0,-1
High, UVP_assignments_GNI_2_MC, Ghana,0,22, HepB,0.15,0.27,1,2,2557,0,0,0,0,0,0,-1
High, UVP_assignments_GNI_2_MC, Ghana,0,23, Hib,1.31,0.27,1,2,2557,0,0,0,0,0,0,-1
High, UVP_assignments_GNI_2_MC, Ghana,0,24, IPV,-0.2,-0.04,1,2,2557,0,0,0,0,0,0,-1
High, UVP_assignments_GNI_2_MC, Ghana,0,25, IPV,1.5,0.27,1,2,2557,0,0,0,0,0,0,-1
High, UVP_assignments_GNI_2_MC, Ghana,0,26, IPV,-0.12,-0.02,1,2,2557,0,0,0,0,0,0,-1
High, UVP_assignments_GNI_2_MC, Ghana,0,27, IPV,0.04,0.01,1,2,2557,0,0,0,0,0,0,-1
High, UVP_assignments_GNI_2_MC, Ghana,0,28, IPV,-0.23,-0.04,1,2,2557,0,0,0,0,0,0,-1
High, UVP_assignments_GNI_2_MC, Ghana,0,29, IPV,0.06,0.01,1,2,2557,0,0,0,0,0,0,-1
High, UVP_assignments_GNI_2_MC, Ghana,0,30, MMR,0,0,1,2,2557,0,0,0,0,0,0,-1
High, UVP_assignments_GNI_2_MC, Ghana,0,31, MMR,2.73,0.27,1,2,2557,0,0,0,0,0,0,-1
High, UVP_assignments_GNI_2_MC, Ghana,0,32, MMR,-0.18,-0.03,1,2,2557,0,0,0,0,0,0,-1
High, UVP_assignments_GNI_2_MC, Ghana,0,33, MMR,0.22,0.07,1,2,2557,0,0,0,0,0,0,-1
High, UVP_assignments_GNI_2_MC, Ghana,0,34, OPV,-0.02,-0.04,1,2,2557,0,0,0,0,0,0,-1
High, UVP_assignments_GNI_2_MC, Ghana,0,35, OPV,-0.01,-0.04,1,2,2557,0,0,0,0,0,0,-1
High, UVP_assignments_GNI_2_MC, Ghana,0,36, OPV,0.08,0.27,1,2,2557,0,0,0,0,0,0,-1
High, UVP_assignments_GNI_2_MC, Ghana,0,37, OPV,0.09,0.27,1,2,2557,0,0,0,0,0,0,-1
High, UVP_assignments_GNI_2_MC, Ghana,0,38, OPV,0.07,0.27,1,2,2557,0,0,0,0,0,0,-1
High, UVP_assignments_GNI_2_MC, Ghana,0,39, OPV,-0.01,-0.02,1,2,2557,0,0,0,0,0,0,-1
High, UVP_assignments_GNI_2_MC, Ghana,0,40, OPV,-0.02,-0.04,1,2,2557,0,0,0,0,0,0,-1
High, UVP_assignments_GNI_2_MC, Ghana,0,41, OPV,-0.01,-0.04,1,2,2557,0,0,0,0,0,0,-1
High, UVP_assignments_GNI_2_MC, Ghana,0,42, OPV,0.1,0.27,1,2,2557,0,0,0,0,0,0,-1
High, UVP_assignments_GNI_2_MC, Ghana,0,43, PCV,-0.28,-0.04,1,2,2557,0,0,0,0,0,0,-1
High, UVP_assignments_GNI_2_MC, Ghana,0,44, PCV,1.86,0.27,1,2,2557,0,0,0,0,0,0,-1
High, UVP_assignments_GNI_2_MC, Ghana,0,45, PCV,1.86,0.27,1,2,2557,0,0,0,0,0,0,-1
High, UVP_assignments_GNI_2_MC, Ghana,0,46, PCV,2.11,0.27,1,2,2557,0,0,0,0,0,0,-1
High, UVP_assignments_GNI_2_MC, Ghana,0,47, PCV,1.66,0.22,1,2,2557,0,0,0,0,0,0,-1
High, UVP_assignments_GNI_2_MC, Ghana,0,48, PCV,-0.28,-0.04,1,2,2557,0,0,0,0,0,0,-1
High, UVP_assignments_GNI_2_MC, Ghana,0,49, Rota,-0.08,-0.04,1,2,2557,0,0,0,0,0,0,-1
High, UVP_assignments_GNI_2_MC, Ghana,0,50, Rota,-0.04,-0.02,1,2,2557,0,0,0,0,0,0,-1
High, UVP_assignments_GNI_2_MC, Ghana,0,51, Rota,1.44,0.27,1,2,2557,0,0,0,0,0,0,-1
High, UVP_assignments_GNI_2_MC, Ghana,0,52, Td,0.07,0.27,1,2,2557,0,0,0,0,0,0,-1
High, UVP_assignments_GNI_2_MC, Ghana,0,53, Td,0.07,0.27,1,2,2557,0,0,0,0,0,0,-1
High, UVP_assignments_GNI_2_MC, Ghana,0,54, Td,0,0,1,2,2557,0,0,0,0,0,0,-1
High, UVP_assignments_GNI_2_MC, Ghana,0,55, Td,0.09,0.27,1,2,2557,0,0,0,0,0,0,-1
High, UVP_assignments_GNI_2_MC, Ghana,0,56, Td,0.06,0.27,1,2,2557,0,0,0,0,0,0,-1
High, UVP_assignments_GNI_2_MC, Ghana,0,57, Td,0.06,0.27,1,2,2557,0,0,0,0,0,0,-1
High, UVP_assignments_GNI_2_MC, Ghana,0,58, Td,0.05,0.27,1,2,2557,0,0,0,0,0,0,-1
High, UVP_assignments_GNI_2_MC, Ghana,0,59, YF,0.78,0.27,1,2,2557,0,0,0,0,0,0,-1
High, UVP_assignments_GNI_2_MC, Ghana,0,60, YF,0.59,0.27,1,2,2557,0,0,0,0,0,0,-1
High, UVP_assignments_GNI_2_MC, Ghana,0,61, YF,0.88,0.27,1,2,2557,0,0,0,0,0,0,-1
High, UVP_assignments_GNI_2_MC, Ghana,0,62, YF,0.59,0.27,1,2,2557,0,0,0,0,0,0,-1
High, UVP_assignments_GNI_2_MC, Guinea,0,1, BCG,0,0,2,2,1242,0,0,0,0,0,0,-1
High, UVP_assignments_GNI_2_MC, Guinea,0,2, BCG,0.08,0.37,2,2,1242,0,0,0,0,0,0,-1
High, UVP_assignments_GNI_2_MC, Guinea,0,3, BCG,0,0,2,2,1242,0,0,0,0,0,0,-1
High, UVP_assignments_GNI_2_MC, Guinea,0,4, BCG,0.14,0.44,2,2,1242,0,0,0,0,0,0,-1
High, UVP_assignments_GNI_2_MC, Guinea,0,5, DT,0.04,0.22,2,2,1242,0,0,0,0,0,0,-1
High, UVP_assignments_GNI_2_MC, Guinea,0,6, DT,0.06,0.31,2,2,1242,0,0,0,0,0,0,-1
High, UVP_assignments_GNI_2_MC, Guinea,0,7, DTP,0.05,0.29,2,2,1242,0,0,0,0,0,0,-1
High, UVP_assignments_GNI_2_MC, Guinea,0,8, DTP,0.09,0.41,2,2,1242,0,0,0,0,0,0,-1
High, UVP_assignments_GNI_2_MC, Guinea,0,9, DTP-HepB-Hib,0.25,0.29,2,2,1242,0,0,0,0,0,0,-1
High, UVP_assignments_GNI_2_MC, Guinea,0,10, DTP-HepB-Hib,0.37,0.29,2,2,1242,0,0,0,0,0,0,-1
High, UVP_assignments_GNI_2_MC, Guinea,0,11, DTP-HepB-Hib,0.34,0.29,2,2,1242,0,0,0,0,0,0,-1
High, UVP_assignments_GNI_2_MC, Guinea,0,12, DTP-HepB-Hib,0.38,0.29,2,2,1242,0,0,0,0,0,0,-1
High, UVP_assignments_GNI_2_MC, Guinea,0,13, DTP-HepB-Hib,0.36,0.29,2,2,1242,0,0,0,0,0,0,-1
High, UVP_assignments_GNI_2_MC, Guinea,0,14, DTP-HepB-Hib,0.23,0.26,2,2,1242,0,0,0,0,0,0,-1
High, UVP_assignments_GNI_2_MC, Guinea,0,15, DTP-HepB-Hib,0.24,0.29,2,2,1242,0,0,0,0,0,0,-1
High, UVP_assignments_GNI_2_MC, Guinea,0,16, DTP-HepB-Hib,0.25,0.29,2,2,1242,0,0,0,0,0,0,-1
High, UVP_assignments_GNI_2_MC, Guinea,0,17, HPV,3.95,0.78,2,2,1242,0,0,0,0,0,0,-1
High, UVP_assignments_GNI_2_MC, Guinea,0,18, HPV,1.08,0.22,2,2,1242,0,0,0,0,0,0,-1
High, UVP_assignments_GNI_2_MC, Guinea,0,19, HepB,0.16,0.29,2,2,1242,0,0,0,0,0,0,-1
High, UVP_assignments_GNI_2_MC, Guinea,0,20, HepB,0.17,0.26,2,2,1242,0,0,0,0,0,0,-1
High, UVP_assignments_GNI_2_MC, Guinea,0,21, HepB,0.08,0.29,2,2,1242,0,0,0,0,0,0,-1
High, UVP_assignments_GNI_2_MC, Guinea,0,22, HepB,0.07,0.26,2,2,1242,0,0,0,0,0,0,-1
High, UVP_assignments_GNI_2_MC, Guinea,0,23, Hib,0.69,0.29,2,2,1242,0,0,0,0,0,0,-1
High, UVP_assignments_GNI_2_MC, Guinea,0,24, IPV,0,0,2,2,1242,0,0,0,0,0,0,-1
High, UVP_assignments_GNI_2_MC, Guinea,0,25, IPV,0.78,0.29,2,2,1242,0,0,0,0,0,0,-1
High, UVP_assignments_GNI_2_MC, Guinea,0,26, IPV,1.76,0.51,2,2,1242,0,0,0,0,0,0,-1
High, UVP_assignments_GNI_2_MC, Guinea,0,27, IPV,0.8,0.42,2,2,1242,0,0,0,0,0,0,-1
High, UVP_assignments_GNI_2_MC, Guinea,0,28, IPV,0,0,2,2,1242,0,0,0,0,0,0,-1
High, UVP_assignments_GNI_2_MC, Guinea,0,29, IPV,1.28,0.42,2,2,1242,0,0,0,0,0,0,-1
High, UVP_assignments_GNI_2_MC, Guinea,0,30, MMR,0.34,0.22,2,2,1242,0,0,0,0,0,0,-1
High, UVP_assignments_GNI_2_MC, Guinea,0,31, MMR,1.57,0.32,2,2,1242,0,0,0,0,0,0,-1
High, UVP_assignments_GNI_2_MC, Guinea,0,32, MMR,1.74,0.53,2,2,1242,0,0,0,0,0,0,-1
High, UVP_assignments_GNI_2_MC, Guinea,0,33, MMR,0.55,0.34,2,2,1242,0,0,0,0,0,0,-1
High, UVP_assignments_GNI_2_MC, Guinea,0,34, OPV,0.04,0.22,2,2,1242,0,0,0,0,0,0,-1
High, UVP_assignments_GNI_2_MC, Guinea,0,35, OPV,0.02,0.22,2,2,1242,0,0,0,0,0,0,-1
High, UVP_assignments_GNI_2_MC, Guinea,0,36, OPV,0.04,0.25,2,2,1242,0,0,0,0,0,0,-1
High, UVP_assignments_GNI_2_MC, Guinea,0,37, OPV,0.04,0.24,2,2,1242,0,0,0,0,0,0,-1
High, UVP_assignments_GNI_2_MC, Guinea,0,38, OPV,0.03,0.24,2,2,1242,0,0,0,0,0,0,-1
High, UVP_assignments_GNI_2_MC, Guinea,0,39, OPV,0.07,0.5,2,2,1242,0,0,0,0,0,0,-1
High, UVP_assignments_GNI_2_MC, Guinea,0,40, OPV,0.14,0.65,2,2,1242,0,0,0,0,0,0,-1
High, UVP_assignments_GNI_2_MC, Guinea,0,41, OPV,0.03,0.22,2,2,1242,0,0,0,0,0,0,-1
High, UVP_assignments_GNI_2_MC, Guinea,0,42, OPV,0.05,0.24,2,2,1242,0,0,0,0,0,0,-1
High, UVP_assignments_GNI_2_MC, Guinea,0,43, PCV,0.75,0.23,2,2,1242,0,0,0,0,0,0,-1
High, UVP_assignments_GNI_2_MC, Guinea,0,44, PCV,0.99,0.29,2,2,1242,0,0,0,0,0,0,-1
High, UVP_assignments_GNI_2_MC, Guinea,0,45, PCV,0.99,0.29,2,2,1242,0,0,0,0,0,0,-1
High, UVP_assignments_GNI_2_MC, Guinea,0,46, PCV,1.12,0.29,2,2,1242,0,0,0,0,0,0,-1
High, UVP_assignments_GNI_2_MC, Guinea,0,47, PCV,1.11,0.31,2,2,1242,0,0,0,0,0,0,-1
High, UVP_assignments_GNI_2_MC, Guinea,0,48, PCV,0.75,0.23,2,2,1242,0,0,0,0,0,0,-1
High, UVP_assignments_GNI_2_MC, Guinea,0,49, Rota,0.21,0.22,2,2,1242,0,0,0,0,0,0,-1
High, UVP_assignments_GNI_2_MC, Guinea,0,50, Rota,0.56,0.53,2,2,1242,0,0,0,0,0,0,-1
High, UVP_assignments_GNI_2_MC, Guinea,0,51, Rota,0.91,0.35,2,2,1242,0,0,0,0,0,0,-1
High, UVP_assignments_GNI_2_MC, Guinea,0,52, Td,0.09,0.74,2,2,1242,0,0,0,0,0,0,-1
High, UVP_assignments_GNI_2_MC, Guinea,0,53, Td,0.09,0.74,2,2,1242,0,0,0,0,0,0,-1
High, UVP_assignments_GNI_2_MC, Guinea,0,54, Td,0,0,2,2,1242,0,0,0,0,0,0,-1
High, UVP_assignments_GNI_2_MC, Guinea,0,55, Td,0.05,0.33,2,2,1242,0,0,0,0,0,0,-1
High, UVP_assignments_GNI_2_MC, Guinea,0,56, Td,0.04,0.33,2,2,1242,0,0,0,0,0,0,-1
High, UVP_assignments_GNI_2_MC, Guinea,0,57, Td,0.04,0.36,2,2,1242,0,0,0,0,0,0,-1
High, UVP_assignments_GNI_2_MC, Guinea,0,58, Td,0.04,0.36,2,2,1242,0,0,0,0,0,0,-1
High, UVP_assignments_GNI_2_MC, Guinea,0,59, YF,0.41,0.29,2,2,1242,0,0,0,0,0,0,-1
High, UVP_assignments_GNI_2_MC, Guinea,0,60, YF,0.31,0.29,2,2,1242,0,0,0,0,0,0,-1
High, UVP_assignments_GNI_2_MC, Guinea,0,61, YF,1.24,0.78,2,2,1242,0,0,0,0,0,0,-1
High, UVP_assignments_GNI_2_MC, Guinea,0,62, YF,0.31,0.29,2,2,1242,0,0,0,0,0,0,-1
High, UVP_assignments_GNI_2_MC, Guinea-Bissau,0,1, BCG,0,0,2,2,907,0,0,0,0,0,0,-1
High, UVP_assignments_GNI_2_MC, Guinea-Bissau,0,2, BCG,0.02,0.13,2,2,907,0,0,0,0,0,0,-1
High, UVP_assignments_GNI_2_MC, Guinea-Bissau,0,3, BCG,0,0,2,2,907,0,0,0,0,0,0,-1
High, UVP_assignments_GNI_2_MC, Guinea-Bissau,0,4, BCG,0.05,0.23,2,2,907,0,0,0,0,0,0,-1
High, UVP_assignments_GNI_2_MC, Guinea-Bissau,0,5, DT,-0.01,-0.07,2,2,907,0,0,0,0,0,0,-1
High, UVP_assignments_GNI_2_MC, Guinea-Bissau,0,6, DT,0.01,0.05,2,2,907,0,0,0,0,0,0,-1
High, UVP_assignments_GNI_2_MC, Guinea-Bissau,0,7, DTP,0,0.02,2,2,907,0,0,0,0,0,0,-1
High, UVP_assignments_GNI_2_MC, Guinea-Bissau,0,8, DTP,0.03,0.2,2,2,907,0,0,0,0,0,0,-1
High, UVP_assignments_GNI_2_MC, Guinea-Bissau,0,9, DTP-HepB-Hib,0.01,0.02,2,2,907,0,0,0,0,0,0,-1
High, UVP_assignments_GNI_2_MC, Guinea-Bissau,0,10, DTP-HepB-Hib,0.03,0.03,2,2,907,0,0,0,0,0,0,-1
High, UVP_assignments_GNI_2_MC, Guinea-Bissau,0,11, DTP-HepB-Hib,0.02,0.03,2,2,907,0,0,0,0,0,0,-1
High, UVP_assignments_GNI_2_MC, Guinea-Bissau,0,12, DTP-HepB-Hib,0.02,0.02,2,2,907,0,0,0,0,0,0,-1
High, UVP_assignments_GNI_2_MC, Guinea-Bissau,0,13, DTP-HepB-Hib,0.02,0.02,2,2,907,0,0,0,0,0,0,-1
High, UVP_assignments_GNI_2_MC, Guinea-Bissau,0,14, DTP-HepB-Hib,-0.01,-0.01,2,2,907,0,0,0,0,0,0,-1
High, UVP_assignments_GNI_2_MC, Guinea-Bissau,0,15, DTP-HepB-Hib,0.01,0.02,2,2,907,0,0,0,0,0,0,-1
High, UVP_assignments_GNI_2_MC, Guinea-Bissau,0,16, DTP-HepB-Hib,0.02,0.02,2,2,907,0,0,0,0,0,0,-1
High, UVP_assignments_GNI_2_MC, Guinea-Bissau,0,17, HPV,2.58,0.7,2,2,907,0,0,0,0,0,0,-1
High, UVP_assignments_GNI_2_MC, Guinea-Bissau,0,18, HPV,-0.26,-0.07,2,2,907,0,0,0,0,0,0,-1
High, UVP_assignments_GNI_2_MC, Guinea-Bissau,0,19, HepB,0.01,0.02,2,2,907,0,0,0,0,0,0,-1
High, UVP_assignments_GNI_2_MC, Guinea-Bissau,0,20, HepB,-0.01,-0.01,2,2,907,0,0,0,0,0,0,-1
High, UVP_assignments_GNI_2_MC, Guinea-Bissau,0,21, HepB,0,0.02,2,2,907,0,0,0,0,0,0,-1
High, UVP_assignments_GNI_2_MC, Guinea-Bissau,0,22, HepB,0,-0.01,2,2,907,0,0,0,0,0,0,-1
High, UVP_assignments_GNI_2_MC, Guinea-Bissau,0,23, Hib,0.05,0.03,2,2,907,0,0,0,0,0,0,-1
High, UVP_assignments_GNI_2_MC, Guinea-Bissau,0,24, IPV,0,0,2,2,907,0,0,0,0,0,0,-1
High, UVP_assignments_GNI_2_MC, Guinea-Bissau,0,25, IPV,0.05,0.03,2,2,907,0,0,0,0,0,0,-1
High, UVP_assignments_GNI_2_MC, Guinea-Bissau,0,26, IPV,0.84,0.34,2,2,907,0,0,0,0,0,0,-1
High, UVP_assignments_GNI_2_MC, Guinea-Bissau,0,27, IPV,0.28,0.2,2,2,907,0,0,0,0,0,0,-1
High, UVP_assignments_GNI_2_MC, Guinea-Bissau,0,28, IPV,0,0,2,2,907,0,0,0,0,0,0,-1
High, UVP_assignments_GNI_2_MC, Guinea-Bissau,0,29, IPV,0.45,0.2,2,2,907,0,0,0,0,0,0,-1
High, UVP_assignments_GNI_2_MC, Guinea-Bissau,0,30, MMR,-0.08,-0.07,2,2,907,0,0,0,0,0,0,-1
High, UVP_assignments_GNI_2_MC, Guinea-Bissau,0,31, MMR,0.24,0.07,2,2,907,0,0,0,0,0,0,-1
High, UVP_assignments_GNI_2_MC, Guinea-Bissau,0,32, MMR,0.86,0.36,2,2,907,0,0,0,0,0,0,-1
High, UVP_assignments_GNI_2_MC, Guinea-Bissau,0,33, MMR,0.11,0.1,2,2,907,0,0,0,0,0,0,-1
High, UVP_assignments_GNI_2_MC, Guinea-Bissau,0,34, OPV,-0.01,-0.07,2,2,907,0,0,0,0,0,0,-1
High, UVP_assignments_GNI_2_MC, Guinea-Bissau,0,35, OPV,-0.01,-0.07,2,2,907,0,0,0,0,0,0,-1
High, UVP_assignments_GNI_2_MC, Guinea-Bissau,0,36, OPV,0,-0.03,2,2,907,0,0,0,0,0,0,-1
High, UVP_assignments_GNI_2_MC, Guinea-Bissau,0,37, OPV,0,-0.03,2,2,907,0,0,0,0,0,0,-1
High, UVP_assignments_GNI_2_MC, Guinea-Bissau,0,38, OPV,0,-0.03,2,2,907,0,0,0,0,0,0,-1
High, UVP_assignments_GNI_2_MC, Guinea-Bissau,0,39, OPV,0.03,0.32,2,2,907,0,0,0,0,0,0,-1
High, UVP_assignments_GNI_2_MC, Guinea-Bissau,0,40, OPV,0.08,0.52,2,2,907,0,0,0,0,0,0,-1
High, UVP_assignments_GNI_2_MC, Guinea-Bissau,0,41, OPV,-0.01,-0.07,2,2,907,0,0,0,0,0,0,-1
High, UVP_assignments_GNI_2_MC, Guinea-Bissau,0,42, OPV,0,-0.03,2,2,907,0,0,0,0,0,0,-1
High, UVP_assignments_GNI_2_MC, Guinea-Bissau,0,43, PCV,-0.11,-0.05,2,2,907,0,0,0,0,0,0,-1
High, UVP_assignments_GNI_2_MC, Guinea-Bissau,0,44, PCV,0.08,0.03,2,2,907,0,0,0,0,0,0,-1
High, UVP_assignments_GNI_2_MC, Guinea-Bissau,0,45, PCV,0.08,0.03,2,2,907,0,0,0,0,0,0,-1
High, UVP_assignments_GNI_2_MC, Guinea-Bissau,0,46, PCV,0.1,0.03,2,2,907,0,0,0,0,0,0,-1
High, UVP_assignments_GNI_2_MC, Guinea-Bissau,0,47, PCV,0.13,0.05,2,2,907,0,0,0,0,0,0,-1
High, UVP_assignments_GNI_2_MC, Guinea-Bissau,0,48, PCV,-0.11,-0.05,2,2,907,0,0,0,0,0,0,-1
High, UVP_assignments_GNI_2_MC, Guinea-Bissau,0,49, Rota,-0.05,-0.07,2,2,907,0,0,0,0,0,0,-1
High, UVP_assignments_GNI_2_MC, Guinea-Bissau,0,50, Rota,0.27,0.36,2,2,907,0,0,0,0,0,0,-1
High, UVP_assignments_GNI_2_MC, Guinea-Bissau,0,51, Rota,0.21,0.11,2,2,907,0,0,0,0,0,0,-1
High, UVP_assignments_GNI_2_MC, Guinea-Bissau,0,52, Td,0.06,0.64,2,2,907,0,0,0,0,0,0,-1
High, UVP_assignments_GNI_2_MC, Guinea-Bissau,0,53, Td,0.06,0.64,2,2,907,0,0,0,0,0,0,-1
High, UVP_assignments_GNI_2_MC, Guinea-Bissau,0,54, Td,0,0,2,2,907,0,0,0,0,0,0,-1
High, UVP_assignments_GNI_2_MC, Guinea-Bissau,0,55, Td,0.01,0.08,2,2,907,0,0,0,0,0,0,-1
High, UVP_assignments_GNI_2_MC, Guinea-Bissau,0,56, Td,0.01,0.08,2,2,907,0,0,0,0,0,0,-1
High, UVP_assignments_GNI_2_MC, Guinea-Bissau,0,57, Td,0.01,0.13,2,2,907,0,0,0,0,0,0,-1
High, UVP_assignments_GNI_2_MC, Guinea-Bissau,0,58, Td,0.01,0.13,2,2,907,0,0,0,0,0,0,-1
High, UVP_assignments_GNI_2_MC, Guinea-Bissau,0,59, YF,0.03,0.03,2,2,907,0,0,0,0,0,0,-1
High, UVP_assignments_GNI_2_MC, Guinea-Bissau,0,60, YF,0.02,0.03,2,2,907,0,0,0,0,0,0,-1
High, UVP_assignments_GNI_2_MC, Guinea-Bissau,0,61, YF,0.81,0.7,2,2,907,0,0,0,0,0,0,-1
High, UVP_assignments_GNI_2_MC, Guinea-Bissau,0,62, YF,0.02,0.03,2,2,907,0,0,0,0,0,0,-1
High, UVP_assignments_GNI_2_MC, Haiti,0,1, BCG,0,0,2,2,1560,0,0,0,0,0,0,-1
High, UVP_assignments_GNI_2_MC, Haiti,0,2, BCG,0.13,0.5,2,2,1560,0,0,0,0,0,0,-1
High, UVP_assignments_GNI_2_MC, Haiti,0,3, BCG,0,0,2,2,1560,0,0,0,0,0,0,-1
High, UVP_assignments_GNI_2_MC, Haiti,0,4, BCG,0.21,0.55,2,2,1560,0,0,0,0,0,0,-1
High, UVP_assignments_GNI_2_MC, Haiti,0,5, DT,0.09,0.38,2,2,1560,0,0,0,0,0,0,-1
High, UVP_assignments_GNI_2_MC, Haiti,0,6, DT,0.11,0.45,2,2,1560,0,0,0,0,0,0,-1
High, UVP_assignments_GNI_2_MC, Haiti,0,7, DTP,0.1,0.43,2,2,1560,0,0,0,0,0,0,-1
High, UVP_assignments_GNI_2_MC, Haiti,0,8, DTP,0.14,0.53,2,2,1560,0,0,0,0,0,0,-1
High, UVP_assignments_GNI_2_MC, Haiti,0,9, DTP-HepB-Hib,0.47,0.43,2,2,1560,0,0,0,0,0,0,-1
High, UVP_assignments_GNI_2_MC, Haiti,0,10, DTP-HepB-Hib,0.69,0.43,2,2,1560,0,0,0,0,0,0,-1
High, UVP_assignments_GNI_2_MC, Haiti,0,11, DTP-HepB-Hib,0.63,0.43,2,2,1560,0,0,0,0,0,0,-1
High, UVP_assignments_GNI_2_MC, Haiti,0,12, DTP-HepB-Hib,0.71,0.43,2,2,1560,0,0,0,0,0,0,-1
High, UVP_assignments_GNI_2_MC, Haiti,0,13, DTP-HepB-Hib,0.69,0.43,2,2,1560,0,0,0,0,0,0,-1
High, UVP_assignments_GNI_2_MC, Haiti,0,14, DTP-HepB-Hib,0.46,0.41,2,2,1560,0,0,0,0,0,0,-1
High, UVP_assignments_GNI_2_MC, Haiti,0,15, DTP-HepB-Hib,0.45,0.43,2,2,1560,0,0,0,0,0,0,-1
High, UVP_assignments_GNI_2_MC, Haiti,0,16, DTP-HepB-Hib,0.48,0.43,2,2,1560,0,0,0,0,0,0,-1
High, UVP_assignments_GNI_2_MC, Haiti,0,17, HPV,5.25,0.82,2,2,1560,0,0,0,0,0,0,-1
High, UVP_assignments_GNI_2_MC, Haiti,0,18, HPV,2.35,0.38,2,2,1560,0,0,0,0,0,0,-1
High, UVP_assignments_GNI_2_MC, Haiti,0,19, HepB,0.29,0.43,2,2,1560,0,0,0,0,0,0,-1
High, UVP_assignments_GNI_2_MC, Haiti,0,20, HepB,0.34,0.41,2,2,1560,0,0,0,0,0,0,-1
High, UVP_assignments_GNI_2_MC, Haiti,0,21, HepB,0.14,0.43,2,2,1560,0,0,0,0,0,0,-1
High, UVP_assignments_GNI_2_MC, Haiti,0,22, HepB,0.14,0.41,2,2,1560,0,0,0,0,0,0,-1
High, UVP_assignments_GNI_2_MC, Haiti,0,23, Hib,1.3,0.43,2,2,1560,0,0,0,0,0,0,-1
High, UVP_assignments_GNI_2_MC, Haiti,0,24, IPV,0,0,2,2,1560,0,0,0,0,0,0,-1
High, UVP_assignments_GNI_2_MC, Haiti,0,25, IPV,1.48,0.43,2,2,1560,0,0,0,0,0,0,-1
High, UVP_assignments_GNI_2_MC, Haiti,0,26, IPV,2.64,0.61,2,2,1560,0,0,0,0,0,0,-1
High, UVP_assignments_GNI_2_MC, Haiti,0,27, IPV,1.3,0.53,2,2,1560,0,0,0,0,0,0,-1
High, UVP_assignments_GNI_2_MC, Haiti,0,28, IPV,0,0,2,2,1560,0,0,0,0,0,0,-1
High, UVP_assignments_GNI_2_MC, Haiti,0,29, IPV,2.07,0.53,2,2,1560,0,0,0,0,0,0,-1
High, UVP_assignments_GNI_2_MC, Haiti,0,30, MMR,0.73,0.38,2,2,1560,0,0,0,0,0,0,-1
High, UVP_assignments_GNI_2_MC, Haiti,0,31, MMR,2.83,0.46,2,2,1560,0,0,0,0,0,0,-1
High, UVP_assignments_GNI_2_MC, Haiti,0,32, MMR,2.57,0.63,2,2,1560,0,0,0,0,0,0,-1
High, UVP_assignments_GNI_2_MC, Haiti,0,33, MMR,0.97,0.47,2,2,1560,0,0,0,0,0,0,-1
High, UVP_assignments_GNI_2_MC, Haiti,0,34, OPV,0.09,0.38,2,2,1560,0,0,0,0,0,0,-1
High, UVP_assignments_GNI_2_MC, Haiti,0,35, OPV,0.05,0.38,2,2,1560,0,0,0,0,0,0,-1
High, UVP_assignments_GNI_2_MC, Haiti,0,36, OPV,0.07,0.4,2,2,1560,0,0,0,0,0,0,-1
High, UVP_assignments_GNI_2_MC, Haiti,0,37, OPV,0.08,0.4,2,2,1560,0,0,0,0,0,0,-1
High, UVP_assignments_GNI_2_MC, Haiti,0,38, OPV,0.07,0.4,2,2,1560,0,0,0,0,0,0,-1
High, UVP_assignments_GNI_2_MC, Haiti,0,39, OPV,0.11,0.6,2,2,1560,0,0,0,0,0,0,-1
High, UVP_assignments_GNI_2_MC, Haiti,0,40, OPV,0.19,0.72,2,2,1560,0,0,0,0,0,0,-1
High, UVP_assignments_GNI_2_MC, Haiti,0,41, OPV,0.07,0.38,2,2,1560,0,0,0,0,0,0,-1
High, UVP_assignments_GNI_2_MC, Haiti,0,42, OPV,0.09,0.4,2,2,1560,0,0,0,0,0,0,-1
High, UVP_assignments_GNI_2_MC, Haiti,0,43, PCV,1.57,0.39,2,2,1560,0,0,0,0,0,0,-1
High, UVP_assignments_GNI_2_MC, Haiti,0,44, PCV,1.85,0.44,2,2,1560,0,0,0,0,0,0,-1
High, UVP_assignments_GNI_2_MC, Haiti,0,45, PCV,1.85,0.44,2,2,1560,0,0,0,0,0,0,-1
High, UVP_assignments_GNI_2_MC, Haiti,0,46, PCV,2.1,0.44,2,2,1560,0,0,0,0,0,0,-1
High, UVP_assignments_GNI_2_MC, Haiti,0,47, PCV,2.05,0.45,2,2,1560,0,0,0,0,0,0,-1
High, UVP_assignments_GNI_2_MC, Haiti,0,48, PCV,1.57,0.39,2,2,1560,0,0,0,0,0,0,-1
High, UVP_assignments_GNI_2_MC, Haiti,0,49, Rota,0.45,0.38,2,2,1560,0,0,0,0,0,0,-1
High, UVP_assignments_GNI_2_MC, Haiti,0,50, Rota,0.82,0.63,2,2,1560,0,0,0,0,0,0,-1
High, UVP_assignments_GNI_2_MC, Haiti,0,51, Rota,1.57,0.48,2,2,1560,0,0,0,0,0,0,-1
High, UVP_assignments_GNI_2_MC, Haiti,0,52, Td,0.12,0.79,2,2,1560,0,0,0,0,0,0,-1
High, UVP_assignments_GNI_2_MC, Haiti,0,53, Td,0.12,0.79,2,2,1560,0,0,0,0,0,0,-1
High, UVP_assignments_GNI_2_MC, Haiti,0,54, Td,0,0,2,2,1560,0,0,0,0,0,0,-1
High, UVP_assignments_GNI_2_MC, Haiti,0,55, Td,0.09,0.47,2,2,1560,0,0,0,0,0,0,-1
High, UVP_assignments_GNI_2_MC, Haiti,0,56, Td,0.06,0.47,2,2,1560,0,0,0,0,0,0,-1
High, UVP_assignments_GNI_2_MC, Haiti,0,57, Td,0.07,0.49,2,2,1560,0,0,0,0,0,0,-1
High, UVP_assignments_GNI_2_MC, Haiti,0,58, Td,0.06,0.49,2,2,1560,0,0,0,0,0,0,-1
High, UVP_assignments_GNI_2_MC, Haiti,0,59, YF,0.77,0.43,2,2,1560,0,0,0,0,0,0,-1
High, UVP_assignments_GNI_2_MC, Haiti,0,60, YF,0.58,0.43,2,2,1560,0,0,0,0,0,0,-1
High, UVP_assignments_GNI_2_MC, Haiti,0,61, YF,1.64,0.82,2,2,1560,0,0,0,0,0,0,-1
High, UVP_assignments_GNI_2_MC, Haiti,0,62, YF,0.58,0.43,2,2,1560,0,0,0,0,0,0,-1
High, UVP_assignments_GNI_2_MC, Kenya,0,1, BCG,0,0,1,2,2290,0,0,0,0,0,0,-1
High, UVP_assignments_GNI_2_MC, Kenya,0,2, BCG,0.05,0.13,1,2,2290,0,0,0,0,0,0,-1
High, UVP_assignments_GNI_2_MC, Kenya,0,3, BCG,0,0,1,2,2290,0,0,0,0,0,0,-1
High, UVP_assignments_GNI_2_MC, Kenya,0,4, BCG,-0.05,-0.1,1,2,2290,0,0,0,0,0,0,-1
High, UVP_assignments_GNI_2_MC, Kenya,0,5, DT,0,0,1,2,2290,0,0,0,0,0,0,-1
High, UVP_assignments_GNI_2_MC, Kenya,0,6, DT,0.06,0.18,1,2,2290,0,0,0,0,0,0,-1
High, UVP_assignments_GNI_2_MC, Kenya,0,7, DTP,0.06,0.18,1,2,2290,0,0,0,0,0,0,-1
High, UVP_assignments_GNI_2_MC, Kenya,0,8, DTP,0.07,0.18,1,2,2290,0,0,0,0,0,0,-1
High, UVP_assignments_GNI_2_MC, Kenya,0,9, DTP-HepB-Hib,0.29,0.18,1,2,2290,0,0,0,0,0,0,-1
High, UVP_assignments_GNI_2_MC, Kenya,0,10, DTP-HepB-Hib,0.43,0.18,1,2,2290,0,0,0,0,0,0,-1
High, UVP_assignments_GNI_2_MC, Kenya,0,11, DTP-HepB-Hib,0.39,0.18,1,2,2290,0,0,0,0,0,0,-1
High, UVP_assignments_GNI_2_MC, Kenya,0,12, DTP-HepB-Hib,0.45,0.18,1,2,2290,0,0,0,0,0,0,-1
High, UVP_assignments_GNI_2_MC, Kenya,0,13, DTP-HepB-Hib,0.43,0.18,1,2,2290,0,0,0,0,0,0,-1
High, UVP_assignments_GNI_2_MC, Kenya,0,14, DTP-HepB-Hib,0.3,0.18,1,2,2290,0,0,0,0,0,0,-1
High, UVP_assignments_GNI_2_MC, Kenya,0,15, DTP-HepB-Hib,0.28,0.18,1,2,2290,0,0,0,0,0,0,-1
High, UVP_assignments_GNI_2_MC, Kenya,0,16, DTP-HepB-Hib,0.3,0.18,1,2,2290,0,0,0,0,0,0,-1
High, UVP_assignments_GNI_2_MC, Kenya,0,17, HPV,1.72,0.18,1,2,2290,0,0,0,0,0,0,-1
High, UVP_assignments_GNI_2_MC, Kenya,0,18, HPV,-1.5,-0.16,1,2,2290,0,0,0,0,0,0,-1
High, UVP_assignments_GNI_2_MC, Kenya,0,19, HepB,0.18,0.18,1,2,2290,0,0,0,0,0,0,-1
High, UVP_assignments_GNI_2_MC, Kenya,0,20, HepB,0.22,0.18,1,2,2290,0,0,0,0,0,0,-1
High, UVP_assignments_GNI_2_MC, Kenya,0,21, HepB,0.09,0.18,1,2,2290,0,0,0,0,0,0,-1
High, UVP_assignments_GNI_2_MC, Kenya,0,22, HepB,0.09,0.18,1,2,2290,0,0,0,0,0,0,-1
High, UVP_assignments_GNI_2_MC, Kenya,0,23, Hib,0.81,0.18,1,2,2290,0,0,0,0,0,0,-1
High, UVP_assignments_GNI_2_MC, Kenya,0,24, IPV,-0.7,-0.16,1,2,2290,0,0,0,0,0,0,-1
High, UVP_assignments_GNI_2_MC, Kenya,0,25, IPV,0.92,0.18,1,2,2290,0,0,0,0,0,0,-1
High, UVP_assignments_GNI_2_MC, Kenya,0,26, IPV,-0.85,-0.13,1,2,2290,0,0,0,0,0,0,-1
High, UVP_assignments_GNI_2_MC, Kenya,0,27, IPV,-0.37,-0.1,1,2,2290,0,0,0,0,0,0,-1
High, UVP_assignments_GNI_2_MC, Kenya,0,28, IPV,-0.78,-0.16,1,2,2290,0,0,0,0,0,0,-1
High, UVP_assignments_GNI_2_MC, Kenya,0,29, IPV,-0.6,-0.1,1,2,2290,0,0,0,0,0,0,-1
High, UVP_assignments_GNI_2_MC, Kenya,0,30, MMR,0,0,1,2,2290,0,0,0,0,0,0,-1
High, UVP_assignments_GNI_2_MC, Kenya,0,31, MMR,1.67,0.18,1,2,2290,0,0,0,0,0,0,-1
High, UVP_assignments_GNI_2_MC, Kenya,0,32, MMR,-0.88,-0.15,1,2,2290,0,0,0,0,0,0,-1
High, UVP_assignments_GNI_2_MC, Kenya,0,33, MMR,-0.13,-0.04,1,2,2290,0,0,0,0,0,0,-1
High, UVP_assignments_GNI_2_MC, Kenya,0,34, OPV,-0.06,-0.16,1,2,2290,0,0,0,0,0,0,-1
High, UVP_assignments_GNI_2_MC, Kenya,0,35, OPV,-0.03,-0.16,1,2,2290,0,0,0,0,0,0,-1
High, UVP_assignments_GNI_2_MC, Kenya,0,36, OPV,0.05,0.18,1,2,2290,0,0,0,0,0,0,-1
High, UVP_assignments_GNI_2_MC, Kenya,0,37, OPV,0.05,0.18,1,2,2290,0,0,0,0,0,0,-1
High, UVP_assignments_GNI_2_MC, Kenya,0,38, OPV,0.04,0.18,1,2,2290,0,0,0,0,0,0,-1
High, UVP_assignments_GNI_2_MC, Kenya,0,39, OPV,-0.04,-0.14,1,2,2290,0,0,0,0,0,0,-1
High, UVP_assignments_GNI_2_MC, Kenya,0,40, OPV,-0.06,-0.16,1,2,2290,0,0,0,0,0,0,-1
High, UVP_assignments_GNI_2_MC, Kenya,0,41, OPV,-0.05,-0.16,1,2,2290,0,0,0,0,0,0,-1
High, UVP_assignments_GNI_2_MC, Kenya,0,42, OPV,0.06,0.18,1,2,2290,0,0,0,0,0,0,-1
High, UVP_assignments_GNI_2_MC, Kenya,0,43, PCV,-0.97,-0.16,1,2,2290,0,0,0,0,0,0,-1
High, UVP_assignments_GNI_2_MC, Kenya,0,44, PCV,1.14,0.18,1,2,2290,0,0,0,0,0,0,-1
High, UVP_assignments_GNI_2_MC, Kenya,0,45, PCV,1.14,0.18,1,2,2290,0,0,0,0,0,0,-1
High, UVP_assignments_GNI_2_MC, Kenya,0,46, PCV,1.29,0.18,1,2,2290,0,0,0,0,0,0,-1
High, UVP_assignments_GNI_2_MC, Kenya,0,47, PCV,0.88,0.13,1,2,2290,0,0,0,0,0,0,-1
High, UVP_assignments_GNI_2_MC, Kenya,0,48, PCV,-0.97,-0.16,1,2,2290,0,0,0,0,0,0,-1
High, UVP_assignments_GNI_2_MC, Kenya,0,49, Rota,-0.28,-0.16,1,2,2290,0,0,0,0,0,0,-1
High, UVP_assignments_GNI_2_MC, Kenya,0,50, Rota,-0.27,-0.14,1,2,2290,0,0,0,0,0,0,-1
High, UVP_assignments_GNI_2_MC, Kenya,0,51, Rota,0.88,0.18,1,2,2290,0,0,0,0,0,0,-1
High, UVP_assignments_GNI_2_MC, Kenya,0,52, Td,0.04,0.18,1,2,2290,0,0,0,0,0,0,-1
High, UVP_assignments_GNI_2_MC, Kenya,0,53, Td,0.04,0.18,1,2,2290,0,0,0,0,0,0,-1
High, UVP_assignments_GNI_2_MC, Kenya,0,54, Td,0,0,1,2,2290,0,0,0,0,0,0,-1
High, UVP_assignments_GNI_2_MC, Kenya,0,55, Td,0.05,0.18,1,2,2290,0,0,0,0,0,0,-1
High, UVP_assignments_GNI_2_MC, Kenya,0,56, Td,0.04,0.18,1,2,2290,0,0,0,0,0,0,-1
High, UVP_assignments_GNI_2_MC, Kenya,0,57, Td,0.04,0.18,1,2,2290,0,0,0,0,0,0,-1
High, UVP_assignments_GNI_2_MC, Kenya,0,58, Td,0.03,0.18,1,2,2290,0,0,0,0,0,0,-1
High, UVP_assignments_GNI_2_MC, Kenya,0,59, YF,0.48,0.18,1,2,2290,0,0,0,0,0,0,-1
High, UVP_assignments_GNI_2_MC, Kenya,0,60, YF,0.36,0.18,1,2,2290,0,0,0,0,0,0,-1
High, UVP_assignments_GNI_2_MC, Kenya,0,61, YF,0.54,0.18,1,2,2290,0,0,0,0,0,0,-1
High, UVP_assignments_GNI_2_MC, Kenya,0,62, YF,0.36,0.18,1,2,2290,0,0,0,0,0,0,-1
High, UVP_assignments_GNI_2_MC, Kyrgyzstan,0,1, BCG,0,0,2,2,1314,0,0,0,0,0,0,-1
High, UVP_assignments_GNI_2_MC, Kyrgyzstan,0,2, BCG,0.09,0.4,2,2,1314,0,0,0,0,0,0,-1
High, UVP_assignments_GNI_2_MC, Kyrgyzstan,0,3, BCG,0,0,2,2,1314,0,0,0,0,0,0,-1
High, UVP_assignments_GNI_2_MC, Kyrgyzstan,0,4, BCG,0.15,0.47,2,2,1314,0,0,0,0,0,0,-1
High, UVP_assignments_GNI_2_MC, Kyrgyzstan,0,5, DT,0.05,0.26,2,2,1314,0,0,0,0,0,0,-1
High, UVP_assignments_GNI_2_MC, Kyrgyzstan,0,6, DT,0.07,0.35,2,2,1314,0,0,0,0,0,0,-1
High, UVP_assignments_GNI_2_MC, Kyrgyzstan,0,7, DTP,0.06,0.33,2,2,1314,0,0,0,0,0,0,-1
High, UVP_assignments_GNI_2_MC, Kyrgyzstan,0,8, DTP,0.1,0.44,2,2,1314,0,0,0,0,0,0,-1
High, UVP_assignments_GNI_2_MC, Kyrgyzstan,0,9, DTP-HepB-Hib,0.3,0.33,2,2,1314,0,0,0,0,0,0,-1
High, UVP_assignments_GNI_2_MC, Kyrgyzstan,0,10, DTP-HepB-Hib,0.44,0.33,2,2,1314,0,0,0,0,0,0,-1
High, UVP_assignments_GNI_2_MC, Kyrgyzstan,0,11, DTP-HepB-Hib,0.4,0.33,2,2,1314,0,0,0,0,0,0,-1
High, UVP_assignments_GNI_2_MC, Kyrgyzstan,0,12, DTP-HepB-Hib,0.45,0.33,2,2,1314,0,0,0,0,0,0,-1
High, UVP_assignments_GNI_2_MC, Kyrgyzstan,0,13, DTP-HepB-Hib,0.44,0.33,2,2,1314,0,0,0,0,0,0,-1
High, UVP_assignments_GNI_2_MC, Kyrgyzstan,0,14, DTP-HepB-Hib,0.28,0.3,2,2,1314,0,0,0,0,0,0,-1
High, UVP_assignments_GNI_2_MC, Kyrgyzstan,0,15, DTP-HepB-Hib,0.29,0.33,2,2,1314,0,0,0,0,0,0,-1
High, UVP_assignments_GNI_2_MC, Kyrgyzstan,0,16, DTP-HepB-Hib,0.3,0.33,2,2,1314,0,0,0,0,0,0,-1
High, UVP_assignments_GNI_2_MC, Kyrgyzstan,0,17, HPV,4.24,0.79,2,2,1314,0,0,0,0,0,0,-1
High, UVP_assignments_GNI_2_MC, Kyrgyzstan,0,18, HPV,1.36,0.26,2,2,1314,0,0,0,0,0,0,-1
High, UVP_assignments_GNI_2_MC, Kyrgyzstan,0,19, HepB,0.19,0.33,2,2,1314,0,0,0,0,0,0,-1
High, UVP_assignments_GNI_2_MC, Kyrgyzstan,0,20, HepB,0.21,0.3,2,2,1314,0,0,0,0,0,0,-1
High, UVP_assignments_GNI_2_MC, Kyrgyzstan,0,21, HepB,0.09,0.33,2,2,1314,0,0,0,0,0,0,-1
High, UVP_assignments_GNI_2_MC, Kyrgyzstan,0,22, HepB,0.09,0.3,2,2,1314,0,0,0,0,0,0,-1
High, UVP_assignments_GNI_2_MC, Kyrgyzstan,0,23, Hib,0.82,0.33,2,2,1314,0,0,0,0,0,0,-1
High, UVP_assignments_GNI_2_MC, Kyrgyzstan,0,24, IPV,0,0,2,2,1314,0,0,0,0,0,0,-1
High, UVP_assignments_GNI_2_MC, Kyrgyzstan,0,25, IPV,0.94,0.33,2,2,1314,0,0,0,0,0,0,-1
High, UVP_assignments_GNI_2_MC, Kyrgyzstan,0,26, IPV,1.96,0.54,2,2,1314,0,0,0,0,0,0,-1
High, UVP_assignments_GNI_2_MC, Kyrgyzstan,0,27, IPV,0.91,0.45,2,2,1314,0,0,0,0,0,0,-1
High, UVP_assignments_GNI_2_MC, Kyrgyzstan,0,28, IPV,0,0,2,2,1314,0,0,0,0,0,0,-1
High, UVP_assignments_GNI_2_MC, Kyrgyzstan,0,29, IPV,1.46,0.45,2,2,1314,0,0,0,0,0,0,-1
High, UVP_assignments_GNI_2_MC, Kyrgyzstan,0,30, MMR,0.43,0.26,2,2,1314,0,0,0,0,0,0,-1
High, UVP_assignments_GNI_2_MC, Kyrgyzstan,0,31, MMR,1.85,0.36,2,2,1314,0,0,0,0,0,0,-1
High, UVP_assignments_GNI_2_MC, Kyrgyzstan,0,32, MMR,1.93,0.56,2,2,1314,0,0,0,0,0,0,-1
High, UVP_assignments_GNI_2_MC, Kyrgyzstan,0,33, MMR,0.64,0.38,2,2,1314,0,0,0,0,0,0,-1
High, UVP_assignments_GNI_2_MC, Kyrgyzstan,0,34, OPV,0.05,0.26,2,2,1314,0,0,0,0,0,0,-1
High, UVP_assignments_GNI_2_MC, Kyrgyzstan,0,35, OPV,0.03,0.26,2,2,1314,0,0,0,0,0,0,-1
High, UVP_assignments_GNI_2_MC, Kyrgyzstan,0,36, OPV,0.04,0.29,2,2,1314,0,0,0,0,0,0,-1
High, UVP_assignments_GNI_2_MC, Kyrgyzstan,0,37, OPV,0.05,0.29,2,2,1314,0,0,0,0,0,0,-1
High, UVP_assignments_GNI_2_MC, Kyrgyzstan,0,38, OPV,0.04,0.29,2,2,1314,0,0,0,0,0,0,-1
High, UVP_assignments_GNI_2_MC, Kyrgyzstan,0,39, OPV,0.08,0.53,2,2,1314,0,0,0,0,0,0,-1
High, UVP_assignments_GNI_2_MC, Kyrgyzstan,0,40, OPV,0.15,0.67,2,2,1314,0,0,0,0,0,0,-1
High, UVP_assignments_GNI_2_MC, Kyrgyzstan,0,41, OPV,0.04,0.26,2,2,1314,0,0,0,0,0,0,-1
High, UVP_assignments_GNI_2_MC, Kyrgyzstan,0,42, OPV,0.06,0.29,2,2,1314,0,0,0,0,0,0,-1
High, UVP_assignments_GNI_2_MC, Kyrgyzstan,0,43, PCV,0.94,0.28,2,2,1314,0,0,0,0,0,0,-1
High, UVP_assignments_GNI_2_MC, Kyrgyzstan,0,44, PCV,1.19,0.33,2,2,1314,0,0,0,0,0,0,-1
High, UVP_assignments_GNI_2_MC, Kyrgyzstan,0,45, PCV,1.19,0.33,2,2,1314,0,0,0,0,0,0,-1
High, UVP_assignments_GNI_2_MC, Kyrgyzstan,0,46, PCV,1.34,0.33,2,2,1314,0,0,0,0,0,0,-1
High, UVP_assignments_GNI_2_MC, Kyrgyzstan,0,47, PCV,1.32,0.34,2,2,1314,0,0,0,0,0,0,-1
High, UVP_assignments_GNI_2_MC, Kyrgyzstan,0,48, PCV,0.94,0.28,2,2,1314,0,0,0,0,0,0,-1
High, UVP_assignments_GNI_2_MC, Kyrgyzstan,0,49, Rota,0.26,0.26,2,2,1314,0,0,0,0,0,0,-1
High, UVP_assignments_GNI_2_MC, Kyrgyzstan,0,50, Rota,0.62,0.56,2,2,1314,0,0,0,0,0,0,-1
High, UVP_assignments_GNI_2_MC, Kyrgyzstan,0,51, Rota,1.06,0.39,2,2,1314,0,0,0,0,0,0,-1
High, UVP_assignments_GNI_2_MC, Kyrgyzstan,0,52, Td,0.1,0.75,2,2,1314,0,0,0,0,0,0,-1
High, UVP_assignments_GNI_2_MC, Kyrgyzstan,0,53, Td,0.1,0.75,2,2,1314,0,0,0,0,0,0,-1
High, UVP_assignments_GNI_2_MC, Kyrgyzstan,0,54, Td,0,0,2,2,1314,0,0,0,0,0,0,-1
High, UVP_assignments_GNI_2_MC, Kyrgyzstan,0,55, Td,0.06,0.37,2,2,1314,0,0,0,0,0,0,-1
High, UVP_assignments_GNI_2_MC, Kyrgyzstan,0,56, Td,0.04,0.37,2,2,1314,0,0,0,0,0,0,-1
High, UVP_assignments_GNI_2_MC, Kyrgyzstan,0,57, Td,0.05,0.4,2,2,1314,0,0,0,0,0,0,-1
High, UVP_assignments_GNI_2_MC, Kyrgyzstan,0,58, Td,0.04,0.4,2,2,1314,0,0,0,0,0,0,-1
High, UVP_assignments_GNI_2_MC, Kyrgyzstan,0,59, YF,0.49,0.33,2,2,1314,0,0,0,0,0,0,-1
High, UVP_assignments_GNI_2_MC, Kyrgyzstan,0,60, YF,0.37,0.33,2,2,1314,0,0,0,0,0,0,-1
High, UVP_assignments_GNI_2_MC, Kyrgyzstan,0,61, YF,1.33,0.79,2,2,1314,0,0,0,0,0,0,-1
High, UVP_assignments_GNI_2_MC, Kyrgyzstan,0,62, YF,0.37,0.33,2,2,1314,0,0,0,0,0,0,-1
High, UVP_assignments_GNI_2_MC, Laos,0,1, BCG,0,0,1,2,2758,0,0,0,0,0,0,-1
High, UVP_assignments_GNI_2_MC, Laos,0,2, BCG,0.13,0.28,1,2,2758,0,0,0,0,0,0,-1
High, UVP_assignments_GNI_2_MC, Laos,0,3, BCG,0,0,1,2,2758,0,0,0,0,0,0,-1
High, UVP_assignments_GNI_2_MC, Laos,0,4, BCG,0.06,0.09,1,2,2758,0,0,0,0,0,0,-1
High, UVP_assignments_GNI_2_MC, Laos,0,5, DT,0,0,1,2,2758,0,0,0,0,0,0,-1
High, UVP_assignments_GNI_2_MC, Laos,0,6, DT,0.13,0.32,1,2,2758,0,0,0,0,0,0,-1
High, UVP_assignments_GNI_2_MC, Laos,0,7, DTP,0.13,0.32,1,2,2758,0,0,0,0,0,0,-1
High, UVP_assignments_GNI_2_MC, Laos,0,8, DTP,0.15,0.32,1,2,2758,0,0,0,0,0,0,-1
High, UVP_assignments_GNI_2_MC, Laos,0,9, DTP-HepB-Hib,0.62,0.32,1,2,2758,0,0,0,0,0,0,-1
High, UVP_assignments_GNI_2_MC, Laos,0,10, DTP-HepB-Hib,0.91,0.32,1,2,2758,0,0,0,0,0,0,-1
High, UVP_assignments_GNI_2_MC, Laos,0,11, DTP-HepB-Hib,0.83,0.32,1,2,2758,0,0,0,0,0,0,-1
High, UVP_assignments_GNI_2_MC, Laos,0,12, DTP-HepB-Hib,0.94,0.32,1,2,2758,0,0,0,0,0,0,-1
High, UVP_assignments_GNI_2_MC, Laos,0,13, DTP-HepB-Hib,0.91,0.32,1,2,2758,0,0,0,0,0,0,-1
High, UVP_assignments_GNI_2_MC, Laos,0,14, DTP-HepB-Hib,0.64,0.32,1,2,2758,0,0,0,0,0,0,-1
High, UVP_assignments_GNI_2_MC, Laos,0,15, DTP-HepB-Hib,0.59,0.32,1,2,2758,0,0,0,0,0,0,-1
High, UVP_assignments_GNI_2_MC, Laos,0,16, DTP-HepB-Hib,0.63,0.32,1,2,2758,0,0,0,0,0,0,-1
High, UVP_assignments_GNI_2_MC, Laos,0,17, HPV,3.63,0.32,1,2,2758,0,0,0,0,0,0,-1
High, UVP_assignments_GNI_2_MC, Laos,0,18, HPV,0.36,0.03,1,2,2758,0,0,0,0,0,0,-1
High, UVP_assignments_GNI_2_MC, Laos,0,19, HepB,0.39,0.32,1,2,2758,0,0,0,0,0,0,-1
High, UVP_assignments_GNI_2_MC, Laos,0,20, HepB,0.47,0.32,1,2,2758,0,0,0,0,0,0,-1
High, UVP_assignments_GNI_2_MC, Laos,0,21, HepB,0.19,0.32,1,2,2758,0,0,0,0,0,0,-1
High, UVP_assignments_GNI_2_MC, Laos,0,22, HepB,0.2,0.32,1,2,2758,0,0,0,0,0,0,-1
High, UVP_assignments_GNI_2_MC, Laos,0,23, Hib,1.7,0.32,1,2,2758,0,0,0,0,0,0,-1
High, UVP_assignments_GNI_2_MC, Laos,0,24, IPV,0.17,0.03,1,2,2758,0,0,0,0,0,0,-1
High, UVP_assignments_GNI_2_MC, Laos,0,25, IPV,1.93,0.32,1,2,2758,0,0,0,0,0,0,-1
High, UVP_assignments_GNI_2_MC, Laos,0,26, IPV,0.44,0.06,1,2,2758,0,0,0,0,0,0,-1
High, UVP_assignments_GNI_2_MC, Laos,0,27, IPV,0.35,0.08,1,2,2758,0,0,0,0,0,0,-1
High, UVP_assignments_GNI_2_MC, Laos,0,28, IPV,0.19,0.03,1,2,2758,0,0,0,0,0,0,-1
High, UVP_assignments_GNI_2_MC, Laos,0,29, IPV,0.57,0.08,1,2,2758,0,0,0,0,0,0,-1
High, UVP_assignments_GNI_2_MC, Laos,0,30, MMR,0,0,1,2,2758,0,0,0,0,0,0,-1
High, UVP_assignments_GNI_2_MC, Laos,0,31, MMR,3.53,0.32,1,2,2758,0,0,0,0,0,0,-1
High, UVP_assignments_GNI_2_MC, Laos,0,32, MMR,0.35,0.05,1,2,2758,0,0,0,0,0,0,-1
High, UVP_assignments_GNI_2_MC, Laos,0,33, MMR,0.48,0.13,1,2,2758,0,0,0,0,0,0,-1
High, UVP_assignments_GNI_2_MC, Laos,0,34, OPV,0.01,0.03,1,2,2758,0,0,0,0,0,0,-1
High, UVP_assignments_GNI_2_MC, Laos,0,35, OPV,0.01,0.03,1,2,2758,0,0,0,0,0,0,-1
High, UVP_assignments_GNI_2_MC, Laos,0,36, OPV,0.1,0.32,1,2,2758,0,0,0,0,0,0,-1
High, UVP_assignments_GNI_2_MC, Laos,0,37, OPV,0.11,0.32,1,2,2758,0,0,0,0,0,0,-1
High, UVP_assignments_GNI_2_MC, Laos,0,38, OPV,0.09,0.32,1,2,2758,0,0,0,0,0,0,-1
High, UVP_assignments_GNI_2_MC, Laos,0,39, OPV,0.02,0.05,1,2,2758,0,0,0,0,0,0,-1
High, UVP_assignments_GNI_2_MC, Laos,0,40, OPV,0.02,0.04,1,2,2758,0,0,0,0,0,0,-1
High, UVP_assignments_GNI_2_MC, Laos,0,41, OPV,0.01,0.03,1,2,2758,0,0,0,0,0,0,-1
High, UVP_assignments_GNI_2_MC, Laos,0,42, OPV,0.13,0.32,1,2,2758,0,0,0,0,0,0,-1
High, UVP_assignments_GNI_2_MC, Laos,0,43, PCV,0.24,0.03,1,2,2758,0,0,0,0,0,0,-1
High, UVP_assignments_GNI_2_MC, Laos,0,44, PCV,2.41,0.32,1,2,2758,0,0,0,0,0,0,-1
High, UVP_assignments_GNI_2_MC, Laos,0,45, PCV,2.41,0.32,1,2,2758,0,0,0,0,0,0,-1
High, UVP_assignments_GNI_2_MC, Laos,0,46, PCV,2.72,0.32,1,2,2758,0,0,0,0,0,0,-1
High, UVP_assignments_GNI_2_MC, Laos,0,47, PCV,2.25,0.28,1,2,2758,0,0,0,0,0,0,-1
High, UVP_assignments_GNI_2_MC, Laos,0,48, PCV,0.24,0.03,1,2,2758,0,0,0,0,0,0,-1
High, UVP_assignments_GNI_2_MC, Laos,0,49, Rota,0.07,0.03,1,2,2758,0,0,0,0,0,0,-1
High, UVP_assignments_GNI_2_MC, Laos,0,50, Rota,0.13,0.06,1,2,2758,0,0,0,0,0,0,-1
High, UVP_assignments_GNI_2_MC, Laos,0,51, Rota,1.86,0.32,1,2,2758,0,0,0,0,0,0,-1
High, UVP_assignments_GNI_2_MC, Laos,0,52, Td,0.09,0.32,1,2,2758,0,0,0,0,0,0,-1
High, UVP_assignments_GNI_2_MC, Laos,0,53, Td,0.09,0.32,1,2,2758,0,0,0,0,0,0,-1
High, UVP_assignments_GNI_2_MC, Laos,0,54, Td,0,0,1,2,2758,0,0,0,0,0,0,-1
High, UVP_assignments_GNI_2_MC, Laos,0,55, Td,0.11,0.32,1,2,2758,0,0,0,0,0,0,-1
High, UVP_assignments_GNI_2_MC, Laos,0,56, Td,0.08,0.32,1,2,2758,0,0,0,0,0,0,-1
High, UVP_assignments_GNI_2_MC, Laos,0,57, Td,0.08,0.32,1,2,2758,0,0,0,0,0,0,-1
High, UVP_assignments_GNI_2_MC, Laos,0,58, Td,0.07,0.32,1,2,2758,0,0,0,0,0,0,-1
High, UVP_assignments_GNI_2_MC, Laos,0,59, YF,1.01,0.32,1,2,2758,0,0,0,0,0,0,-1
High, UVP_assignments_GNI_2_MC, Laos,0,60, YF,0.77,0.32,1,2,2758,0,0,0,0,0,0,-1
High, UVP_assignments_GNI_2_MC, Laos,0,61, YF,1.14,0.32,1,2,2758,0,0,0,0,0,0,-1
High, UVP_assignments_GNI_2_MC, Laos,0,62, YF,0.77,0.32,1,2,2758,0,0,0,0,0,0,-1
High, UVP_assignments_GNI_2_MC, Lesotho,0,1, BCG,0,0,2,2,1227,0,0,0,0,0,0,-1
High, UVP_assignments_GNI_2_MC, Lesotho,0,2, BCG,0.07,0.36,2,2,1227,0,0,0,0,0,0,-1
High, UVP_assignments_GNI_2_MC, Lesotho,0,3, BCG,0,0,2,2,1227,0,0,0,0,0,0,-1
High, UVP_assignments_GNI_2_MC, Lesotho,0,4, BCG,0.13,0.43,2,2,1227,0,0,0,0,0,0,-1
High, UVP_assignments_GNI_2_MC, Lesotho,0,5, DT,0.04,0.21,2,2,1227,0,0,0,0,0,0,-1
High, UVP_assignments_GNI_2_MC, Lesotho,0,6, DT,0.06,0.3,2,2,1227,0,0,0,0,0,0,-1
High, UVP_assignments_GNI_2_MC, Lesotho,0,7, DTP,0.05,0.28,2,2,1227,0,0,0,0,0,0,-1
High, UVP_assignments_GNI_2_MC, Lesotho,0,8, DTP,0.08,0.41,2,2,1227,0,0,0,0,0,0,-1
High, UVP_assignments_GNI_2_MC, Lesotho,0,9, DTP-HepB-Hib,0.24,0.28,2,2,1227,0,0,0,0,0,0,-1
High, UVP_assignments_GNI_2_MC, Lesotho,0,10, DTP-HepB-Hib,0.35,0.28,2,2,1227,0,0,0,0,0,0,-1
High, UVP_assignments_GNI_2_MC, Lesotho,0,11, DTP-HepB-Hib,0.32,0.28,2,2,1227,0,0,0,0,0,0,-1
High, UVP_assignments_GNI_2_MC, Lesotho,0,12, DTP-HepB-Hib,0.36,0.28,2,2,1227,0,0,0,0,0,0,-1
High, UVP_assignments_GNI_2_MC, Lesotho,0,13, DTP-HepB-Hib,0.35,0.28,2,2,1227,0,0,0,0,0,0,-1
High, UVP_assignments_GNI_2_MC, Lesotho,0,14, DTP-HepB-Hib,0.22,0.25,2,2,1227,0,0,0,0,0,0,-1
High, UVP_assignments_GNI_2_MC, Lesotho,0,15, DTP-HepB-Hib,0.23,0.28,2,2,1227,0,0,0,0,0,0,-1
High, UVP_assignments_GNI_2_MC, Lesotho,0,16, DTP-HepB-Hib,0.24,0.28,2,2,1227,0,0,0,0,0,0,-1
High, UVP_assignments_GNI_2_MC, Lesotho,0,17, HPV,3.89,0.77,2,2,1227,0,0,0,0,0,0,-1
High, UVP_assignments_GNI_2_MC, Lesotho,0,18, HPV,1.02,0.21,2,2,1227,0,0,0,0,0,0,-1
High, UVP_assignments_GNI_2_MC, Lesotho,0,19, HepB,0.15,0.28,2,2,1227,0,0,0,0,0,0,-1
High, UVP_assignments_GNI_2_MC, Lesotho,0,20, HepB,0.16,0.25,2,2,1227,0,0,0,0,0,0,-1
High, UVP_assignments_GNI_2_MC, Lesotho,0,21, HepB,0.07,0.28,2,2,1227,0,0,0,0,0,0,-1
High, UVP_assignments_GNI_2_MC, Lesotho,0,22, HepB,0.07,0.25,2,2,1227,0,0,0,0,0,0,-1
High, UVP_assignments_GNI_2_MC, Lesotho,0,23, Hib,0.66,0.28,2,2,1227,0,0,0,0,0,0,-1
High, UVP_assignments_GNI_2_MC, Lesotho,0,24, IPV,0,0,2,2,1227,0,0,0,0,0,0,-1
High, UVP_assignments_GNI_2_MC, Lesotho,0,25, IPV,0.75,0.28,2,2,1227,0,0,0,0,0,0,-1
High, UVP_assignments_GNI_2_MC, Lesotho,0,26, IPV,1.72,0.51,2,2,1227,0,0,0,0,0,0,-1
High, UVP_assignments_GNI_2_MC, Lesotho,0,27, IPV,0.78,0.41,2,2,1227,0,0,0,0,0,0,-1
High, UVP_assignments_GNI_2_MC, Lesotho,0,28, IPV,0,0,2,2,1227,0,0,0,0,0,0,-1
High, UVP_assignments_GNI_2_MC, Lesotho,0,29, IPV,1.25,0.41,2,2,1227,0,0,0,0,0,0,-1
High, UVP_assignments_GNI_2_MC, Lesotho,0,30, MMR,0.32,0.21,2,2,1227,0,0,0,0,0,0,-1
High, UVP_assignments_GNI_2_MC, Lesotho,0,31, MMR,1.51,0.31,2,2,1227,0,0,0,0,0,0,-1
High, UVP_assignments_GNI_2_MC, Lesotho,0,32, MMR,1.7,0.53,2,2,1227,0,0,0,0,0,0,-1
High, UVP_assignments_GNI_2_MC, Lesotho,0,33, MMR,0.53,0.33,2,2,1227,0,0,0,0,0,0,-1
High, UVP_assignments_GNI_2_MC, Lesotho,0,34, OPV,0.04,0.21,2,2,1227,0,0,0,0,0,0,-1
High, UVP_assignments_GNI_2_MC, Lesotho,0,35, OPV,0.02,0.21,2,2,1227,0,0,0,0,0,0,-1
High, UVP_assignments_GNI_2_MC, Lesotho,0,36, OPV,0.03,0.24,2,2,1227,0,0,0,0,0,0,-1
High, UVP_assignments_GNI_2_MC, Lesotho,0,37, OPV,0.04,0.24,2,2,1227,0,0,0,0,0,0,-1
High, UVP_assignments_GNI_2_MC, Lesotho,0,38, OPV,0.03,0.24,2,2,1227,0,0,0,0,0,0,-1
High, UVP_assignments_GNI_2_MC, Lesotho,0,39, OPV,0.07,0.5,2,2,1227,0,0,0,0,0,0,-1
High, UVP_assignments_GNI_2_MC, Lesotho,0,40, OPV,0.13,0.65,2,2,1227,0,0,0,0,0,0,-1
High, UVP_assignments_GNI_2_MC, Lesotho,0,41, OPV,0.03,0.21,2,2,1227,0,0,0,0,0,0,-1
High, UVP_assignments_GNI_2_MC, Lesotho,0,42, OPV,0.04,0.24,2,2,1227,0,0,0,0,0,0,-1
High, UVP_assignments_GNI_2_MC, Lesotho,0,43, PCV,0.71,0.23,2,2,1227,0,0,0,0,0,0,-1
High, UVP_assignments_GNI_2_MC, Lesotho,0,44, PCV,0.95,0.29,2,2,1227,0,0,0,0,0,0,-1
High, UVP_assignments_GNI_2_MC, Lesotho,0,45, PCV,0.95,0.29,2,2,1227,0,0,0,0,0,0,-1
High, UVP_assignments_GNI_2_MC, Lesotho,0,46, PCV,1.08,0.29,2,2,1227,0,0,0,0,0,0,-1
High, UVP_assignments_GNI_2_MC, Lesotho,0,47, PCV,1.07,0.3,2,2,1227,0,0,0,0,0,0,-1
High, UVP_assignments_GNI_2_MC, Lesotho,0,48, PCV,0.71,0.23,2,2,1227,0,0,0,0,0,0,-1
High, UVP_assignments_GNI_2_MC, Lesotho,0,49, Rota,0.19,0.21,2,2,1227,0,0,0,0,0,0,-1
High, UVP_assignments_GNI_2_MC, Lesotho,0,50, Rota,0.54,0.52,2,2,1227,0,0,0,0,0,0,-1
High, UVP_assignments_GNI_2_MC, Lesotho,0,51, Rota,0.88,0.34,2,2,1227,0,0,0,0,0,0,-1
High, UVP_assignments_GNI_2_MC, Lesotho,0,52, Td,0.09,0.73,2,2,1227,0,0,0,0,0,0,-1
High, UVP_assignments_GNI_2_MC, Lesotho,0,53, Td,0.09,0.73,2,2,1227,0,0,0,0,0,0,-1
High, UVP_assignments_GNI_2_MC, Lesotho,0,54, Td,0,0,2,2,1227,0,0,0,0,0,0,-1
High, UVP_assignments_GNI_2_MC, Lesotho,0,55, Td,0.05,0.32,2,2,1227,0,0,0,0,0,0,-1
High, UVP_assignments_GNI_2_MC, Lesotho,0,56, Td,0.04,0.32,2,2,1227,0,0,0,0,0,0,-1
High, UVP_assignments_GNI_2_MC, Lesotho,0,57, Td,0.04,0.36,2,2,1227,0,0,0,0,0,0,-1
High, UVP_assignments_GNI_2_MC, Lesotho,0,58, Td,0.03,0.36,2,2,1227,0,0,0,0,0,0,-1
High, UVP_assignments_GNI_2_MC, Lesotho,0,59, YF,0.39,0.28,2,2,1227,0,0,0,0,0,0,-1
High, UVP_assignments_GNI_2_MC, Lesotho,0,60, YF,0.3,0.28,2,2,1227,0,0,0,0,0,0,-1
High, UVP_assignments_GNI_2_MC, Lesotho,0,61, YF,1.22,0.77,2,2,1227,0,0,0,0,0,0,-1
High, UVP_assignments_GNI_2_MC, Lesotho,0,62, YF,0.3,0.28,2,2,1227,0,0,0,0,0,0,-1
High, UVP_assignments_GNI_2_MC, Liberia,0,1, BCG,0,0,2,2,743,0,0,0,0,0,0,-1
High, UVP_assignments_GNI_2_MC, Liberia,0,2, BCG,-0.01,-0.06,2,2,743,0,0,0,0,0,0,-1
High, UVP_assignments_GNI_2_MC, Liberia,0,3, BCG,0,0,2,2,743,0,0,0,0,0,0,-1
High, UVP_assignments_GNI_2_MC, Liberia,0,4, BCG,0.01,0.06,2,2,743,0,0,0,0,0,0,-1
High, UVP_assignments_GNI_2_MC, Liberia,0,5, DT,-0.03,-0.31,2,2,743,0,0,0,0,0,0,-1
High, UVP_assignments_GNI_2_MC, Liberia,0,6, DT,-0.02,-0.16,2,2,743,0,0,0,0,0,0,-1
High, UVP_assignments_GNI_2_MC, Liberia,0,7, DTP,-0.02,-0.19,2,2,743,0,0,0,0,0,0,-1
High, UVP_assignments_GNI_2_MC, Liberia,0,8, DTP,0,0.02,2,2,743,0,0,0,0,0,0,-1
High, UVP_assignments_GNI_2_MC, Liberia,0,9, DTP-HepB-Hib,-0.1,-0.19,2,2,743,0,0,0,0,0,0,-1
High, UVP_assignments_GNI_2_MC, Liberia,0,10, DTP-HepB-Hib,-0.14,-0.19,2,2,743,0,0,0,0,0,0,-1
High, UVP_assignments_GNI_2_MC, Liberia,0,11, DTP-HepB-Hib,-0.13,-0.19,2,2,743,0,0,0,0,0,0,-1
High, UVP_assignments_GNI_2_MC, Liberia,0,12, DTP-HepB-Hib,-0.15,-0.19,2,2,743,0,0,0,0,0,0,-1
High, UVP_assignments_GNI_2_MC, Liberia,0,13, DTP-HepB-Hib,-0.15,-0.19,2,2,743,0,0,0,0,0,0,-1
High, UVP_assignments_GNI_2_MC, Liberia,0,14, DTP-HepB-Hib,-0.13,-0.24,2,2,743,0,0,0,0,0,0,-1
High, UVP_assignments_GNI_2_MC, Liberia,0,15, DTP-HepB-Hib,-0.1,-0.19,2,2,743,0,0,0,0,0,0,-1
High, UVP_assignments_GNI_2_MC, Liberia,0,16, DTP-HepB-Hib,-0.1,-0.19,2,2,743,0,0,0,0,0,0,-1
High, UVP_assignments_GNI_2_MC, Liberia,0,17, HPV,1.91,0.63,2,2,743,0,0,0,0,0,0,-1
High, UVP_assignments_GNI_2_MC, Liberia,0,18, HPV,-0.92,-0.31,2,2,743,0,0,0,0,0,0,-1
High, UVP_assignments_GNI_2_MC, Liberia,0,19, HepB,-0.06,-0.19,2,2,743,0,0,0,0,0,0,-1
High, UVP_assignments_GNI_2_MC, Liberia,0,20, HepB,-0.09,-0.24,2,2,743,0,0,0,0,0,0,-1
High, UVP_assignments_GNI_2_MC, Liberia,0,21, HepB,-0.03,-0.19,2,2,743,0,0,0,0,0,0,-1
High, UVP_assignments_GNI_2_MC, Liberia,0,22, HepB,-0.04,-0.24,2,2,743,0,0,0,0,0,0,-1
High, UVP_assignments_GNI_2_MC, Liberia,0,23, Hib,-0.27,-0.19,2,2,743,0,0,0,0,0,0,-1
High, UVP_assignments_GNI_2_MC, Liberia,0,24, IPV,0,0,2,2,743,0,0,0,0,0,0,-1
High, UVP_assignments_GNI_2_MC, Liberia,0,25, IPV,-0.3,-0.19,2,2,743,0,0,0,0,0,0,-1
High, UVP_assignments_GNI_2_MC, Liberia,0,26, IPV,0.39,0.19,2,2,743,0,0,0,0,0,0,-1
High, UVP_assignments_GNI_2_MC, Liberia,0,27, IPV,0.03,0.02,2,2,743,0,0,0,0,0,0,-1
High, UVP_assignments_GNI_2_MC, Liberia,0,28, IPV,0,0,2,2,743,0,0,0,0,0,0,-1
High, UVP_assignments_GNI_2_MC, Liberia,0,29, IPV,0.04,0.02,2,2,743,0,0,0,0,0,0,-1
High, UVP_assignments_GNI_2_MC, Liberia,0,30, MMR,-0.29,-0.31,2,2,743,0,0,0,0,0,0,-1
High, UVP_assignments_GNI_2_MC, Liberia,0,31, MMR,-0.41,-0.14,2,2,743,0,0,0,0,0,0,-1
High, UVP_assignments_GNI_2_MC, Liberia,0,32, MMR,0.43,0.22,2,2,743,0,0,0,0,0,0,-1
High, UVP_assignments_GNI_2_MC, Liberia,0,33, MMR,-0.1,-0.1,2,2,743,0,0,0,0,0,0,-1
High, UVP_assignments_GNI_2_MC, Liberia,0,34, OPV,-0.04,-0.31,2,2,743,0,0,0,0,0,0,-1
High, UVP_assignments_GNI_2_MC, Liberia,0,35, OPV,-0.02,-0.31,2,2,743,0,0,0,0,0,0,-1
High, UVP_assignments_GNI_2_MC, Liberia,0,36, OPV,-0.02,-0.26,2,2,743,0,0,0,0,0,0,-1
High, UVP_assignments_GNI_2_MC, Liberia,0,37, OPV,-0.02,-0.26,2,2,743,0,0,0,0,0,0,-1
High, UVP_assignments_GNI_2_MC, Liberia,0,38, OPV,-0.02,-0.26,2,2,743,0,0,0,0,0,0,-1
High, UVP_assignments_GNI_2_MC, Liberia,0,39, OPV,0.01,0.17,2,2,743,0,0,0,0,0,0,-1
High, UVP_assignments_GNI_2_MC, Liberia,0,40, OPV,0.05,0.42,2,2,743,0,0,0,0,0,0,-1
High, UVP_assignments_GNI_2_MC, Liberia,0,41, OPV,-0.03,-0.31,2,2,743,0,0,0,0,0,0,-1
High, UVP_assignments_GNI_2_MC, Liberia,0,42, OPV,-0.03,-0.26,2,2,743,0,0,0,0,0,0,-1
High, UVP_assignments_GNI_2_MC, Liberia,0,43, PCV,-0.53,-0.28,2,2,743,0,0,0,0,0,0,-1
High, UVP_assignments_GNI_2_MC, Liberia,0,44, PCV,-0.36,-0.18,2,2,743,0,0,0,0,0,0,-1
High, UVP_assignments_GNI_2_MC, Liberia,0,45, PCV,-0.36,-0.18,2,2,743,0,0,0,0,0,0,-1
High, UVP_assignments_GNI_2_MC, Liberia,0,46, PCV,-0.41,-0.18,2,2,743,0,0,0,0,0,0,-1
High, UVP_assignments_GNI_2_MC, Liberia,0,47, PCV,-0.35,-0.16,2,2,743,0,0,0,0,0,0,-1
High, UVP_assignments_GNI_2_MC, Liberia,0,48, PCV,-0.53,-0.28,2,2,743,0,0,0,0,0,0,-1
High, UVP_assignments_GNI_2_MC, Liberia,0,49, Rota,-0.17,-0.31,2,2,743,0,0,0,0,0,0,-1
High, UVP_assignments_GNI_2_MC, Liberia,0,50, Rota,0.13,0.21,2,2,743,0,0,0,0,0,0,-1
High, UVP_assignments_GNI_2_MC, Liberia,0,51, Rota,-0.14,-0.09,2,2,743,0,0,0,0,0,0,-1
High, UVP_assignments_GNI_2_MC, Liberia,0,52, Td,0.04,0.56,2,2,743,0,0,0,0,0,0,-1
High, UVP_assignments_GNI_2_MC, Liberia,0,53, Td,0.04,0.56,2,2,743,0,0,0,0,0,0,-1
High, UVP_assignments_GNI_2_MC, Liberia,0,54, Td,0,0,2,2,743,0,0,0,0,0,0,-1
High, UVP_assignments_GNI_2_MC, Liberia,0,55, Td,-0.01,-0.12,2,2,743,0,0,0,0,0,0,-1
High, UVP_assignments_GNI_2_MC, Liberia,0,56, Td,-0.01,-0.12,2,2,743,0,0,0,0,0,0,-1
High, UVP_assignments_GNI_2_MC, Liberia,0,57, Td,0,-0.06,2,2,743,0,0,0,0,0,0,-1
High, UVP_assignments_GNI_2_MC, Liberia,0,58, Td,0,-0.06,2,2,743,0,0,0,0,0,0,-1
High, UVP_assignments_GNI_2_MC, Liberia,0,59, YF,-0.16,-0.19,2,2,743,0,0,0,0,0,0,-1
High, UVP_assignments_GNI_2_MC, Liberia,0,60, YF,-0.12,-0.19,2,2,743,0,0,0,0,0,0,-1
High, UVP_assignments_GNI_2_MC, Liberia,0,61, YF,0.6,0.63,2,2,743,0,0,0,0,0,0,-1
High, UVP_assignments_GNI_2_MC, Liberia,0,62, YF,-0.12,-0.19,2,2,743,0,0,0,0,0,0,-1
High, UVP_assignments_GNI_2_MC, Madagascar,0,1, BCG,0,0,2,2,531,0,0,0,0,0,0,-1
High, UVP_assignments_GNI_2_MC, Madagascar,0,2, BCG,-0.04,-0.48,2,2,531,0,0,0,0,0,0,-1
High, UVP_assignments_GNI_2_MC, Madagascar,0,3, BCG,0,0,2,2,531,0,0,0,0,0,0,-1
High, UVP_assignments_GNI_2_MC, Madagascar,0,4, BCG,-0.04,-0.31,2,2,531,0,0,0,0,0,0,-1
High, UVP_assignments_GNI_2_MC, Madagascar,0,5, DT,-0.07,-0.83,2,2,531,0,0,0,0,0,0,-1
High, UVP_assignments_GNI_2_MC, Madagascar,0,6, DT,-0.05,-0.62,2,2,531,0,0,0,0,0,0,-1
High, UVP_assignments_GNI_2_MC, Madagascar,0,7, DTP,-0.05,-0.67,2,2,531,0,0,0,0,0,0,-1
High, UVP_assignments_GNI_2_MC, Madagascar,0,8, DTP,-0.03,-0.37,2,2,531,0,0,0,0,0,0,-1
High, UVP_assignments_GNI_2_MC, Madagascar,0,9, DTP-HepB-Hib,-0.25,-0.67,2,2,531,0,0,0,0,0,0,-1
High, UVP_assignments_GNI_2_MC, Madagascar,0,10, DTP-HepB-Hib,-0.36,-0.66,2,2,531,0,0,0,0,0,0,-1
High, UVP_assignments_GNI_2_MC, Madagascar,0,11, DTP-HepB-Hib,-0.33,-0.66,2,2,531,0,0,0,0,0,0,-1
High, UVP_assignments_GNI_2_MC, Madagascar,0,12, DTP-HepB-Hib,-0.37,-0.67,2,2,531,0,0,0,0,0,0,-1
High, UVP_assignments_GNI_2_MC, Madagascar,0,13, DTP-HepB-Hib,-0.36,-0.67,2,2,531,0,0,0,0,0,0,-1
High, UVP_assignments_GNI_2_MC, Madagascar,0,14, DTP-HepB-Hib,-0.28,-0.73,2,2,531,0,0,0,0,0,0,-1
High, UVP_assignments_GNI_2_MC, Madagascar,0,15, DTP-HepB-Hib,-0.24,-0.67,2,2,531,0,0,0,0,0,0,-1
High, UVP_assignments_GNI_2_MC, Madagascar,0,16, DTP-HepB-Hib,-0.25,-0.67,2,2,531,0,0,0,0,0,0,-1
High, UVP_assignments_GNI_2_MC, Madagascar,0,17, HPV,1.04,0.48,2,2,531,0,0,0,0,0,0,-1
High, UVP_assignments_GNI_2_MC, Madagascar,0,18, HPV,-1.77,-0.83,2,2,531,0,0,0,0,0,0,-1
High, UVP_assignments_GNI_2_MC, Madagascar,0,19, HepB,-0.15,-0.67,2,2,531,0,0,0,0,0,0,-1
High, UVP_assignments_GNI_2_MC, Madagascar,0,20, HepB,-0.21,-0.73,2,2,531,0,0,0,0,0,0,-1
High, UVP_assignments_GNI_2_MC, Madagascar,0,21, HepB,-0.08,-0.67,2,2,531,0,0,0,0,0,0,-1
High, UVP_assignments_GNI_2_MC, Madagascar,0,22, HepB,-0.09,-0.73,2,2,531,0,0,0,0,0,0,-1
High, UVP_assignments_GNI_2_MC, Madagascar,0,23, Hib,-0.67,-0.66,2,2,531,0,0,0,0,0,0,-1
High, UVP_assignments_GNI_2_MC, Madagascar,0,24, IPV,0,0,2,2,531,0,0,0,0,0,0,-1
High, UVP_assignments_GNI_2_MC, Madagascar,0,25, IPV,-0.76,-0.66,2,2,531,0,0,0,0,0,0,-1
High, UVP_assignments_GNI_2_MC, Madagascar,0,26, IPV,-0.2,-0.13,2,2,531,0,0,0,0,0,0,-1
High, UVP_assignments_GNI_2_MC, Madagascar,0,27, IPV,-0.3,-0.37,2,2,531,0,0,0,0,0,0,-1
High, UVP_assignments_GNI_2_MC, Madagascar,0,28, IPV,0,0,2,2,531,0,0,0,0,0,0,-1
High, UVP_assignments_GNI_2_MC, Madagascar,0,29, IPV,-0.49,-0.37,2,2,531,0,0,0,0,0,0,-1
High, UVP_assignments_GNI_2_MC, Madagascar,0,30, MMR,-0.55,-0.83,2,2,531,0,0,0,0,0,0,-1
High, UVP_assignments_GNI_2_MC, Madagascar,0,31, MMR,-1.25,-0.59,2,2,531,0,0,0,0,0,0,-1
High, UVP_assignments_GNI_2_MC, Madagascar,0,32, MMR,-0.13,-0.09,2,2,531,0,0,0,0,0,0,-1
High, UVP_assignments_GNI_2_MC, Madagascar,0,33, MMR,-0.38,-0.54,2,2,531,0,0,0,0,0,0,-1
High, UVP_assignments_GNI_2_MC, Madagascar,0,34, OPV,-0.07,-0.83,2,2,531,0,0,0,0,0,0,-1
High, UVP_assignments_GNI_2_MC, Madagascar,0,35, OPV,-0.04,-0.83,2,2,531,0,0,0,0,0,0,-1
High, UVP_assignments_GNI_2_MC, Madagascar,0,36, OPV,-0.05,-0.76,2,2,531,0,0,0,0,0,0,-1
High, UVP_assignments_GNI_2_MC, Madagascar,0,37, OPV,-0.05,-0.77,2,2,531,0,0,0,0,0,0,-1
High, UVP_assignments_GNI_2_MC, Madagascar,0,38, OPV,-0.04,-0.77,2,2,531,0,0,0,0,0,0,-1
High, UVP_assignments_GNI_2_MC, Madagascar,0,39, OPV,-0.01,-0.16,2,2,531,0,0,0,0,0,0,-1
High, UVP_assignments_GNI_2_MC, Madagascar,0,40, OPV,0.02,0.18,2,2,531,0,0,0,0,0,0,-1
High, UVP_assignments_GNI_2_MC, Madagascar,0,41, OPV,-0.05,-0.83,2,2,531,0,0,0,0,0,0,-1
High, UVP_assignments_GNI_2_MC, Madagascar,0,42, OPV,-0.06,-0.77,2,2,531,0,0,0,0,0,0,-1
High, UVP_assignments_GNI_2_MC, Madagascar,0,43, PCV,-1.08,-0.79,2,2,531,0,0,0,0,0,0,-1
High, UVP_assignments_GNI_2_MC, Madagascar,0,44, PCV,-0.93,-0.65,2,2,531,0,0,0,0,0,0,-1
High, UVP_assignments_GNI_2_MC, Madagascar,0,45, PCV,-0.93,-0.65,2,2,531,0,0,0,0,0,0,-1
High, UVP_assignments_GNI_2_MC, Madagascar,0,46, PCV,-1.06,-0.65,2,2,531,0,0,0,0,0,0,-1
High, UVP_assignments_GNI_2_MC, Madagascar,0,47, PCV,-0.97,-0.62,2,2,531,0,0,0,0,0,0,-1
High, UVP_assignments_GNI_2_MC, Madagascar,0,48, PCV,-1.08,-0.79,2,2,531,0,0,0,0,0,0,-1
High, UVP_assignments_GNI_2_MC, Madagascar,0,49, Rota,-0.33,-0.83,2,2,531,0,0,0,0,0,0,-1
High, UVP_assignments_GNI_2_MC, Madagascar,0,50, Rota,-0.04,-0.1,2,2,531,0,0,0,0,0,0,-1
High, UVP_assignments_GNI_2_MC, Madagascar,0,51, Rota,-0.58,-0.52,2,2,531,0,0,0,0,0,0,-1
High, UVP_assignments_GNI_2_MC, Madagascar,0,52, Td,0.02,0.39,2,2,531,0,0,0,0,0,0,-1
High, UVP_assignments_GNI_2_MC, Madagascar,0,53, Td,0.02,0.39,2,2,531,0,0,0,0,0,0,-1
High, UVP_assignments_GNI_2_MC, Madagascar,0,54, Td,0,0,2,2,531,0,0,0,0,0,0,-1
High, UVP_assignments_GNI_2_MC, Madagascar,0,55, Td,-0.04,-0.56,2,2,531,0,0,0,0,0,0,-1
High, UVP_assignments_GNI_2_MC, Madagascar,0,56, Td,-0.03,-0.56,2,2,531,0,0,0,0,0,0,-1
High, UVP_assignments_GNI_2_MC, Madagascar,0,57, Td,-0.02,-0.49,2,2,531,0,0,0,0,0,0,-1
High, UVP_assignments_GNI_2_MC, Madagascar,0,58, Td,-0.02,-0.49,2,2,531,0,0,0,0,0,0,-1
High, UVP_assignments_GNI_2_MC, Madagascar,0,59, YF,-0.4,-0.66,2,2,531,0,0,0,0,0,0,-1
High, UVP_assignments_GNI_2_MC, Madagascar,0,60, YF,-0.3,-0.66,2,2,531,0,0,0,0,0,0,-1
High, UVP_assignments_GNI_2_MC, Madagascar,0,61, YF,0.33,0.48,2,2,531,0,0,0,0,0,0,-1
High, UVP_assignments_GNI_2_MC, Madagascar,0,62, YF,-0.3,-0.66,2,2,531,0,0,0,0,0,0,-1
High, UVP_assignments_GNI_2_MC, Malawi,0,1, BCG,0,0,2,2,544,0,0,0,0,0,0,-1
High, UVP_assignments_GNI_2_MC, Malawi,0,2, BCG,-0.04,-0.45,2,2,544,0,0,0,0,0,0,-1
High, UVP_assignments_GNI_2_MC, Malawi,0,3, BCG,0,0,2,2,544,0,0,0,0,0,0,-1
High, UVP_assignments_GNI_2_MC, Malawi,0,4, BCG,-0.04,-0.28,2,2,544,0,0,0,0,0,0,-1
High, UVP_assignments_GNI_2_MC, Malawi,0,5, DT,-0.07,-0.79,2,2,544,0,0,0,0,0,0,-1
High, UVP_assignments_GNI_2_MC, Malawi,0,6, DT,-0.05,-0.58,2,2,544,0,0,0,0,0,0,-1
High, UVP_assignments_GNI_2_MC, Malawi,0,7, DTP,-0.05,-0.63,2,2,544,0,0,0,0,0,0,-1
High, UVP_assignments_GNI_2_MC, Malawi,0,8, DTP,-0.03,-0.34,2,2,544,0,0,0,0,0,0,-1
High, UVP_assignments_GNI_2_MC, Malawi,0,9, DTP-HepB-Hib,-0.24,-0.63,2,2,544,0,0,0,0,0,0,-1
High, UVP_assignments_GNI_2_MC, Malawi,0,10, DTP-HepB-Hib,-0.35,-0.62,2,2,544,0,0,0,0,0,0,-1
High, UVP_assignments_GNI_2_MC, Malawi,0,11, DTP-HepB-Hib,-0.32,-0.62,2,2,544,0,0,0,0,0,0,-1
High, UVP_assignments_GNI_2_MC, Malawi,0,12, DTP-HepB-Hib,-0.36,-0.63,2,2,544,0,0,0,0,0,0,-1
High, UVP_assignments_GNI_2_MC, Malawi,0,13, DTP-HepB-Hib,-0.35,-0.63,2,2,544,0,0,0,0,0,0,-1
High, UVP_assignments_GNI_2_MC, Malawi,0,14, DTP-HepB-Hib,-0.27,-0.69,2,2,544,0,0,0,0,0,0,-1
High, UVP_assignments_GNI_2_MC, Malawi,0,15, DTP-HepB-Hib,-0.23,-0.63,2,2,544,0,0,0,0,0,0,-1
High, UVP_assignments_GNI_2_MC, Malawi,0,16, DTP-HepB-Hib,-0.24,-0.63,2,2,544,0,0,0,0,0,0,-1
High, UVP_assignments_GNI_2_MC, Malawi,0,17, HPV,1.09,0.49,2,2,544,0,0,0,0,0,0,-1
High, UVP_assignments_GNI_2_MC, Malawi,0,18, HPV,-1.72,-0.79,2,2,544,0,0,0,0,0,0,-1
High, UVP_assignments_GNI_2_MC, Malawi,0,19, HepB,-0.15,-0.63,2,2,544,0,0,0,0,0,0,-1
High, UVP_assignments_GNI_2_MC, Malawi,0,20, HepB,-0.2,-0.69,2,2,544,0,0,0,0,0,0,-1
High, UVP_assignments_GNI_2_MC, Malawi,0,21, HepB,-0.07,-0.63,2,2,544,0,0,0,0,0,0,-1
High, UVP_assignments_GNI_2_MC, Malawi,0,22, HepB,-0.08,-0.69,2,2,544,0,0,0,0,0,0,-1
High, UVP_assignments_GNI_2_MC, Malawi,0,23, Hib,-0.65,-0.62,2,2,544,0,0,0,0,0,0,-1
High, UVP_assignments_GNI_2_MC, Malawi,0,24, IPV,0,0,2,2,544,0,0,0,0,0,0,-1
High, UVP_assignments_GNI_2_MC, Malawi,0,25, IPV,-0.74,-0.62,2,2,544,0,0,0,0,0,0,-1
High, UVP_assignments_GNI_2_MC, Malawi,0,26, IPV,-0.16,-0.11,2,2,544,0,0,0,0,0,0,-1
High, UVP_assignments_GNI_2_MC, Malawi,0,27, IPV,-0.28,-0.34,2,2,544,0,0,0,0,0,0,-1
High, UVP_assignments_GNI_2_MC, Malawi,0,28, IPV,0,0,2,2,544,0,0,0,0,0,0,-1
High, UVP_assignments_GNI_2_MC, Malawi,0,29, IPV,-0.46,-0.34,2,2,544,0,0,0,0,0,0,-1
High, UVP_assignments_GNI_2_MC, Malawi,0,30, MMR,-0.54,-0.79,2,2,544,0,0,0,0,0,0,-1
High, UVP_assignments_GNI_2_MC, Malawi,0,31, MMR,-1.21,-0.56,2,2,544,0,0,0,0,0,0,-1
High, UVP_assignments_GNI_2_MC, Malawi,0,32, MMR,-0.09,-0.07,2,2,544,0,0,0,0,0,0,-1
High, UVP_assignments_GNI_2_MC, Malawi,0,33, MMR,-0.36,-0.51,2,2,544,0,0,0,0,0,0,-1
High, UVP_assignments_GNI_2_MC, Malawi,0,34, OPV,-0.07,-0.79,2,2,544,0,0,0,0,0,0,-1
High, UVP_assignments_GNI_2_MC, Malawi,0,35, OPV,-0.03,-0.79,2,2,544,0,0,0,0,0,0,-1
High, UVP_assignments_GNI_2_MC, Malawi,0,36, OPV,-0.05,-0.72,2,2,544,0,0,0,0,0,0,-1
High, UVP_assignments_GNI_2_MC, Malawi,0,37, OPV,-0.05,-0.73,2,2,544,0,0,0,0,0,0,-1
High, UVP_assignments_GNI_2_MC, Malawi,0,38, OPV,-0.04,-0.73,2,2,544,0,0,0,0,0,0,-1
High, UVP_assignments_GNI_2_MC, Malawi,0,39, OPV,-0.01,-0.14,2,2,544,0,0,0,0,0,0,-1
High, UVP_assignments_GNI_2_MC, Malawi,0,40, OPV,0.02,0.2,2,2,544,0,0,0,0,0,0,-1
High, UVP_assignments_GNI_2_MC, Malawi,0,41, OPV,-0.05,-0.79,2,2,544,0,0,0,0,0,0,-1
High, UVP_assignments_GNI_2_MC, Malawi,0,42, OPV,-0.06,-0.73,2,2,544,0,0,0,0,0,0,-1
High, UVP_assignments_GNI_2_MC, Malawi,0,43, PCV,-1.05,-0.75,2,2,544,0,0,0,0,0,0,-1
High, UVP_assignments_GNI_2_MC, Malawi,0,44, PCV,-0.9,-0.61,2,2,544,0,0,0,0,0,0,-1
High, UVP_assignments_GNI_2_MC, Malawi,0,45, PCV,-0.9,-0.61,2,2,544,0,0,0,0,0,0,-1
High, UVP_assignments_GNI_2_MC, Malawi,0,46, PCV,-1.02,-0.61,2,2,544,0,0,0,0,0,0,-1
High, UVP_assignments_GNI_2_MC, Malawi,0,47, PCV,-0.94,-0.59,2,2,544,0,0,0,0,0,0,-1
High, UVP_assignments_GNI_2_MC, Malawi,0,48, PCV,-1.05,-0.75,2,2,544,0,0,0,0,0,0,-1
High, UVP_assignments_GNI_2_MC, Malawi,0,49, Rota,-0.32,-0.79,2,2,544,0,0,0,0,0,0,-1
High, UVP_assignments_GNI_2_MC, Malawi,0,50, Rota,-0.03,-0.07,2,2,544,0,0,0,0,0,0,-1
High, UVP_assignments_GNI_2_MC, Malawi,0,51, Rota,-0.55,-0.49,2,2,544,0,0,0,0,0,0,-1
High, UVP_assignments_GNI_2_MC, Malawi,0,52, Td,0.02,0.4,2,2,544,0,0,0,0,0,0,-1
High, UVP_assignments_GNI_2_MC, Malawi,0,53, Td,0.02,0.4,2,2,544,0,0,0,0,0,0,-1
High, UVP_assignments_GNI_2_MC, Malawi,0,54, Td,0,0,2,2,544,0,0,0,0,0,0,-1
High, UVP_assignments_GNI_2_MC, Malawi,0,55, Td,-0.04,-0.53,2,2,544,0,0,0,0,0,0,-1
High, UVP_assignments_GNI_2_MC, Malawi,0,56, Td,-0.03,-0.53,2,2,544,0,0,0,0,0,0,-1
High, UVP_assignments_GNI_2_MC, Malawi,0,57, Td,-0.02,-0.46,2,2,544,0,0,0,0,0,0,-1
High, UVP_assignments_GNI_2_MC, Malawi,0,58, Td,-0.02,-0.46,2,2,544,0,0,0,0,0,0,-1
High, UVP_assignments_GNI_2_MC, Malawi,0,59, YF,-0.39,-0.62,2,2,544,0,0,0,0,0,0,-1
High, UVP_assignments_GNI_2_MC, Malawi,0,60, YF,-0.29,-0.62,2,2,544,0,0,0,0,0,0,-1
High, UVP_assignments_GNI_2_MC, Malawi,0,61, YF,0.34,0.49,2,2,544,0,0,0,0,0,0,-1
High, UVP_assignments_GNI_2_MC, Malawi,0,62, YF,-0.29,-0.62,2,2,544,0,0,0,0,0,0,-1
High, UVP_assignments_GNI_2_MC, Mali,0,1, BCG,0,0,2,2,1019,0,0,0,0,0,0,-1
High, UVP_assignments_GNI_2_MC, Mali,0,2, BCG,0.04,0.23,2,2,1019,0,0,0,0,0,0,-1
High, UVP_assignments_GNI_2_MC, Mali,0,3, BCG,0,0,2,2,1019,0,0,0,0,0,0,-1
High, UVP_assignments_GNI_2_MC, Mali,0,4, BCG,0.08,0.32,2,2,1019,0,0,0,0,0,0,-1
High, UVP_assignments_GNI_2_MC, Mali,0,5, DT,0.01,0.04,2,2,1019,0,0,0,0,0,0,-1
High, UVP_assignments_GNI_2_MC, Mali,0,6, DT,0.02,0.16,2,2,1019,0,0,0,0,0,0,-1
High, UVP_assignments_GNI_2_MC, Mali,0,7, DTP,0.02,0.13,2,2,1019,0,0,0,0,0,0,-1
High, UVP_assignments_GNI_2_MC, Mali,0,8, DTP,0.05,0.28,2,2,1019,0,0,0,0,0,0,-1
High, UVP_assignments_GNI_2_MC, Mali,0,9, DTP-HepB-Hib,0.09,0.13,2,2,1019,0,0,0,0,0,0,-1
High, UVP_assignments_GNI_2_MC, Mali,0,10, DTP-HepB-Hib,0.14,0.13,2,2,1019,0,0,0,0,0,0,-1
High, UVP_assignments_GNI_2_MC, Mali,0,11, DTP-HepB-Hib,0.13,0.13,2,2,1019,0,0,0,0,0,0,-1
High, UVP_assignments_GNI_2_MC, Mali,0,12, DTP-HepB-Hib,0.14,0.13,2,2,1019,0,0,0,0,0,0,-1
High, UVP_assignments_GNI_2_MC, Mali,0,13, DTP-HepB-Hib,0.14,0.13,2,2,1019,0,0,0,0,0,0,-1
High, UVP_assignments_GNI_2_MC, Mali,0,14, DTP-HepB-Hib,0.07,0.1,2,2,1019,0,0,0,0,0,0,-1
High, UVP_assignments_GNI_2_MC, Mali,0,15, DTP-HepB-Hib,0.09,0.13,2,2,1019,0,0,0,0,0,0,-1
High, UVP_assignments_GNI_2_MC, Mali,0,16, DTP-HepB-Hib,0.09,0.13,2,2,1019,0,0,0,0,0,0,-1
High, UVP_assignments_GNI_2_MC, Mali,0,17, HPV,3.04,0.73,2,2,1019,0,0,0,0,0,0,-1
High, UVP_assignments_GNI_2_MC, Mali,0,18, HPV,0.19,0.05,2,2,1019,0,0,0,0,0,0,-1
High, UVP_assignments_GNI_2_MC, Mali,0,19, HepB,0.06,0.13,2,2,1019,0,0,0,0,0,0,-1
High, UVP_assignments_GNI_2_MC, Mali,0,20, HepB,0.05,0.1,2,2,1019,0,0,0,0,0,0,-1
High, UVP_assignments_GNI_2_MC, Mali,0,21, HepB,0.03,0.13,2,2,1019,0,0,0,0,0,0,-1
High, UVP_assignments_GNI_2_MC, Mali,0,22, HepB,0.02,0.1,2,2,1019,0,0,0,0,0,0,-1
High, UVP_assignments_GNI_2_MC, Mali,0,23, Hib,0.26,0.13,2,2,1019,0,0,0,0,0,0,-1
High, UVP_assignments_GNI_2_MC, Mali,0,24, IPV,0,0,2,2,1019,0,0,0,0,0,0,-1
High, UVP_assignments_GNI_2_MC, Mali,0,25, IPV,0.3,0.13,2,2,1019,0,0,0,0,0,0,-1
High, UVP_assignments_GNI_2_MC, Mali,0,26, IPV,1.15,0.41,2,2,1019,0,0,0,0,0,0,-1
High, UVP_assignments_GNI_2_MC, Mali,0,27, IPV,0.46,0.29,2,2,1019,0,0,0,0,0,0,-1
High, UVP_assignments_GNI_2_MC, Mali,0,28, IPV,0,0,2,2,1019,0,0,0,0,0,0,-1
High, UVP_assignments_GNI_2_MC, Mali,0,29, IPV,0.73,0.29,2,2,1019,0,0,0,0,0,0,-1
High, UVP_assignments_GNI_2_MC, Mali,0,30, MMR,0.06,0.04,2,2,1019,0,0,0,0,0,0,-1
High, UVP_assignments_GNI_2_MC, Mali,0,31, MMR,0.68,0.17,2,2,1019,0,0,0,0,0,0,-1
High, UVP_assignments_GNI_2_MC, Mali,0,32, MMR,1.15,0.43,2,2,1019,0,0,0,0,0,0,-1
High, UVP_assignments_GNI_2_MC, Mali,0,33, MMR,0.26,0.2,2,2,1019,0,0,0,0,0,0,-1
High, UVP_assignments_GNI_2_MC, Mali,0,34, OPV,0.01,0.05,2,2,1019,0,0,0,0,0,0,-1
High, UVP_assignments_GNI_2_MC, Mali,0,35, OPV,0,0.05,2,2,1019,0,0,0,0,0,0,-1
High, UVP_assignments_GNI_2_MC, Mali,0,36, OPV,0.01,0.08,2,2,1019,0,0,0,0,0,0,-1
High, UVP_assignments_GNI_2_MC, Mali,0,37, OPV,0.01,0.08,2,2,1019,0,0,0,0,0,0,-1
High, UVP_assignments_GNI_2_MC, Mali,0,38, OPV,0.01,0.08,2,2,1019,0,0,0,0,0,0,-1
High, UVP_assignments_GNI_2_MC, Mali,0,39, OPV,0.05,0.39,2,2,1019,0,0,0,0,0,0,-1
High, UVP_assignments_GNI_2_MC, Mali,0,40, OPV,0.1,0.57,2,2,1019,0,0,0,0,0,0,-1
High, UVP_assignments_GNI_2_MC, Mali,0,41, OPV,0.01,0.05,2,2,1019,0,0,0,0,0,0,-1
High, UVP_assignments_GNI_2_MC, Mali,0,42, OPV,0.01,0.08,2,2,1019,0,0,0,0,0,0,-1
High, UVP_assignments_GNI_2_MC, Mali,0,43, PCV,0.18,0.07,2,2,1019,0,0,0,0,0,0,-1
High, UVP_assignments_GNI_2_MC, Mali,0,44, PCV,0.39,0.14,2,2,1019,0,0,0,0,0,0,-1
High, UVP_assignments_GNI_2_MC, Mali,0,45, PCV,0.39,0.14,2,2,1019,0,0,0,0,0,0,-1
High, UVP_assignments_GNI_2_MC, Mali,0,46, PCV,0.44,0.14,2,2,1019,0,0,0,0,0,0,-1
High, UVP_assignments_GNI_2_MC, Mali,0,47, PCV,0.46,0.15,2,2,1019,0,0,0,0,0,0,-1
High, UVP_assignments_GNI_2_MC, Mali,0,48, PCV,0.18,0.07,2,2,1019,0,0,0,0,0,0,-1
High, UVP_assignments_GNI_2_MC, Mali,0,49, Rota,0.04,0.05,2,2,1019,0,0,0,0,0,0,-1
High, UVP_assignments_GNI_2_MC, Mali,0,50, Rota,0.37,0.43,2,2,1019,0,0,0,0,0,0,-1
High, UVP_assignments_GNI_2_MC, Mali,0,51, Rota,0.44,0.21,2,2,1019,0,0,0,0,0,0,-1
High, UVP_assignments_GNI_2_MC, Mali,0,52, Td,0.07,0.68,2,2,1019,0,0,0,0,0,0,-1
High, UVP_assignments_GNI_2_MC, Mali,0,53, Td,0.07,0.68,2,2,1019,0,0,0,0,0,0,-1
High, UVP_assignments_GNI_2_MC, Mali,0,54, Td,0,0,2,2,1019,0,0,0,0,0,0,-1
High, UVP_assignments_GNI_2_MC, Mali,0,55, Td,0.02,0.18,2,2,1019,0,0,0,0,0,0,-1
High, UVP_assignments_GNI_2_MC, Mali,0,56, Td,0.02,0.18,2,2,1019,0,0,0,0,0,0,-1
High, UVP_assignments_GNI_2_MC, Mali,0,57, Td,0.02,0.22,2,2,1019,0,0,0,0,0,0,-1
High, UVP_assignments_GNI_2_MC, Mali,0,58, Td,0.02,0.22,2,2,1019,0,0,0,0,0,0,-1
High, UVP_assignments_GNI_2_MC, Mali,0,59, YF,0.16,0.13,2,2,1019,0,0,0,0,0,0,-1
High, UVP_assignments_GNI_2_MC, Mali,0,60, YF,0.12,0.13,2,2,1019,0,0,0,0,0,0,-1
High, UVP_assignments_GNI_2_MC, Mali,0,61, YF,0.95,0.73,2,2,1019,0,0,0,0,0,0,-1
High, UVP_assignments_GNI_2_MC, Mali,0,62, YF,0.12,0.13,2,2,1019,0,0,0,0,0,0,-1
High, UVP_assignments_GNI_2_MC, Mauritania,0,1, BCG,0,0,1,2,2154,0,0,0,0,0,0,-1
High, UVP_assignments_GNI_2_MC, Mauritania,0,2, BCG,0.03,0.08,1,2,2154,0,0,0,0,0,0,-1
High, UVP_assignments_GNI_2_MC, Mauritania,0,3, BCG,0,0,1,2,2154,0,0,0,0,0,0,-1
High, UVP_assignments_GNI_2_MC, Mauritania,0,4, BCG,-0.09,-0.16,1,2,2154,0,0,0,0,0,0,-1
High, UVP_assignments_GNI_2_MC, Mauritania,0,5, DT,0,0,1,2,2154,0,0,0,0,0,0,-1
High, UVP_assignments_GNI_2_MC, Mauritania,0,6, DT,0.04,0.13,1,2,2154,0,0,0,0,0,0,-1
High, UVP_assignments_GNI_2_MC, Mauritania,0,7, DTP,0.04,0.13,1,2,2154,0,0,0,0,0,0,-1
High, UVP_assignments_GNI_2_MC, Mauritania,0,8, DTP,0.05,0.13,1,2,2154,0,0,0,0,0,0,-1
High, UVP_assignments_GNI_2_MC, Mauritania,0,9, DTP-HepB-Hib,0.2,0.13,1,2,2154,0,0,0,0,0,0,-1
High, UVP_assignments_GNI_2_MC, Mauritania,0,10, DTP-HepB-Hib,0.29,0.13,1,2,2154,0,0,0,0,0,0,-1
High, UVP_assignments_GNI_2_MC, Mauritania,0,11, DTP-HepB-Hib,0.27,0.13,1,2,2154,0,0,0,0,0,0,-1
High, UVP_assignments_GNI_2_MC, Mauritania,0,12, DTP-HepB-Hib,0.3,0.13,1,2,2154,0,0,0,0,0,0,-1
High, UVP_assignments_GNI_2_MC, Mauritania,0,13, DTP-HepB-Hib,0.29,0.13,1,2,2154,0,0,0,0,0,0,-1
High, UVP_assignments_GNI_2_MC, Mauritania,0,14, DTP-HepB-Hib,0.21,0.13,1,2,2154,0,0,0,0,0,0,-1
High, UVP_assignments_GNI_2_MC, Mauritania,0,15, DTP-HepB-Hib,0.19,0.13,1,2,2154,0,0,0,0,0,0,-1
High, UVP_assignments_GNI_2_MC, Mauritania,0,16, DTP-HepB-Hib,0.2,0.13,1,2,2154,0,0,0,0,0,0,-1
High, UVP_assignments_GNI_2_MC, Mauritania,0,17, HPV,1.17,0.13,1,2,2154,0,0,0,0,0,0,-1
High, UVP_assignments_GNI_2_MC, Mauritania,0,18, HPV,-2.05,-0.24,1,2,2154,0,0,0,0,0,0,-1
High, UVP_assignments_GNI_2_MC, Mauritania,0,19, HepB,0.12,0.13,1,2,2154,0,0,0,0,0,0,-1
High, UVP_assignments_GNI_2_MC, Mauritania,0,20, HepB,0.15,0.13,1,2,2154,0,0,0,0,0,0,-1
High, UVP_assignments_GNI_2_MC, Mauritania,0,21, HepB,0.06,0.13,1,2,2154,0,0,0,0,0,0,-1
High, UVP_assignments_GNI_2_MC, Mauritania,0,22, HepB,0.06,0.13,1,2,2154,0,0,0,0,0,0,-1
High, UVP_assignments_GNI_2_MC, Mauritania,0,23, Hib,0.54,0.13,1,2,2154,0,0,0,0,0,0,-1
High, UVP_assignments_GNI_2_MC, Mauritania,0,24, IPV,-0.95,-0.24,1,2,2154,0,0,0,0,0,0,-1
High, UVP_assignments_GNI_2_MC, Mauritania,0,25, IPV,0.62,0.13,1,2,2154,0,0,0,0,0,0,-1
High, UVP_assignments_GNI_2_MC, Mauritania,0,26, IPV,-1.22,-0.21,1,2,2154,0,0,0,0,0,0,-1
High, UVP_assignments_GNI_2_MC, Mauritania,0,27, IPV,-0.59,-0.17,1,2,2154,0,0,0,0,0,0,-1
High, UVP_assignments_GNI_2_MC, Mauritania,0,28, IPV,-1.06,-0.24,1,2,2154,0,0,0,0,0,0,-1
High, UVP_assignments_GNI_2_MC, Mauritania,0,29, IPV,-0.94,-0.17,1,2,2154,0,0,0,0,0,0,-1
High, UVP_assignments_GNI_2_MC, Mauritania,0,30, MMR,0,0,1,2,2154,0,0,0,0,0,0,-1
High, UVP_assignments_GNI_2_MC, Mauritania,0,31, MMR,1.13,0.13,1,2,2154,0,0,0,0,0,0,-1
High, UVP_assignments_GNI_2_MC, Mauritania,0,32, MMR,-1.24,-0.22,1,2,2154,0,0,0,0,0,0,-1
High, UVP_assignments_GNI_2_MC, Mauritania,0,33, MMR,-0.31,-0.11,1,2,2154,0,0,0,0,0,0,-1
High, UVP_assignments_GNI_2_MC, Mauritania,0,34, OPV,-0.08,-0.24,1,2,2154,0,0,0,0,0,0,-1
High, UVP_assignments_GNI_2_MC, Mauritania,0,35, OPV,-0.04,-0.24,1,2,2154,0,0,0,0,0,0,-1
High, UVP_assignments_GNI_2_MC, Mauritania,0,36, OPV,0.03,0.13,1,2,2154,0,0,0,0,0,0,-1
High, UVP_assignments_GNI_2_MC, Mauritania,0,37, OPV,0.04,0.13,1,2,2154,0,0,0,0,0,0,-1
High, UVP_assignments_GNI_2_MC, Mauritania,0,38, OPV,0.03,0.13,1,2,2154,0,0,0,0,0,0,-1
High, UVP_assignments_GNI_2_MC, Mauritania,0,39, OPV,-0.05,-0.21,1,2,2154,0,0,0,0,0,0,-1
High, UVP_assignments_GNI_2_MC, Mauritania,0,40, OPV,-0.08,-0.23,1,2,2154,0,0,0,0,0,0,-1
High, UVP_assignments_GNI_2_MC, Mauritania,0,41, OPV,-0.06,-0.24,1,2,2154,0,0,0,0,0,0,-1
High, UVP_assignments_GNI_2_MC, Mauritania,0,42, OPV,0.04,0.13,1,2,2154,0,0,0,0,0,0,-1
High, UVP_assignments_GNI_2_MC, Mauritania,0,43, PCV,-1.32,-0.24,1,2,2154,0,0,0,0,0,0,-1
High, UVP_assignments_GNI_2_MC, Mauritania,0,44, PCV,0.77,0.13,1,2,2154,0,0,0,0,0,0,-1
High, UVP_assignments_GNI_2_MC, Mauritania,0,45, PCV,0.77,0.13,1,2,2154,0,0,0,0,0,0,-1
High, UVP_assignments_GNI_2_MC, Mauritania,0,46, PCV,0.87,0.13,1,2,2154,0,0,0,0,0,0,-1
High, UVP_assignments_GNI_2_MC, Mauritania,0,47, PCV,0.48,0.08,1,2,2154,0,0,0,0,0,0,-1
High, UVP_assignments_GNI_2_MC, Mauritania,0,48, PCV,-1.32,-0.24,1,2,2154,0,0,0,0,0,0,-1
High, UVP_assignments_GNI_2_MC, Mauritania,0,49, Rota,-0.39,-0.24,1,2,2154,0,0,0,0,0,0,-1
High, UVP_assignments_GNI_2_MC, Mauritania,0,50, Rota,-0.38,-0.21,1,2,2154,0,0,0,0,0,0,-1
High, UVP_assignments_GNI_2_MC, Mauritania,0,51, Rota,0.6,0.13,1,2,2154,0,0,0,0,0,0,-1
High, UVP_assignments_GNI_2_MC, Mauritania,0,52, Td,0.03,0.13,1,2,2154,0,0,0,0,0,0,-1
High, UVP_assignments_GNI_2_MC, Mauritania,0,53, Td,0.03,0.13,1,2,2154,0,0,0,0,0,0,-1
High, UVP_assignments_GNI_2_MC, Mauritania,0,54, Td,0,0,1,2,2154,0,0,0,0,0,0,-1
High, UVP_assignments_GNI_2_MC, Mauritania,0,55, Td,0.04,0.13,1,2,2154,0,0,0,0,0,0,-1
High, UVP_assignments_GNI_2_MC, Mauritania,0,56, Td,0.03,0.13,1,2,2154,0,0,0,0,0,0,-1
High, UVP_assignments_GNI_2_MC, Mauritania,0,57, Td,0.03,0.13,1,2,2154,0,0,0,0,0,0,-1
High, UVP_assignments_GNI_2_MC, Mauritania,0,58, Td,0.02,0.13,1,2,2154,0,0,0,0,0,0,-1
High, UVP_assignments_GNI_2_MC, Mauritania,0,59, YF,0.32,0.13,1,2,2154,0,0,0,0,0,0,-1
High, UVP_assignments_GNI_2_MC, Mauritania,0,60, YF,0.25,0.13,1,2,2154,0,0,0,0,0,0,-1
High, UVP_assignments_GNI_2_MC, Mauritania,0,61, YF,0.36,0.13,1,2,2154,0,0,0,0,0,0,-1
High, UVP_assignments_GNI_2_MC, Mauritania,0,62, YF,0.25,0.13,1,2,2154,0,0,0,0,0,0,-1
High, UVP_assignments_GNI_2_MC, Mozambique,0,1, BCG,0,0,2,2,506,0,0,0,0,0,0,-1
High, UVP_assignments_GNI_2_MC, Mozambique,0,2, BCG,-0.05,-0.55,2,2,506,0,0,0,0,0,0,-1
High, UVP_assignments_GNI_2_MC, Mozambique,0,3, BCG,0,0,2,2,506,0,0,0,0,0,0,-1
High, UVP_assignments_GNI_2_MC, Mozambique,0,4, BCG,-0.05,-0.37,2,2,506,0,0,0,0,0,0,-1
High, UVP_assignments_GNI_2_MC, Mozambique,0,5, DT,-0.07,-0.92,2,2,506,0,0,0,0,0,0,-1
High, UVP_assignments_GNI_2_MC, Mozambique,0,6, DT,-0.05,-0.7,2,2,506,0,0,0,0,0,0,-1
High, UVP_assignments_GNI_2_MC, Mozambique,0,7, DTP,-0.06,-0.75,2,2,506,0,0,0,0,0,0,-1
High, UVP_assignments_GNI_2_MC, Mozambique,0,8, DTP,-0.04,-0.44,2,2,506,0,0,0,0,0,0,-1
High, UVP_assignments_GNI_2_MC, Mozambique,0,9, DTP-HepB-Hib,-0.26,-0.75,2,2,506,0,0,0,0,0,0,-1
High, UVP_assignments_GNI_2_MC, Mozambique,0,10, DTP-HepB-Hib,-0.38,-0.74,2,2,506,0,0,0,0,0,0,-1
High, UVP_assignments_GNI_2_MC, Mozambique,0,11, DTP-HepB-Hib,-0.35,-0.74,2,2,506,0,0,0,0,0,0,-1
High, UVP_assignments_GNI_2_MC, Mozambique,0,12, DTP-HepB-Hib,-0.4,-0.75,2,2,506,0,0,0,0,0,0,-1
High, UVP_assignments_GNI_2_MC, Mozambique,0,13, DTP-HepB-Hib,-0.39,-0.75,2,2,506,0,0,0,0,0,0,-1
High, UVP_assignments_GNI_2_MC, Mozambique,0,14, DTP-HepB-Hib,-0.3,-0.81,2,2,506,0,0,0,0,0,0,-1
High, UVP_assignments_GNI_2_MC, Mozambique,0,15, DTP-HepB-Hib,-0.25,-0.75,2,2,506,0,0,0,0,0,0,-1
High, UVP_assignments_GNI_2_MC, Mozambique,0,16, DTP-HepB-Hib,-0.27,-0.75,2,2,506,0,0,0,0,0,0,-1
High, UVP_assignments_GNI_2_MC, Mozambique,0,17, HPV,0.94,0.45,2,2,506,0,0,0,0,0,0,-1
High, UVP_assignments_GNI_2_MC, Mozambique,0,18, HPV,-1.87,-0.92,2,2,506,0,0,0,0,0,0,-1
High, UVP_assignments_GNI_2_MC, Mozambique,0,19, HepB,-0.17,-0.75,2,2,506,0,0,0,0,0,0,-1
High, UVP_assignments_GNI_2_MC, Mozambique,0,20, HepB,-0.22,-0.81,2,2,506,0,0,0,0,0,0,-1
High, UVP_assignments_GNI_2_MC, Mozambique,0,21, HepB,-0.08,-0.75,2,2,506,0,0,0,0,0,0,-1
High, UVP_assignments_GNI_2_MC, Mozambique,0,22, HepB,-0.09,-0.81,2,2,506,0,0,0,0,0,0,-1
High, UVP_assignments_GNI_2_MC, Mozambique,0,23, Hib,-0.72,-0.74,2,2,506,0,0,0,0,0,0,-1
High, UVP_assignments_GNI_2_MC, Mozambique,0,24, IPV,0,0,2,2,506,0,0,0,0,0,0,-1
High, UVP_assignments_GNI_2_MC, Mozambique,0,25, IPV,-0.82,-0.74,2,2,506,0,0,0,0,0,0,-1
High, UVP_assignments_GNI_2_MC, Mozambique,0,26, IPV,-0.27,-0.19,2,2,506,0,0,0,0,0,0,-1
High, UVP_assignments_GNI_2_MC, Mozambique,0,27, IPV,-0.34,-0.43,2,2,506,0,0,0,0,0,0,-1
High, UVP_assignments_GNI_2_MC, Mozambique,0,28, IPV,0,0,2,2,506,0,0,0,0,0,0,-1
High, UVP_assignments_GNI_2_MC, Mozambique,0,29, IPV,-0.55,-0.43,2,2,506,0,0,0,0,0,0,-1
High, UVP_assignments_GNI_2_MC, Mozambique,0,30, MMR,-0.59,-0.92,2,2,506,0,0,0,0,0,0,-1
High, UVP_assignments_GNI_2_MC, Mozambique,0,31, MMR,-1.35,-0.67,2,2,506,0,0,0,0,0,0,-1
High, UVP_assignments_GNI_2_MC, Mozambique,0,32, MMR,-0.19,-0.14,2,2,506,0,0,0,0,0,0,-1
High, UVP_assignments_GNI_2_MC, Mozambique,0,33, MMR,-0.41,-0.62,2,2,506,0,0,0,0,0,0,-1
High, UVP_assignments_GNI_2_MC, Mozambique,0,34, OPV,-0.07,-0.92,2,2,506,0,0,0,0,0,0,-1
High, UVP_assignments_GNI_2_MC, Mozambique,0,35, OPV,-0.04,-0.92,2,2,506,0,0,0,0,0,0,-1
High, UVP_assignments_GNI_2_MC, Mozambique,0,36, OPV,-0.05,-0.84,2,2,506,0,0,0,0,0,0,-1
High, UVP_assignments_GNI_2_MC, Mozambique,0,37, OPV,-0.05,-0.85,2,2,506,0,0,0,0,0,0,-1
High, UVP_assignments_GNI_2_MC, Mozambique,0,38, OPV,-0.05,-0.85,2,2,506,0,0,0,0,0,0,-1
High, UVP_assignments_GNI_2_MC, Mozambique,0,39, OPV,-0.01,-0.22,2,2,506,0,0,0,0,0,0,-1
High, UVP_assignments_GNI_2_MC, Mozambique,0,40, OPV,0.01,0.14,2,2,506,0,0,0,0,0,0,-1
High, UVP_assignments_GNI_2_MC, Mozambique,0,41, OPV,-0.06,-0.92,2,2,506,0,0,0,0,0,0,-1
High, UVP_assignments_GNI_2_MC, Mozambique,0,42, OPV,-0.07,-0.85,2,2,506,0,0,0,0,0,0,-1
High, UVP_assignments_GNI_2_MC, Mozambique,0,43, PCV,-1.14,-0.88,2,2,506,0,0,0,0,0,0,-1
High, UVP_assignments_GNI_2_MC, Mozambique,0,44, PCV,-1,-0.73,2,2,506,0,0,0,0,0,0,-1
High, UVP_assignments_GNI_2_MC, Mozambique,0,45, PCV,-1,-0.73,2,2,506,0,0,0,0,0,0,-1
High, UVP_assignments_GNI_2_MC, Mozambique,0,46, PCV,-1.13,-0.73,2,2,506,0,0,0,0,0,0,-1
High, UVP_assignments_GNI_2_MC, Mozambique,0,47, PCV,-1.04,-0.7,2,2,506,0,0,0,0,0,0,-1
High, UVP_assignments_GNI_2_MC, Mozambique,0,48, PCV,-1.14,-0.88,2,2,506,0,0,0,0,0,0,-1
High, UVP_assignments_GNI_2_MC, Mozambique,0,49, Rota,-0.35,-0.92,2,2,506,0,0,0,0,0,0,-1
High, UVP_assignments_GNI_2_MC, Mozambique,0,50, Rota,-0.07,-0.15,2,2,506,0,0,0,0,0,0,-1
High, UVP_assignments_GNI_2_MC, Mozambique,0,51, Rota,-0.63,-0.6,2,2,506,0,0,0,0,0,0,-1
High, UVP_assignments_GNI_2_MC, Mozambique,0,52, Td,0.02,0.36,2,2,506,0,0,0,0,0,0,-1
High, UVP_assignments_GNI_2_MC, Mozambique,0,53, Td,0.02,0.36,2,2,506,0,0,0,0,0,0,-1
High, UVP_assignments_GNI_2_MC, Mozambique,0,54, Td,0,0,2,2,506,0,0,0,0,0,0,-1
High, UVP_assignments_GNI_2_MC, Mozambique,0,55, Td,-0.04,-0.64,2,2,506,0,0,0,0,0,0,-1
High, UVP_assignments_GNI_2_MC, Mozambique,0,56, Td,-0.03,-0.64,2,2,506,0,0,0,0,0,0,-1
High, UVP_assignments_GNI_2_MC, Mozambique,0,57, Td,-0.03,-0.56,2,2,506,0,0,0,0,0,0,-1
High, UVP_assignments_GNI_2_MC, Mozambique,0,58, Td,-0.02,-0.56,2,2,506,0,0,0,0,0,0,-1
High, UVP_assignments_GNI_2_MC, Mozambique,0,59, YF,-0.43,-0.74,2,2,506,0,0,0,0,0,0,-1
High, UVP_assignments_GNI_2_MC, Mozambique,0,60, YF,-0.32,-0.74,2,2,506,0,0,0,0,0,0,-1
High, UVP_assignments_GNI_2_MC, Mozambique,0,61, YF,0.29,0.45,2,2,506,0,0,0,0,0,0,-1
High, UVP_assignments_GNI_2_MC, Mozambique,0,62, YF,-0.32,-0.74,2,2,506,0,0,0,0,0,0,-1
High, UVP_assignments_GNI_2_MC, Myanmar,0,1, BCG,0,0,2,2,1170,0,0,0,0,0,0,-1
High, UVP_assignments_GNI_2_MC, Myanmar,0,2, BCG,0.06,0.33,2,2,1170,0,0,0,0,0,0,-1
High, UVP_assignments_GNI_2_MC, Myanmar,0,3, BCG,0,0,2,2,1170,0,0,0,0,0,0,-1
High, UVP_assignments_GNI_2_MC, Myanmar,0,4, BCG,0.12,0.4,2,2,1170,0,0,0,0,0,0,-1
High, UVP_assignments_GNI_2_MC, Myanmar,0,5, DT,0.03,0.17,2,2,1170,0,0,0,0,0,0,-1
High, UVP_assignments_GNI_2_MC, Myanmar,0,6, DT,0.05,0.27,2,2,1170,0,0,0,0,0,0,-1
High, UVP_assignments_GNI_2_MC, Myanmar,0,7, DTP,0.04,0.24,2,2,1170,0,0,0,0,0,0,-1
High, UVP_assignments_GNI_2_MC, Myanmar,0,8, DTP,0.07,0.38,2,2,1170,0,0,0,0,0,0,-1
High, UVP_assignments_GNI_2_MC, Myanmar,0,9, DTP-HepB-Hib,0.2,0.24,2,2,1170,0,0,0,0,0,0,-1
High, UVP_assignments_GNI_2_MC, Myanmar,0,10, DTP-HepB-Hib,0.29,0.25,2,2,1170,0,0,0,0,0,0,-1
High, UVP_assignments_GNI_2_MC, Myanmar,0,11, DTP-HepB-Hib,0.27,0.25,2,2,1170,0,0,0,0,0,0,-1
High, UVP_assignments_GNI_2_MC, Myanmar,0,12, DTP-HepB-Hib,0.3,0.24,2,2,1170,0,0,0,0,0,0,-1
High, UVP_assignments_GNI_2_MC, Myanmar,0,13, DTP-HepB-Hib,0.29,0.24,2,2,1170,0,0,0,0,0,0,-1
High, UVP_assignments_GNI_2_MC, Myanmar,0,14, DTP-HepB-Hib,0.18,0.22,2,2,1170,0,0,0,0,0,0,-1
High, UVP_assignments_GNI_2_MC, Myanmar,0,15, DTP-HepB-Hib,0.19,0.24,2,2,1170,0,0,0,0,0,0,-1
High, UVP_assignments_GNI_2_MC, Myanmar,0,16, DTP-HepB-Hib,0.2,0.24,2,2,1170,0,0,0,0,0,0,-1
High, UVP_assignments_GNI_2_MC, Myanmar,0,17, HPV,3.65,0.76,2,2,1170,0,0,0,0,0,0,-1
High, UVP_assignments_GNI_2_MC, Myanmar,0,18, HPV,0.79,0.17,2,2,1170,0,0,0,0,0,0,-1
High, UVP_assignments_GNI_2_MC, Myanmar,0,19, HepB,0.12,0.24,2,2,1170,0,0,0,0,0,0,-1
High, UVP_assignments_GNI_2_MC, Myanmar,0,20, HepB,0.13,0.22,2,2,1170,0,0,0,0,0,0,-1
High, UVP_assignments_GNI_2_MC, Myanmar,0,21, HepB,0.06,0.24,2,2,1170,0,0,0,0,0,0,-1
High, UVP_assignments_GNI_2_MC, Myanmar,0,22, HepB,0.06,0.22,2,2,1170,0,0,0,0,0,0,-1
High, UVP_assignments_GNI_2_MC, Myanmar,0,23, Hib,0.55,0.25,2,2,1170,0,0,0,0,0,0,-1
High, UVP_assignments_GNI_2_MC, Myanmar,0,24, IPV,0,0,2,2,1170,0,0,0,0,0,0,-1
High, UVP_assignments_GNI_2_MC, Myanmar,0,25, IPV,0.63,0.25,2,2,1170,0,0,0,0,0,0,-1
High, UVP_assignments_GNI_2_MC, Myanmar,0,26, IPV,1.56,0.48,2,2,1170,0,0,0,0,0,0,-1
High, UVP_assignments_GNI_2_MC, Myanmar,0,27, IPV,0.69,0.38,2,2,1170,0,0,0,0,0,0,-1
High, UVP_assignments_GNI_2_MC, Myanmar,0,28, IPV,0,0,2,2,1170,0,0,0,0,0,0,-1
High, UVP_assignments_GNI_2_MC, Myanmar,0,29, IPV,1.1,0.38,2,2,1170,0,0,0,0,0,0,-1
High, UVP_assignments_GNI_2_MC, Myanmar,0,30, MMR,0.25,0.17,2,2,1170,0,0,0,0,0,0,-1
High, UVP_assignments_GNI_2_MC, Myanmar,0,31, MMR,1.28,0.28,2,2,1170,0,0,0,0,0,0,-1
High, UVP_assignments_GNI_2_MC, Myanmar,0,32, MMR,1.55,0.5,2,2,1170,0,0,0,0,0,0,-1
High, UVP_assignments_GNI_2_MC, Myanmar,0,33, MMR,0.46,0.3,2,2,1170,0,0,0,0,0,0,-1
High, UVP_assignments_GNI_2_MC, Myanmar,0,34, OPV,0.03,0.17,2,2,1170,0,0,0,0,0,0,-1
High, UVP_assignments_GNI_2_MC, Myanmar,0,35, OPV,0.02,0.17,2,2,1170,0,0,0,0,0,0,-1
High, UVP_assignments_GNI_2_MC, Myanmar,0,36, OPV,0.03,0.2,2,2,1170,0,0,0,0,0,0,-1
High, UVP_assignments_GNI_2_MC, Myanmar,0,37, OPV,0.03,0.2,2,2,1170,0,0,0,0,0,0,-1
High, UVP_assignments_GNI_2_MC, Myanmar,0,38, OPV,0.02,0.2,2,2,1170,0,0,0,0,0,0,-1
High, UVP_assignments_GNI_2_MC, Myanmar,0,39, OPV,0.06,0.47,2,2,1170,0,0,0,0,0,0,-1
High, UVP_assignments_GNI_2_MC, Myanmar,0,40, OPV,0.12,0.63,2,2,1170,0,0,0,0,0,0,-1
High, UVP_assignments_GNI_2_MC, Myanmar,0,41, OPV,0.02,0.17,2,2,1170,0,0,0,0,0,0,-1
High, UVP_assignments_GNI_2_MC, Myanmar,0,42, OPV,0.04,0.2,2,2,1170,0,0,0,0,0,0,-1
High, UVP_assignments_GNI_2_MC, Myanmar,0,43, PCV,0.57,0.19,2,2,1170,0,0,0,0,0,0,-1
High, UVP_assignments_GNI_2_MC, Myanmar,0,44, PCV,0.8,0.25,2,2,1170,0,0,0,0,0,0,-1
High, UVP_assignments_GNI_2_MC, Myanmar,0,45, PCV,0.8,0.25,2,2,1170,0,0,0,0,0,0,-1
High, UVP_assignments_GNI_2_MC, Myanmar,0,46, PCV,0.9,0.25,2,2,1170,0,0,0,0,0,0,-1
High, UVP_assignments_GNI_2_MC, Myanmar,0,47, PCV,0.9,0.26,2,2,1170,0,0,0,0,0,0,-1
High, UVP_assignments_GNI_2_MC, Myanmar,0,48, PCV,0.57,0.19,2,2,1170,0,0,0,0,0,0,-1
High, UVP_assignments_GNI_2_MC, Myanmar,0,49, Rota,0.15,0.17,2,2,1170,0,0,0,0,0,0,-1
High, UVP_assignments_GNI_2_MC, Myanmar,0,50, Rota,0.5,0.5,2,2,1170,0,0,0,0,0,0,-1
High, UVP_assignments_GNI_2_MC, Myanmar,0,51, Rota,0.76,0.31,2,2,1170,0,0,0,0,0,0,-1
High, UVP_assignments_GNI_2_MC, Myanmar,0,52, Td,0.08,0.72,2,2,1170,0,0,0,0,0,0,-1
High, UVP_assignments_GNI_2_MC, Myanmar,0,53, Td,0.08,0.72,2,2,1170,0,0,0,0,0,0,-1
High, UVP_assignments_GNI_2_MC, Myanmar,0,54, Td,0,0,2,2,1170,0,0,0,0,0,0,-1
High, UVP_assignments_GNI_2_MC, Myanmar,0,55, Td,0.04,0.29,2,2,1170,0,0,0,0,0,0,-1
High, UVP_assignments_GNI_2_MC, Myanmar,0,56, Td,0.03,0.29,2,2,1170,0,0,0,0,0,0,-1
High, UVP_assignments_GNI_2_MC, Myanmar,0,57, Td,0.03,0.32,2,2,1170,0,0,0,0,0,0,-1
High, UVP_assignments_GNI_2_MC, Myanmar,0,58, Td,0.03,0.32,2,2,1170,0,0,0,0,0,0,-1
High, UVP_assignments_GNI_2_MC, Myanmar,0,59, YF,0.33,0.25,2,2,1170,0,0,0,0,0,0,-1
High, UVP_assignments_GNI_2_MC, Myanmar,0,60, YF,0.25,0.25,2,2,1170,0,0,0,0,0,0,-1
High, UVP_assignments_GNI_2_MC, Myanmar,0,61, YF,1.14,0.76,2,2,1170,0,0,0,0,0,0,-1
High, UVP_assignments_GNI_2_MC, Myanmar,0,62, YF,0.25,0.25,2,2,1170,0,0,0,0,0,0,-1
High, UVP_assignments_GNI_2_MC, Nepal,0,1, BCG,0,0,2,2,1226,0,0,0,0,0,0,-1
High, UVP_assignments_GNI_2_MC, Nepal,0,2, BCG,0.07,0.36,2,2,1226,0,0,0,0,0,0,-1
High, UVP_assignments_GNI_2_MC, Nepal,0,3, BCG,0,0,2,2,1226,0,0,0,0,0,0,-1
High, UVP_assignments_GNI_2_MC, Nepal,0,4, BCG,0.13,0.43,2,2,1226,0,0,0,0,0,0,-1
High, UVP_assignments_GNI_2_MC, Nepal,0,5, DT,0.04,0.21,2,2,1226,0,0,0,0,0,0,-1
High, UVP_assignments_GNI_2_MC, Nepal,0,6, DT,0.06,0.3,2,2,1226,0,0,0,0,0,0,-1
High, UVP_assignments_GNI_2_MC, Nepal,0,7, DTP,0.05,0.28,2,2,1226,0,0,0,0,0,0,-1
High, UVP_assignments_GNI_2_MC, Nepal,0,8, DTP,0.08,0.41,2,2,1226,0,0,0,0,0,0,-1
High, UVP_assignments_GNI_2_MC, Nepal,0,9, DTP-HepB-Hib,0.24,0.28,2,2,1226,0,0,0,0,0,0,-1
High, UVP_assignments_GNI_2_MC, Nepal,0,10, DTP-HepB-Hib,0.35,0.28,2,2,1226,0,0,0,0,0,0,-1
High, UVP_assignments_GNI_2_MC, Nepal,0,11, DTP-HepB-Hib,0.32,0.28,2,2,1226,0,0,0,0,0,0,-1
High, UVP_assignments_GNI_2_MC, Nepal,0,12, DTP-HepB-Hib,0.36,0.28,2,2,1226,0,0,0,0,0,0,-1
High, UVP_assignments_GNI_2_MC, Nepal,0,13, DTP-HepB-Hib,0.35,0.28,2,2,1226,0,0,0,0,0,0,-1
High, UVP_assignments_GNI_2_MC, Nepal,0,14, DTP-HepB-Hib,0.22,0.25,2,2,1226,0,0,0,0,0,0,-1
High, UVP_assignments_GNI_2_MC, Nepal,0,15, DTP-HepB-Hib,0.23,0.28,2,2,1226,0,0,0,0,0,0,-1
High, UVP_assignments_GNI_2_MC, Nepal,0,16, DTP-HepB-Hib,0.24,0.28,2,2,1226,0,0,0,0,0,0,-1
High, UVP_assignments_GNI_2_MC, Nepal,0,17, HPV,3.88,0.77,2,2,1226,0,0,0,0,0,0,-1
High, UVP_assignments_GNI_2_MC, Nepal,0,18, HPV,1.01,0.21,2,2,1226,0,0,0,0,0,0,-1
High, UVP_assignments_GNI_2_MC, Nepal,0,19, HepB,0.15,0.28,2,2,1226,0,0,0,0,0,0,-1
High, UVP_assignments_GNI_2_MC, Nepal,0,20, HepB,0.16,0.25,2,2,1226,0,0,0,0,0,0,-1
High, UVP_assignments_GNI_2_MC, Nepal,0,21, HepB,0.07,0.28,2,2,1226,0,0,0,0,0,0,-1
High, UVP_assignments_GNI_2_MC, Nepal,0,22, HepB,0.07,0.25,2,2,1226,0,0,0,0,0,0,-1
High, UVP_assignments_GNI_2_MC, Nepal,0,23, Hib,0.66,0.28,2,2,1226,0,0,0,0,0,0,-1
High, UVP_assignments_GNI_2_MC, Nepal,0,24, IPV,0,0,2,2,1226,0,0,0,0,0,0,-1
High, UVP_assignments_GNI_2_MC, Nepal,0,25, IPV,0.75,0.28,2,2,1226,0,0,0,0,0,0,-1
High, UVP_assignments_GNI_2_MC, Nepal,0,26, IPV,1.72,0.51,2,2,1226,0,0,0,0,0,0,-1
High, UVP_assignments_GNI_2_MC, Nepal,0,27, IPV,0.78,0.41,2,2,1226,0,0,0,0,0,0,-1
High, UVP_assignments_GNI_2_MC, Nepal,0,28, IPV,0,0,2,2,1226,0,0,0,0,0,0,-1
High, UVP_assignments_GNI_2_MC, Nepal,0,29, IPV,1.24,0.41,2,2,1226,0,0,0,0,0,0,-1
High, UVP_assignments_GNI_2_MC, Nepal,0,30, MMR,0.32,0.21,2,2,1226,0,0,0,0,0,0,-1
High, UVP_assignments_GNI_2_MC, Nepal,0,31, MMR,1.51,0.31,2,2,1226,0,0,0,0,0,0,-1
High, UVP_assignments_GNI_2_MC, Nepal,0,32, MMR,1.69,0.53,2,2,1226,0,0,0,0,0,0,-1
High, UVP_assignments_GNI_2_MC, Nepal,0,33, MMR,0.53,0.33,2,2,1226,0,0,0,0,0,0,-1
High, UVP_assignments_GNI_2_MC, Nepal,0,34, OPV,0.04,0.21,2,2,1226,0,0,0,0,0,0,-1
High, UVP_assignments_GNI_2_MC, Nepal,0,35, OPV,0.02,0.21,2,2,1226,0,0,0,0,0,0,-1
High, UVP_assignments_GNI_2_MC, Nepal,0,36, OPV,0.03,0.24,2,2,1226,0,0,0,0,0,0,-1
High, UVP_assignments_GNI_2_MC, Nepal,0,37, OPV,0.04,0.23,2,2,1226,0,0,0,0,0,0,-1
High, UVP_assignments_GNI_2_MC, Nepal,0,38, OPV,0.03,0.23,2,2,1226,0,0,0,0,0,0,-1
High, UVP_assignments_GNI_2_MC, Nepal,0,39, OPV,0.07,0.5,2,2,1226,0,0,0,0,0,0,-1
High, UVP_assignments_GNI_2_MC, Nepal,0,40, OPV,0.13,0.65,2,2,1226,0,0,0,0,0,0,-1
High, UVP_assignments_GNI_2_MC, Nepal,0,41, OPV,0.03,0.21,2,2,1226,0,0,0,0,0,0,-1
High, UVP_assignments_GNI_2_MC, Nepal,0,42, OPV,0.04,0.23,2,2,1226,0,0,0,0,0,0,-1
High, UVP_assignments_GNI_2_MC, Nepal,0,43, PCV,0.71,0.23,2,2,1226,0,0,0,0,0,0,-1
High, UVP_assignments_GNI_2_MC, Nepal,0,44, PCV,0.95,0.29,2,2,1226,0,0,0,0,0,0,-1
High, UVP_assignments_GNI_2_MC, Nepal,0,45, PCV,0.95,0.29,2,2,1226,0,0,0,0,0,0,-1
High, UVP_assignments_GNI_2_MC, Nepal,0,46, PCV,1.07,0.29,2,2,1226,0,0,0,0,0,0,-1
High, UVP_assignments_GNI_2_MC, Nepal,0,47, PCV,1.07,0.3,2,2,1226,0,0,0,0,0,0,-1
High, UVP_assignments_GNI_2_MC, Nepal,0,48, PCV,0.71,0.23,2,2,1226,0,0,0,0,0,0,-1
High, UVP_assignments_GNI_2_MC, Nepal,0,49, Rota,0.19,0.21,2,2,1226,0,0,0,0,0,0,-1
High, UVP_assignments_GNI_2_MC, Nepal,0,50, Rota,0.54,0.52,2,2,1226,0,0,0,0,0,0,-1
High, UVP_assignments_GNI_2_MC, Nepal,0,51, Rota,0.87,0.34,2,2,1226,0,0,0,0,0,0,-1
High, UVP_assignments_GNI_2_MC, Nepal,0,52, Td,0.09,0.73,2,2,1226,0,0,0,0,0,0,-1
High, UVP_assignments_GNI_2_MC, Nepal,0,53, Td,0.09,0.73,2,2,1226,0,0,0,0,0,0,-1
High, UVP_assignments_GNI_2_MC, Nepal,0,54, Td,0,0,2,2,1226,0,0,0,0,0,0,-1
High, UVP_assignments_GNI_2_MC, Nepal,0,55, Td,0.05,0.32,2,2,1226,0,0,0,0,0,0,-1
High, UVP_assignments_GNI_2_MC, Nepal,0,56, Td,0.04,0.32,2,2,1226,0,0,0,0,0,0,-1
High, UVP_assignments_GNI_2_MC, Nepal,0,57, Td,0.04,0.35,2,2,1226,0,0,0,0,0,0,-1
High, UVP_assignments_GNI_2_MC, Nepal,0,58, Td,0.03,0.35,2,2,1226,0,0,0,0,0,0,-1
High, UVP_assignments_GNI_2_MC, Nepal,0,59, YF,0.39,0.28,2,2,1226,0,0,0,0,0,0,-1
High, UVP_assignments_GNI_2_MC, Nepal,0,60, YF,0.3,0.28,2,2,1226,0,0,0,0,0,0,-1
High, UVP_assignments_GNI_2_MC, Nepal,0,61, YF,1.22,0.77,2,2,1226,0,0,0,0,0,0,-1
High, UVP_assignments_GNI_2_MC, Nepal,0,62, YF,0.3,0.28,2,2,1226,0,0,0,0,0,0,-1
High, UVP_assignments_GNI_2_MC, Niger,0,1, BCG,0,0,2,2,662,0,0,0,0,0,0,-1
High, UVP_assignments_GNI_2_MC, Niger,0,2, BCG,-0.02,-0.19,2,2,662,0,0,0,0,0,0,-1
High, UVP_assignments_GNI_2_MC, Niger,0,3, BCG,0,0,2,2,662,0,0,0,0,0,0,-1
High, UVP_assignments_GNI_2_MC, Niger,0,4, BCG,-0.01,-0.05,2,2,662,0,0,0,0,0,0,-1
High, UVP_assignments_GNI_2_MC, Niger,0,5, DT,-0.05,-0.47,2,2,662,0,0,0,0,0,0,-1
High, UVP_assignments_GNI_2_MC, Niger,0,6, DT,-0.03,-0.3,2,2,662,0,0,0,0,0,0,-1
High, UVP_assignments_GNI_2_MC, Niger,0,7, DTP,-0.03,-0.34,2,2,662,0,0,0,0,0,0,-1
High, UVP_assignments_GNI_2_MC, Niger,0,8, DTP,-0.01,-0.1,2,2,662,0,0,0,0,0,0,-1
High, UVP_assignments_GNI_2_MC, Niger,0,9, DTP-HepB-Hib,-0.16,-0.34,2,2,662,0,0,0,0,0,0,-1
High, UVP_assignments_GNI_2_MC, Niger,0,10, DTP-HepB-Hib,-0.23,-0.33,2,2,662,0,0,0,0,0,0,-1
High, UVP_assignments_GNI_2_MC, Niger,0,11, DTP-HepB-Hib,-0.21,-0.33,2,2,662,0,0,0,0,0,0,-1
High, UVP_assignments_GNI_2_MC, Niger,0,12, DTP-HepB-Hib,-0.24,-0.34,2,2,662,0,0,0,0,0,0,-1
High, UVP_assignments_GNI_2_MC, Niger,0,13, DTP-HepB-Hib,-0.23,-0.34,2,2,662,0,0,0,0,0,0,-1
High, UVP_assignments_GNI_2_MC, Niger,0,14, DTP-HepB-Hib,-0.18,-0.39,2,2,662,0,0,0,0,0,0,-1
High, UVP_assignments_GNI_2_MC, Niger,0,15, DTP-HepB-Hib,-0.15,-0.34,2,2,662,0,0,0,0,0,0,-1
High, UVP_assignments_GNI_2_MC, Niger,0,16, DTP-HepB-Hib,-0.16,-0.34,2,2,662,0,0,0,0,0,0,-1
High, UVP_assignments_GNI_2_MC, Niger,0,17, HPV,1.58,0.58,2,2,662,0,0,0,0,0,0,-1
High, UVP_assignments_GNI_2_MC, Niger,0,18, HPV,-1.24,-0.47,2,2,662,0,0,0,0,0,0,-1
High, UVP_assignments_GNI_2_MC, Niger,0,19, HepB,-0.1,-0.34,2,2,662,0,0,0,0,0,0,-1
High, UVP_assignments_GNI_2_MC, Niger,0,20, HepB,-0.14,-0.39,2,2,662,0,0,0,0,0,0,-1
High, UVP_assignments_GNI_2_MC, Niger,0,21, HepB,-0.05,-0.34,2,2,662,0,0,0,0,0,0,-1
High, UVP_assignments_GNI_2_MC, Niger,0,22, HepB,-0.06,-0.39,2,2,662,0,0,0,0,0,0,-1
High, UVP_assignments_GNI_2_MC, Niger,0,23, Hib,-0.42,-0.33,2,2,662,0,0,0,0,0,0,-1
High, UVP_assignments_GNI_2_MC, Niger,0,24, IPV,0,0,2,2,662,0,0,0,0,0,0,-1
High, UVP_assignments_GNI_2_MC, Niger,0,25, IPV,-0.48,-0.33,2,2,662,0,0,0,0,0,0,-1
High, UVP_assignments_GNI_2_MC, Niger,0,26, IPV,0.16,0.09,2,2,662,0,0,0,0,0,0,-1
High, UVP_assignments_GNI_2_MC, Niger,0,27, IPV,-0.1,-0.1,2,2,662,0,0,0,0,0,0,-1
High, UVP_assignments_GNI_2_MC, Niger,0,28, IPV,0,0,2,2,662,0,0,0,0,0,0,-1
High, UVP_assignments_GNI_2_MC, Niger,0,29, IPV,-0.16,-0.1,2,2,662,0,0,0,0,0,0,-1
High, UVP_assignments_GNI_2_MC, Niger,0,30, MMR,-0.39,-0.47,2,2,662,0,0,0,0,0,0,-1
High, UVP_assignments_GNI_2_MC, Niger,0,31, MMR,-0.74,-0.28,2,2,662,0,0,0,0,0,0,-1
High, UVP_assignments_GNI_2_MC, Niger,0,32, MMR,0.22,0.12,2,2,662,0,0,0,0,0,0,-1
High, UVP_assignments_GNI_2_MC, Niger,0,33, MMR,-0.21,-0.24,2,2,662,0,0,0,0,0,0,-1
High, UVP_assignments_GNI_2_MC, Niger,0,34, OPV,-0.05,-0.47,2,2,662,0,0,0,0,0,0,-1
High, UVP_assignments_GNI_2_MC, Niger,0,35, OPV,-0.02,-0.47,2,2,662,0,0,0,0,0,0,-1
High, UVP_assignments_GNI_2_MC, Niger,0,36, OPV,-0.03,-0.41,2,2,662,0,0,0,0,0,0,-1
High, UVP_assignments_GNI_2_MC, Niger,0,37, OPV,-0.03,-0.42,2,2,662,0,0,0,0,0,0,-1
High, UVP_assignments_GNI_2_MC, Niger,0,38, OPV,-0.03,-0.42,2,2,662,0,0,0,0,0,0,-1
High, UVP_assignments_GNI_2_MC, Niger,0,39, OPV,0.01,0.07,2,2,662,0,0,0,0,0,0,-1
High, UVP_assignments_GNI_2_MC, Niger,0,40, OPV,0.04,0.35,2,2,662,0,0,0,0,0,0,-1
High, UVP_assignments_GNI_2_MC, Niger,0,41, OPV,-0.04,-0.47,2,2,662,0,0,0,0,0,0,-1
High, UVP_assignments_GNI_2_MC, Niger,0,42, OPV,-0.04,-0.42,2,2,662,0,0,0,0,0,0,-1
High, UVP_assignments_GNI_2_MC, Niger,0,43, PCV,-0.74,-0.44,2,2,662,0,0,0,0,0,0,-1
High, UVP_assignments_GNI_2_MC, Niger,0,44, PCV,-0.58,-0.32,2,2,662,0,0,0,0,0,0,-1
High, UVP_assignments_GNI_2_MC, Niger,0,45, PCV,-0.58,-0.32,2,2,662,0,0,0,0,0,0,-1
High, UVP_assignments_GNI_2_MC, Niger,0,46, PCV,-0.66,-0.32,2,2,662,0,0,0,0,0,0,-1
High, UVP_assignments_GNI_2_MC, Niger,0,47, PCV,-0.59,-0.3,2,2,662,0,0,0,0,0,0,-1
High, UVP_assignments_GNI_2_MC, Niger,0,48, PCV,-0.74,-0.44,2,2,662,0,0,0,0,0,0,-1
High, UVP_assignments_GNI_2_MC, Niger,0,49, Rota,-0.23,-0.47,2,2,662,0,0,0,0,0,0,-1
High, UVP_assignments_GNI_2_MC, Niger,0,50, Rota,0.07,0.12,2,2,662,0,0,0,0,0,0,-1
High, UVP_assignments_GNI_2_MC, Niger,0,51, Rota,-0.31,-0.22,2,2,662,0,0,0,0,0,0,-1
High, UVP_assignments_GNI_2_MC, Niger,0,52, Td,0.03,0.51,2,2,662,0,0,0,0,0,0,-1
High, UVP_assignments_GNI_2_MC, Niger,0,53, Td,0.03,0.51,2,2,662,0,0,0,0,0,0,-1
High, UVP_assignments_GNI_2_MC, Niger,0,54, Td,0,0,2,2,662,0,0,0,0,0,0,-1
High, UVP_assignments_GNI_2_MC, Niger,0,55, Td,-0.02,-0.26,2,2,662,0,0,0,0,0,0,-1
High, UVP_assignments_GNI_2_MC, Niger,0,56, Td,-0.02,-0.26,2,2,662,0,0,0,0,0,0,-1
High, UVP_assignments_GNI_2_MC, Niger,0,57, Td,-0.01,-0.2,2,2,662,0,0,0,0,0,0,-1
High, UVP_assignments_GNI_2_MC, Niger,0,58, Td,-0.01,-0.2,2,2,662,0,0,0,0,0,0,-1
High, UVP_assignments_GNI_2_MC, Niger,0,59, YF,-0.25,-0.33,2,2,662,0,0,0,0,0,0,-1
High, UVP_assignments_GNI_2_MC, Niger,0,60, YF,-0.19,-0.33,2,2,662,0,0,0,0,0,0,-1
High, UVP_assignments_GNI_2_MC, Niger,0,61, YF,0.49,0.58,2,2,662,0,0,0,0,0,0,-1
High, UVP_assignments_GNI_2_MC, Niger,0,62, YF,-0.19,-0.33,2,2,662,0,0,0,0,0,0,-1
High, UVP_assignments_GNI_2_MC, Nigeria,0,1, BCG,0,0,1,2,2562,0,0,0,0,0,0,-1
High, UVP_assignments_GNI_2_MC, Nigeria,0,2, BCG,0.1,0.22,1,2,2562,0,0,0,0,0,0,-1
High, UVP_assignments_GNI_2_MC, Nigeria,0,3, BCG,0,0,1,2,2562,0,0,0,0,0,0,-1
High, UVP_assignments_GNI_2_MC, Nigeria,0,4, BCG,0.01,0.02,1,2,2562,0,0,0,0,0,0,-1
High, UVP_assignments_GNI_2_MC, Nigeria,0,5, DT,0,0,1,2,2562,0,0,0,0,0,0,-1
High, UVP_assignments_GNI_2_MC, Nigeria,0,6, DT,0.1,0.27,1,2,2562,0,0,0,0,0,0,-1
High, UVP_assignments_GNI_2_MC, Nigeria,0,7, DTP,0.1,0.27,1,2,2562,0,0,0,0,0,0,-1
High, UVP_assignments_GNI_2_MC, Nigeria,0,8, DTP,0.12,0.27,1,2,2562,0,0,0,0,0,0,-1
High, UVP_assignments_GNI_2_MC, Nigeria,0,9, DTP-HepB-Hib,0.48,0.27,1,2,2562,0,0,0,0,0,0,-1
High, UVP_assignments_GNI_2_MC, Nigeria,0,10, DTP-HepB-Hib,0.71,0.27,1,2,2562,0,0,0,0,0,0,-1
High, UVP_assignments_GNI_2_MC, Nigeria,0,11, DTP-HepB-Hib,0.65,0.27,1,2,2562,0,0,0,0,0,0,-1
High, UVP_assignments_GNI_2_MC, Nigeria,0,12, DTP-HepB-Hib,0.73,0.27,1,2,2562,0,0,0,0,0,0,-1
High, UVP_assignments_GNI_2_MC, Nigeria,0,13, DTP-HepB-Hib,0.71,0.27,1,2,2562,0,0,0,0,0,0,-1
High, UVP_assignments_GNI_2_MC, Nigeria,0,14, DTP-HepB-Hib,0.5,0.27,1,2,2562,0,0,0,0,0,0,-1
High, UVP_assignments_GNI_2_MC, Nigeria,0,15, DTP-HepB-Hib,0.46,0.27,1,2,2562,0,0,0,0,0,0,-1
High, UVP_assignments_GNI_2_MC, Nigeria,0,16, DTP-HepB-Hib,0.49,0.27,1,2,2562,0,0,0,0,0,0,-1
High, UVP_assignments_GNI_2_MC, Nigeria,0,17, HPV,2.83,0.27,1,2,2562,0,0,0,0,0,0,-1
High, UVP_assignments_GNI_2_MC, Nigeria,0,18, HPV,-0.42,-0.04,1,2,2562,0,0,0,0,0,0,-1
High, UVP_assignments_GNI_2_MC, Nigeria,0,19, HepB,0.3,0.27,1,2,2562,0,0,0,0,0,0,-1
High, UVP_assignments_GNI_2_MC, Nigeria,0,20, HepB,0.37,0.27,1,2,2562,0,0,0,0,0,0,-1
High, UVP_assignments_GNI_2_MC, Nigeria,0,21, HepB,0.15,0.27,1,2,2562,0,0,0,0,0,0,-1
High, UVP_assignments_GNI_2_MC, Nigeria,0,22, HepB,0.15,0.27,1,2,2562,0,0,0,0,0,0,-1
High, UVP_assignments_GNI_2_MC, Nigeria,0,23, Hib,1.32,0.27,1,2,2562,0,0,0,0,0,0,-1
High, UVP_assignments_GNI_2_MC, Nigeria,0,24, IPV,-0.19,-0.04,1,2,2562,0,0,0,0,0,0,-1
High, UVP_assignments_GNI_2_MC, Nigeria,0,25, IPV,1.51,0.27,1,2,2562,0,0,0,0,0,0,-1
High, UVP_assignments_GNI_2_MC, Nigeria,0,26, IPV,-0.1,-0.01,1,2,2562,0,0,0,0,0,0,-1
High, UVP_assignments_GNI_2_MC, Nigeria,0,27, IPV,0.05,0.01,1,2,2562,0,0,0,0,0,0,-1
High, UVP_assignments_GNI_2_MC, Nigeria,0,28, IPV,-0.22,-0.04,1,2,2562,0,0,0,0,0,0,-1
High, UVP_assignments_GNI_2_MC, Nigeria,0,29, IPV,0.08,0.01,1,2,2562,0,0,0,0,0,0,-1
High, UVP_assignments_GNI_2_MC, Nigeria,0,30, MMR,0,0,1,2,2562,0,0,0,0,0,0,-1
High, UVP_assignments_GNI_2_MC, Nigeria,0,31, MMR,2.75,0.27,1,2,2562,0,0,0,0,0,0,-1
High, UVP_assignments_GNI_2_MC, Nigeria,0,32, MMR,-0.17,-0.02,1,2,2562,0,0,0,0,0,0,-1
High, UVP_assignments_GNI_2_MC, Nigeria,0,33, MMR,0.23,0.07,1,2,2562,0,0,0,0,0,0,-1
High, UVP_assignments_GNI_2_MC, Nigeria,0,34, OPV,-0.02,-0.04,1,2,2562,0,0,0,0,0,0,-1
High, UVP_assignments_GNI_2_MC, Nigeria,0,35, OPV,-0.01,-0.04,1,2,2562,0,0,0,0,0,0,-1
High, UVP_assignments_GNI_2_MC, Nigeria,0,36, OPV,0.08,0.27,1,2,2562,0,0,0,0,0,0,-1
High, UVP_assignments_GNI_2_MC, Nigeria,0,37, OPV,0.09,0.27,1,2,2562,0,0,0,0,0,0,-1
High, UVP_assignments_GNI_2_MC, Nigeria,0,38, OPV,0.07,0.27,1,2,2562,0,0,0,0,0,0,-1
High, UVP_assignments_GNI_2_MC, Nigeria,0,39, OPV,-0.01,-0.02,1,2,2562,0,0,0,0,0,0,-1
High, UVP_assignments_GNI_2_MC, Nigeria,0,40, OPV,-0.02,-0.04,1,2,2562,0,0,0,0,0,0,-1
High, UVP_assignments_GNI_2_MC, Nigeria,0,41, OPV,-0.01,-0.04,1,2,2562,0,0,0,0,0,0,-1
High, UVP_assignments_GNI_2_MC, Nigeria,0,42, OPV,0.1,0.27,1,2,2562,0,0,0,0,0,0,-1
High, UVP_assignments_GNI_2_MC, Nigeria,0,43, PCV,-0.27,-0.04,1,2,2562,0,0,0,0,0,0,-1
High, UVP_assignments_GNI_2_MC, Nigeria,0,44, PCV,1.88,0.27,1,2,2562,0,0,0,0,0,0,-1
High, UVP_assignments_GNI_2_MC, Nigeria,0,45, PCV,1.88,0.27,1,2,2562,0,0,0,0,0,0,-1
High, UVP_assignments_GNI_2_MC, Nigeria,0,46, PCV,2.12,0.27,1,2,2562,0,0,0,0,0,0,-1
High, UVP_assignments_GNI_2_MC, Nigeria,0,47, PCV,1.68,0.22,1,2,2562,0,0,0,0,0,0,-1
High, UVP_assignments_GNI_2_MC, Nigeria,0,48, PCV,-0.27,-0.04,1,2,2562,0,0,0,0,0,0,-1
High, UVP_assignments_GNI_2_MC, Nigeria,0,49, Rota,-0.08,-0.04,1,2,2562,0,0,0,0,0,0,-1
High, UVP_assignments_GNI_2_MC, Nigeria,0,50, Rota,-0.04,-0.02,1,2,2562,0,0,0,0,0,0,-1
High, UVP_assignments_GNI_2_MC, Nigeria,0,51, Rota,1.45,0.27,1,2,2562,0,0,0,0,0,0,-1
High, UVP_assignments_GNI_2_MC, Nigeria,0,52, Td,0.07,0.27,1,2,2562,0,0,0,0,0,0,-1
High, UVP_assignments_GNI_2_MC, Nigeria,0,53, Td,0.07,0.27,1,2,2562,0,0,0,0,0,0,-1
High, UVP_assignments_GNI_2_MC, Nigeria,0,54, Td,0,0,1,2,2562,0,0,0,0,0,0,-1
High, UVP_assignments_GNI_2_MC, Nigeria,0,55, Td,0.09,0.27,1,2,2562,0,0,0,0,0,0,-1
High, UVP_assignments_GNI_2_MC, Nigeria,0,56, Td,0.06,0.27,1,2,2562,0,0,0,0,0,0,-1
High, UVP_assignments_GNI_2_MC, Nigeria,0,57, Td,0.06,0.27,1,2,2562,0,0,0,0,0,0,-1
High, UVP_assignments_GNI_2_MC, Nigeria,0,58, Td,0.06,0.27,1,2,2562,0,0,0,0,0,0,-1
High, UVP_assignments_GNI_2_MC, Nigeria,0,59, YF,0.79,0.27,1,2,2562,0,0,0,0,0,0,-1
High, UVP_assignments_GNI_2_MC, Nigeria,0,60, YF,0.6,0.27,1,2,2562,0,0,0,0,0,0,-1
High, UVP_assignments_GNI_2_MC, Nigeria,0,61, YF,0.89,0.27,1,2,2562,0,0,0,0,0,0,-1
High, UVP_assignments_GNI_2_MC, Nigeria,0,62, YF,0.6,0.27,1,2,2562,0,0,0,0,0,0,-1
High, UVP_assignments_GNI_2_MC, 'North Korea',0,1, BCG,0,0,2,2,1300,0,0,0,0,0,0,-1
High, UVP_assignments_GNI_2_MC, 'North Korea',0,2, BCG,0.09,0.39,2,2,1300,0,0,0,0,0,0,-1
High, UVP_assignments_GNI_2_MC, 'North Korea',0,3, BCG,0,0,2,2,1300,0,0,0,0,0,0,-1
High, UVP_assignments_GNI_2_MC, 'North Korea',0,4, BCG,0.15,0.46,2,2,1300,0,0,0,0,0,0,-1
High, UVP_assignments_GNI_2_MC, 'North Korea',0,5, DT,0.05,0.25,2,2,1300,0,0,0,0,0,0,-1
High, UVP_assignments_GNI_2_MC, 'North Korea',0,6, DT,0.07,0.34,2,2,1300,0,0,0,0,0,0,-1
High, UVP_assignments_GNI_2_MC, 'North Korea',0,7, DTP,0.06,0.32,2,2,1300,0,0,0,0,0,0,-1
High, UVP_assignments_GNI_2_MC, 'North Korea',0,8, DTP,0.1,0.44,2,2,1300,0,0,0,0,0,0,-1
High, UVP_assignments_GNI_2_MC, 'North Korea',0,9, DTP-HepB-Hib,0.29,0.32,2,2,1300,0,0,0,0,0,0,-1
High, UVP_assignments_GNI_2_MC, 'North Korea',0,10, DTP-HepB-Hib,0.43,0.32,2,2,1300,0,0,0,0,0,0,-1
High, UVP_assignments_GNI_2_MC, 'North Korea',0,11, DTP-HepB-Hib,0.39,0.32,2,2,1300,0,0,0,0,0,0,-1
High, UVP_assignments_GNI_2_MC, 'North Korea',0,12, DTP-HepB-Hib,0.44,0.32,2,2,1300,0,0,0,0,0,0,-1
High, UVP_assignments_GNI_2_MC, 'North Korea',0,13, DTP-HepB-Hib,0.42,0.32,2,2,1300,0,0,0,0,0,0,-1
High, UVP_assignments_GNI_2_MC, 'North Korea',0,14, DTP-HepB-Hib,0.27,0.29,2,2,1300,0,0,0,0,0,0,-1
High, UVP_assignments_GNI_2_MC, 'North Korea',0,15, DTP-HepB-Hib,0.28,0.32,2,2,1300,0,0,0,0,0,0,-1
High, UVP_assignments_GNI_2_MC, 'North Korea',0,16, DTP-HepB-Hib,0.29,0.32,2,2,1300,0,0,0,0,0,0,-1
High, UVP_assignments_GNI_2_MC, 'North Korea',0,17, HPV,4.18,0.79,2,2,1300,0,0,0,0,0,0,-1
High, UVP_assignments_GNI_2_MC, 'North Korea',0,18, HPV,1.31,0.25,2,2,1300,0,0,0,0,0,0,-1
High, UVP_assignments_GNI_2_MC, 'North Korea',0,19, HepB,0.18,0.32,2,2,1300,0,0,0,0,0,0,-1
High, UVP_assignments_GNI_2_MC, 'North Korea',0,20, HepB,0.2,0.29,2,2,1300,0,0,0,0,0,0,-1
High, UVP_assignments_GNI_2_MC, 'North Korea',0,21, HepB,0.09,0.32,2,2,1300,0,0,0,0,0,0,-1
High, UVP_assignments_GNI_2_MC, 'North Korea',0,22, HepB,0.08,0.29,2,2,1300,0,0,0,0,0,0,-1
High, UVP_assignments_GNI_2_MC, 'North Korea',0,23, Hib,0.8,0.32,2,2,1300,0,0,0,0,0,0,-1
High, UVP_assignments_GNI_2_MC, 'North Korea',0,24, IPV,0,0,2,2,1300,0,0,0,0,0,0,-1
High, UVP_assignments_GNI_2_MC, 'North Korea',0,25, IPV,0.91,0.32,2,2,1300,0,0,0,0,0,0,-1
High, UVP_assignments_GNI_2_MC, 'North Korea',0,26, IPV,1.92,0.54,2,2,1300,0,0,0,0,0,0,-1
High, UVP_assignments_GNI_2_MC, 'North Korea',0,27, IPV,0.89,0.44,2,2,1300,0,0,0,0,0,0,-1
High, UVP_assignments_GNI_2_MC, 'North Korea',0,28, IPV,0,0,2,2,1300,0,0,0,0,0,0,-1
High, UVP_assignments_GNI_2_MC, 'North Korea',0,29, IPV,1.43,0.44,2,2,1300,0,0,0,0,0,0,-1
High, UVP_assignments_GNI_2_MC, 'North Korea',0,30, MMR,0.41,0.25,2,2,1300,0,0,0,0,0,0,-1
High, UVP_assignments_GNI_2_MC, 'North Korea',0,31, MMR,1.8,0.35,2,2,1300,0,0,0,0,0,0,-1
High, UVP_assignments_GNI_2_MC, 'North Korea',0,32, MMR,1.89,0.55,2,2,1300,0,0,0,0,0,0,-1
High, UVP_assignments_GNI_2_MC, 'North Korea',0,33, MMR,0.63,0.37,2,2,1300,0,0,0,0,0,0,-1
High, UVP_assignments_GNI_2_MC, 'North Korea',0,34, OPV,0.05,0.25,2,2,1300,0,0,0,0,0,0,-1
High, UVP_assignments_GNI_2_MC, 'North Korea',0,35, OPV,0.03,0.25,2,2,1300,0,0,0,0,0,0,-1
High, UVP_assignments_GNI_2_MC, 'North Korea',0,36, OPV,0.04,0.28,2,2,1300,0,0,0,0,0,0,-1
High, UVP_assignments_GNI_2_MC, 'North Korea',0,37, OPV,0.05,0.28,2,2,1300,0,0,0,0,0,0,-1
High, UVP_assignments_GNI_2_MC, 'North Korea',0,38, OPV,0.04,0.28,2,2,1300,0,0,0,0,0,0,-1
High, UVP_assignments_GNI_2_MC, 'North Korea',0,39, OPV,0.08,0.52,2,2,1300,0,0,0,0,0,0,-1
High, UVP_assignments_GNI_2_MC, 'North Korea',0,40, OPV,0.15,0.67,2,2,1300,0,0,0,0,0,0,-1
High, UVP_assignments_GNI_2_MC, 'North Korea',0,41, OPV,0.04,0.25,2,2,1300,0,0,0,0,0,0,-1
High, UVP_assignments_GNI_2_MC, 'North Korea',0,42, OPV,0.05,0.28,2,2,1300,0,0,0,0,0,0,-1
High, UVP_assignments_GNI_2_MC, 'North Korea',0,43, PCV,0.9,0.27,2,2,1300,0,0,0,0,0,0,-1
High, UVP_assignments_GNI_2_MC, 'North Korea',0,44, PCV,1.15,0.33,2,2,1300,0,0,0,0,0,0,-1
High, UVP_assignments_GNI_2_MC, 'North Korea',0,45, PCV,1.15,0.33,2,2,1300,0,0,0,0,0,0,-1
High, UVP_assignments_GNI_2_MC, 'North Korea',0,46, PCV,1.3,0.33,2,2,1300,0,0,0,0,0,0,-1
High, UVP_assignments_GNI_2_MC, 'North Korea',0,47, PCV,1.28,0.34,2,2,1300,0,0,0,0,0,0,-1
High, UVP_assignments_GNI_2_MC, 'North Korea',0,48, PCV,0.9,0.27,2,2,1300,0,0,0,0,0,0,-1
High, UVP_assignments_GNI_2_MC, 'North Korea',0,49, Rota,0.25,0.25,2,2,1300,0,0,0,0,0,0,-1
High, UVP_assignments_GNI_2_MC, 'North Korea',0,50, Rota,0.6,0.55,2,2,1300,0,0,0,0,0,0,-1
High, UVP_assignments_GNI_2_MC, 'North Korea',0,51, Rota,1.03,0.38,2,2,1300,0,0,0,0,0,0,-1
High, UVP_assignments_GNI_2_MC, 'North Korea',0,52, Td,0.1,0.75,2,2,1300,0,0,0,0,0,0,-1
High, UVP_assignments_GNI_2_MC, 'North Korea',0,53, Td,0.1,0.75,2,2,1300,0,0,0,0,0,0,-1
High, UVP_assignments_GNI_2_MC, 'North Korea',0,54, Td,0,0,2,2,1300,0,0,0,0,0,0,-1
High, UVP_assignments_GNI_2_MC, 'North Korea',0,55, Td,0.06,0.36,2,2,1300,0,0,0,0,0,0,-1
High, UVP_assignments_GNI_2_MC, 'North Korea',0,56, Td,0.04,0.36,2,2,1300,0,0,0,0,0,0,-1
High, UVP_assignments_GNI_2_MC, 'North Korea',0,57, Td,0.05,0.39,2,2,1300,0,0,0,0,0,0,-1
High, UVP_assignments_GNI_2_MC, 'North Korea',0,58, Td,0.04,0.39,2,2,1300,0,0,0,0,0,0,-1
High, UVP_assignments_GNI_2_MC, 'North Korea',0,59, YF,0.48,0.32,2,2,1300,0,0,0,0,0,0,-1
High, UVP_assignments_GNI_2_MC, 'North Korea',0,60, YF,0.36,0.32,2,2,1300,0,0,0,0,0,0,-1
High, UVP_assignments_GNI_2_MC, 'North Korea',0,61, YF,1.31,0.79,2,2,1300,0,0,0,0,0,0,-1
High, UVP_assignments_GNI_2_MC, 'North Korea',0,62, YF,0.36,0.32,2,2,1300,0,0,0,0,0,0,-1
High, UVP_assignments_GNI_2_MC, Pakistan,0,1, BCG,0,0,2,2,1222,0,0,0,0,0,0,-1
High, UVP_assignments_GNI_2_MC, Pakistan,0,2, BCG,0.07,0.36,2,2,1222,0,0,0,0,0,0,-1
High, UVP_assignments_GNI_2_MC, Pakistan,0,3, BCG,0,0,2,2,1222,0,0,0,0,0,0,-1
High, UVP_assignments_GNI_2_MC, Pakistan,0,4, BCG,0.13,0.43,2,2,1222,0,0,0,0,0,0,-1
High, UVP_assignments_GNI_2_MC, Pakistan,0,5, DT,0.04,0.2,2,2,1222,0,0,0,0,0,0,-1
High, UVP_assignments_GNI_2_MC, Pakistan,0,6, DT,0.05,0.3,2,2,1222,0,0,0,0,0,0,-1
High, UVP_assignments_GNI_2_MC, Pakistan,0,7, DTP,0.05,0.28,2,2,1222,0,0,0,0,0,0,-1
High, UVP_assignments_GNI_2_MC, Pakistan,0,8, DTP,0.08,0.4,2,2,1222,0,0,0,0,0,0,-1
High, UVP_assignments_GNI_2_MC, Pakistan,0,9, DTP-HepB-Hib,0.23,0.28,2,2,1222,0,0,0,0,0,0,-1
High, UVP_assignments_GNI_2_MC, Pakistan,0,10, DTP-HepB-Hib,0.35,0.28,2,2,1222,0,0,0,0,0,0,-1
High, UVP_assignments_GNI_2_MC, Pakistan,0,11, DTP-HepB-Hib,0.32,0.28,2,2,1222,0,0,0,0,0,0,-1
High, UVP_assignments_GNI_2_MC, Pakistan,0,12, DTP-HepB-Hib,0.36,0.28,2,2,1222,0,0,0,0,0,0,-1
High, UVP_assignments_GNI_2_MC, Pakistan,0,13, DTP-HepB-Hib,0.34,0.28,2,2,1222,0,0,0,0,0,0,-1
High, UVP_assignments_GNI_2_MC, Pakistan,0,14, DTP-HepB-Hib,0.22,0.25,2,2,1222,0,0,0,0,0,0,-1
High, UVP_assignments_GNI_2_MC, Pakistan,0,15, DTP-HepB-Hib,0.22,0.28,2,2,1222,0,0,0,0,0,0,-1
High, UVP_assignments_GNI_2_MC, Pakistan,0,16, DTP-HepB-Hib,0.24,0.28,2,2,1222,0,0,0,0,0,0,-1
High, UVP_assignments_GNI_2_MC, Pakistan,0,17, HPV,3.87,0.77,2,2,1222,0,0,0,0,0,0,-1
High, UVP_assignments_GNI_2_MC, Pakistan,0,18, HPV,1,0.2,2,2,1222,0,0,0,0,0,0,-1
High, UVP_assignments_GNI_2_MC, Pakistan,0,19, HepB,0.15,0.28,2,2,1222,0,0,0,0,0,0,-1
High, UVP_assignments_GNI_2_MC, Pakistan,0,20, HepB,0.16,0.25,2,2,1222,0,0,0,0,0,0,-1
High, UVP_assignments_GNI_2_MC, Pakistan,0,21, HepB,0.07,0.28,2,2,1222,0,0,0,0,0,0,-1
High, UVP_assignments_GNI_2_MC, Pakistan,0,22, HepB,0.07,0.25,2,2,1222,0,0,0,0,0,0,-1
High, UVP_assignments_GNI_2_MC, Pakistan,0,23, Hib,0.65,0.28,2,2,1222,0,0,0,0,0,0,-1
High, UVP_assignments_GNI_2_MC, Pakistan,0,24, IPV,0,0,2,2,1222,0,0,0,0,0,0,-1
High, UVP_assignments_GNI_2_MC, Pakistan,0,25, IPV,0.74,0.28,2,2,1222,0,0,0,0,0,0,-1
High, UVP_assignments_GNI_2_MC, Pakistan,0,26, IPV,1.71,0.51,2,2,1222,0,0,0,0,0,0,-1
High, UVP_assignments_GNI_2_MC, Pakistan,0,27, IPV,0.77,0.41,2,2,1222,0,0,0,0,0,0,-1
High, UVP_assignments_GNI_2_MC, Pakistan,0,28, IPV,0,0,2,2,1222,0,0,0,0,0,0,-1
High, UVP_assignments_GNI_2_MC, Pakistan,0,29, IPV,1.23,0.41,2,2,1222,0,0,0,0,0,0,-1
High, UVP_assignments_GNI_2_MC, Pakistan,0,30, MMR,0.31,0.2,2,2,1222,0,0,0,0,0,0,-1
High, UVP_assignments_GNI_2_MC, Pakistan,0,31, MMR,1.49,0.31,2,2,1222,0,0,0,0,0,0,-1
High, UVP_assignments_GNI_2_MC, Pakistan,0,32, MMR,1.68,0.53,2,2,1222,0,0,0,0,0,0,-1
High, UVP_assignments_GNI_2_MC, Pakistan,0,33, MMR,0.52,0.33,2,2,1222,0,0,0,0,0,0,-1
High, UVP_assignments_GNI_2_MC, Pakistan,0,34, OPV,0.04,0.2,2,2,1222,0,0,0,0,0,0,-1
High, UVP_assignments_GNI_2_MC, Pakistan,0,35, OPV,0.02,0.2,2,2,1222,0,0,0,0,0,0,-1
High, UVP_assignments_GNI_2_MC, Pakistan,0,36, OPV,0.03,0.24,2,2,1222,0,0,0,0,0,0,-1
High, UVP_assignments_GNI_2_MC, Pakistan,0,37, OPV,0.04,0.23,2,2,1222,0,0,0,0,0,0,-1
High, UVP_assignments_GNI_2_MC, Pakistan,0,38, OPV,0.03,0.23,2,2,1222,0,0,0,0,0,0,-1
High, UVP_assignments_GNI_2_MC, Pakistan,0,39, OPV,0.07,0.49,2,2,1222,0,0,0,0,0,0,-1
High, UVP_assignments_GNI_2_MC, Pakistan,0,40, OPV,0.13,0.65,2,2,1222,0,0,0,0,0,0,-1
High, UVP_assignments_GNI_2_MC, Pakistan,0,41, OPV,0.03,0.2,2,2,1222,0,0,0,0,0,0,-1
High, UVP_assignments_GNI_2_MC, Pakistan,0,42, OPV,0.04,0.23,2,2,1222,0,0,0,0,0,0,-1
High, UVP_assignments_GNI_2_MC, Pakistan,0,43, PCV,0.7,0.22,2,2,1222,0,0,0,0,0,0,-1
High, UVP_assignments_GNI_2_MC, Pakistan,0,44, PCV,0.94,0.28,2,2,1222,0,0,0,0,0,0,-1
High, UVP_assignments_GNI_2_MC, Pakistan,0,45, PCV,0.94,0.28,2,2,1222,0,0,0,0,0,0,-1
High, UVP_assignments_GNI_2_MC, Pakistan,0,46, PCV,1.06,0.28,2,2,1222,0,0,0,0,0,0,-1
High, UVP_assignments_GNI_2_MC, Pakistan,0,47, PCV,1.05,0.29,2,2,1222,0,0,0,0,0,0,-1
High, UVP_assignments_GNI_2_MC, Pakistan,0,48, PCV,0.7,0.22,2,2,1222,0,0,0,0,0,0,-1
High, UVP_assignments_GNI_2_MC, Pakistan,0,49, Rota,0.19,0.21,2,2,1222,0,0,0,0,0,0,-1
High, UVP_assignments_GNI_2_MC, Pakistan,0,50, Rota,0.54,0.52,2,2,1222,0,0,0,0,0,0,-1
High, UVP_assignments_GNI_2_MC, Pakistan,0,51, Rota,0.86,0.34,2,2,1222,0,0,0,0,0,0,-1
High, UVP_assignments_GNI_2_MC, Pakistan,0,52, Td,0.09,0.73,2,2,1222,0,0,0,0,0,0,-1
High, UVP_assignments_GNI_2_MC, Pakistan,0,53, Td,0.09,0.73,2,2,1222,0,0,0,0,0,0,-1
High, UVP_assignments_GNI_2_MC, Pakistan,0,54, Td,0,0,2,2,1222,0,0,0,0,0,0,-1
High, UVP_assignments_GNI_2_MC, Pakistan,0,55, Td,0.05,0.32,2,2,1222,0,0,0,0,0,0,-1
High, UVP_assignments_GNI_2_MC, Pakistan,0,56, Td,0.03,0.32,2,2,1222,0,0,0,0,0,0,-1
High, UVP_assignments_GNI_2_MC, Pakistan,0,57, Td,0.04,0.35,2,2,1222,0,0,0,0,0,0,-1
High, UVP_assignments_GNI_2_MC, Pakistan,0,58, Td,0.03,0.35,2,2,1222,0,0,0,0,0,0,-1
High, UVP_assignments_GNI_2_MC, Pakistan,0,59, YF,0.39,0.28,2,2,1222,0,0,0,0,0,0,-1
High, UVP_assignments_GNI_2_MC, Pakistan,0,60, YF,0.29,0.28,2,2,1222,0,0,0,0,0,0,-1
High, UVP_assignments_GNI_2_MC, Pakistan,0,61, YF,1.21,0.77,2,2,1222,0,0,0,0,0,0,-1
High, UVP_assignments_GNI_2_MC, Pakistan,0,62, YF,0.29,0.28,2,2,1222,0,0,0,0,0,0,-1
High, UVP_assignments_GNI_2_MC, 'Papua New Guinea',0,1, BCG,0,0,1,2,3094,0,0,0,0,0,0,-1
High, UVP_assignments_GNI_2_MC, 'Papua New Guinea',0,2, BCG,0.19,0.36,1,2,3094,0,0,0,0,0,0,-1
High, UVP_assignments_GNI_2_MC, 'Papua New Guinea',0,3, BCG,0,0,1,2,3094,0,0,0,0,0,0,-1
High, UVP_assignments_GNI_2_MC, 'Papua New Guinea',0,4, BCG,0.15,0.19,1,2,3094,0,0,0,0,0,0,-1
High, UVP_assignments_GNI_2_MC, 'Papua New Guinea',0,5, DT,0,0,1,2,3094,0,0,0,0,0,0,-1
High, UVP_assignments_GNI_2_MC, 'Papua New Guinea',0,6, DT,0.19,0.4,1,2,3094,0,0,0,0,0,0,-1
High, UVP_assignments_GNI_2_MC, 'Papua New Guinea',0,7, DTP,0.19,0.4,1,2,3094,0,0,0,0,0,0,-1
High, UVP_assignments_GNI_2_MC, 'Papua New Guinea',0,8, DTP,0.21,0.4,1,2,3094,0,0,0,0,0,0,-1
High, UVP_assignments_GNI_2_MC, 'Papua New Guinea',0,9, DTP-HepB-Hib,0.85,0.4,1,2,3094,0,0,0,0,0,0,-1
High, UVP_assignments_GNI_2_MC, 'Papua New Guinea',0,10, DTP-HepB-Hib,1.25,0.4,1,2,3094,0,0,0,0,0,0,-1
High, UVP_assignments_GNI_2_MC, 'Papua New Guinea',0,11, DTP-HepB-Hib,1.14,0.4,1,2,3094,0,0,0,0,0,0,-1
High, UVP_assignments_GNI_2_MC, 'Papua New Guinea',0,12, DTP-HepB-Hib,1.3,0.4,1,2,3094,0,0,0,0,0,0,-1
High, UVP_assignments_GNI_2_MC, 'Papua New Guinea',0,13, DTP-HepB-Hib,1.25,0.4,1,2,3094,0,0,0,0,0,0,-1
High, UVP_assignments_GNI_2_MC, 'Papua New Guinea',0,14, DTP-HepB-Hib,0.88,0.4,1,2,3094,0,0,0,0,0,0,-1
High, UVP_assignments_GNI_2_MC, 'Papua New Guinea',0,15, DTP-HepB-Hib,0.82,0.4,1,2,3094,0,0,0,0,0,0,-1
High, UVP_assignments_GNI_2_MC, 'Papua New Guinea',0,16, DTP-HepB-Hib,0.87,0.4,1,2,3094,0,0,0,0,0,0,-1
High, UVP_assignments_GNI_2_MC, 'Papua New Guinea',0,17, HPV,5.01,0.4,1,2,3094,0,0,0,0,0,0,-1
High, UVP_assignments_GNI_2_MC, 'Papua New Guinea',0,18, HPV,1.71,0.14,1,2,3094,0,0,0,0,0,0,-1
High, UVP_assignments_GNI_2_MC, 'Papua New Guinea',0,19, HepB,0.53,0.4,1,2,3094,0,0,0,0,0,0,-1
High, UVP_assignments_GNI_2_MC, 'Papua New Guinea',0,20, HepB,0.65,0.4,1,2,3094,0,0,0,0,0,0,-1
High, UVP_assignments_GNI_2_MC, 'Papua New Guinea',0,21, HepB,0.26,0.4,1,2,3094,0,0,0,0,0,0,-1
High, UVP_assignments_GNI_2_MC, 'Papua New Guinea',0,22, HepB,0.27,0.4,1,2,3094,0,0,0,0,0,0,-1
High, UVP_assignments_GNI_2_MC, 'Papua New Guinea',0,23, Hib,2.34,0.4,1,2,3094,0,0,0,0,0,0,-1
High, UVP_assignments_GNI_2_MC, 'Papua New Guinea',0,24, IPV,0.79,0.14,1,2,3094,0,0,0,0,0,0,-1
High, UVP_assignments_GNI_2_MC, 'Papua New Guinea',0,25, IPV,2.67,0.4,1,2,3094,0,0,0,0,0,0,-1
High, UVP_assignments_GNI_2_MC, 'Papua New Guinea',0,26, IPV,1.36,0.16,1,2,3094,0,0,0,0,0,0,-1
High, UVP_assignments_GNI_2_MC, 'Papua New Guinea',0,27, IPV,0.88,0.18,1,2,3094,0,0,0,0,0,0,-1
High, UVP_assignments_GNI_2_MC, 'Papua New Guinea',0,28, IPV,0.88,0.14,1,2,3094,0,0,0,0,0,0,-1
High, UVP_assignments_GNI_2_MC, 'Papua New Guinea',0,29, IPV,1.4,0.18,1,2,3094,0,0,0,0,0,0,-1
High, UVP_assignments_GNI_2_MC, 'Papua New Guinea',0,30, MMR,0,0,1,2,3094,0,0,0,0,0,0,-1
High, UVP_assignments_GNI_2_MC, 'Papua New Guinea',0,31, MMR,4.86,0.4,1,2,3094,0,0,0,0,0,0,-1
High, UVP_assignments_GNI_2_MC, 'Papua New Guinea',0,32, MMR,1.23,0.15,1,2,3094,0,0,0,0,0,0,-1
High, UVP_assignments_GNI_2_MC, 'Papua New Guinea',0,33, MMR,0.92,0.23,1,2,3094,0,0,0,0,0,0,-1
High, UVP_assignments_GNI_2_MC, 'Papua New Guinea',0,34, OPV,0.07,0.14,1,2,3094,0,0,0,0,0,0,-1
High, UVP_assignments_GNI_2_MC, 'Papua New Guinea',0,35, OPV,0.03,0.14,1,2,3094,0,0,0,0,0,0,-1
High, UVP_assignments_GNI_2_MC, 'Papua New Guinea',0,36, OPV,0.14,0.4,1,2,3094,0,0,0,0,0,0,-1
High, UVP_assignments_GNI_2_MC, 'Papua New Guinea',0,37, OPV,0.15,0.4,1,2,3094,0,0,0,0,0,0,-1
High, UVP_assignments_GNI_2_MC, 'Papua New Guinea',0,38, OPV,0.13,0.4,1,2,3094,0,0,0,0,0,0,-1
High, UVP_assignments_GNI_2_MC, 'Papua New Guinea',0,39, OPV,0.06,0.16,1,2,3094,0,0,0,0,0,0,-1
High, UVP_assignments_GNI_2_MC, 'Papua New Guinea',0,40, OPV,0.07,0.14,1,2,3094,0,0,0,0,0,0,-1
High, UVP_assignments_GNI_2_MC, 'Papua New Guinea',0,41, OPV,0.05,0.14,1,2,3094,0,0,0,0,0,0,-1
High, UVP_assignments_GNI_2_MC, 'Papua New Guinea',0,42, OPV,0.19,0.4,1,2,3094,0,0,0,0,0,0,-1
High, UVP_assignments_GNI_2_MC, 'Papua New Guinea',0,43, PCV,1.1,0.14,1,2,3094,0,0,0,0,0,0,-1
High, UVP_assignments_GNI_2_MC, 'Papua New Guinea',0,44, PCV,3.32,0.4,1,2,3094,0,0,0,0,0,0,-1
High, UVP_assignments_GNI_2_MC, 'Papua New Guinea',0,45, PCV,3.32,0.4,1,2,3094,0,0,0,0,0,0,-1
High, UVP_assignments_GNI_2_MC, 'Papua New Guinea',0,46, PCV,3.75,0.4,1,2,3094,0,0,0,0,0,0,-1
High, UVP_assignments_GNI_2_MC, 'Papua New Guinea',0,47, PCV,3.24,0.36,1,2,3094,0,0,0,0,0,0,-1
High, UVP_assignments_GNI_2_MC, 'Papua New Guinea',0,48, PCV,1.1,0.14,1,2,3094,0,0,0,0,0,0,-1
High, UVP_assignments_GNI_2_MC, 'Papua New Guinea',0,49, Rota,0.32,0.14,1,2,3094,0,0,0,0,0,0,-1
High, UVP_assignments_GNI_2_MC, 'Papua New Guinea',0,50, Rota,0.41,0.16,1,2,3094,0,0,0,0,0,0,-1
High, UVP_assignments_GNI_2_MC, 'Papua New Guinea',0,51, Rota,2.56,0.4,1,2,3094,0,0,0,0,0,0,-1
High, UVP_assignments_GNI_2_MC, 'Papua New Guinea',0,52, Td,0.12,0.4,1,2,3094,0,0,0,0,0,0,-1
High, UVP_assignments_GNI_2_MC, 'Papua New Guinea',0,53, Td,0.12,0.4,1,2,3094,0,0,0,0,0,0,-1
High, UVP_assignments_GNI_2_MC, 'Papua New Guinea',0,54, Td,0,0,1,2,3094,0,0,0,0,0,0,-1
High, UVP_assignments_GNI_2_MC, 'Papua New Guinea',0,55, Td,0.15,0.4,1,2,3094,0,0,0,0,0,0,-1
High, UVP_assignments_GNI_2_MC, 'Papua New Guinea',0,56, Td,0.11,0.4,1,2,3094,0,0,0,0,0,0,-1
High, UVP_assignments_GNI_2_MC, 'Papua New Guinea',0,57, Td,0.11,0.4,1,2,3094,0,0,0,0,0,0,-1
High, UVP_assignments_GNI_2_MC, 'Papua New Guinea',0,58, Td,0.1,0.4,1,2,3094,0,0,0,0,0,0,-1
High, UVP_assignments_GNI_2_MC, 'Papua New Guinea',0,59, YF,1.39,0.4,1,2,3094,0,0,0,0,0,0,-1
High, UVP_assignments_GNI_2_MC, 'Papua New Guinea',0,60, YF,1.06,0.4,1,2,3094,0,0,0,0,0,0,-1
High, UVP_assignments_GNI_2_MC, 'Papua New Guinea',0,61, YF,1.57,0.4,1,2,3094,0,0,0,0,0,0,-1
High, UVP_assignments_GNI_2_MC, 'Papua New Guinea',0,62, YF,1.06,0.4,1,2,3094,0,0,0,0,0,0,-1
High, UVP_assignments_GNI_2_MC, Rwanda,0,1, BCG,0,0,2,2,833,0,0,0,0,0,0,-1
High, UVP_assignments_GNI_2_MC, Rwanda,0,2, BCG,0.01,0.05,2,2,833,0,0,0,0,0,0,-1
High, UVP_assignments_GNI_2_MC, Rwanda,0,3, BCG,0,0,2,2,833,0,0,0,0,0,0,-1
High, UVP_assignments_GNI_2_MC, Rwanda,0,4, BCG,0.03,0.16,2,2,833,0,0,0,0,0,0,-1
High, UVP_assignments_GNI_2_MC, Rwanda,0,5, DT,-0.02,-0.17,2,2,833,0,0,0,0,0,0,-1
High, UVP_assignments_GNI_2_MC, Rwanda,0,6, DT,0,-0.03,2,2,833,0,0,0,0,0,0,-1
High, UVP_assignments_GNI_2_MC, Rwanda,0,7, DTP,-0.01,-0.06,2,2,833,0,0,0,0,0,0,-1
High, UVP_assignments_GNI_2_MC, Rwanda,0,8, DTP,0.02,0.12,2,2,833,0,0,0,0,0,0,-1
High, UVP_assignments_GNI_2_MC, Rwanda,0,9, DTP-HepB-Hib,-0.04,-0.06,2,2,833,0,0,0,0,0,0,-1
High, UVP_assignments_GNI_2_MC, Rwanda,0,10, DTP-HepB-Hib,-0.05,-0.06,2,2,833,0,0,0,0,0,0,-1
High, UVP_assignments_GNI_2_MC, Rwanda,0,11, DTP-HepB-Hib,-0.05,-0.06,2,2,833,0,0,0,0,0,0,-1
High, UVP_assignments_GNI_2_MC, Rwanda,0,12, DTP-HepB-Hib,-0.06,-0.06,2,2,833,0,0,0,0,0,0,-1
High, UVP_assignments_GNI_2_MC, Rwanda,0,13, DTP-HepB-Hib,-0.05,-0.06,2,2,833,0,0,0,0,0,0,-1
High, UVP_assignments_GNI_2_MC, Rwanda,0,14, DTP-HepB-Hib,-0.06,-0.1,2,2,833,0,0,0,0,0,0,-1
High, UVP_assignments_GNI_2_MC, Rwanda,0,15, DTP-HepB-Hib,-0.04,-0.06,2,2,833,0,0,0,0,0,0,-1
High, UVP_assignments_GNI_2_MC, Rwanda,0,16, DTP-HepB-Hib,-0.04,-0.06,2,2,833,0,0,0,0,0,0,-1
High, UVP_assignments_GNI_2_MC, Rwanda,0,17, HPV,2.27,0.67,2,2,833,0,0,0,0,0,0,-1
High, UVP_assignments_GNI_2_MC, Rwanda,0,18, HPV,-0.56,-0.17,2,2,833,0,0,0,0,0,0,-1
High, UVP_assignments_GNI_2_MC, Rwanda,0,19, HepB,-0.02,-0.06,2,2,833,0,0,0,0,0,0,-1
High, UVP_assignments_GNI_2_MC, Rwanda,0,20, HepB,-0.05,-0.1,2,2,833,0,0,0,0,0,0,-1
High, UVP_assignments_GNI_2_MC, Rwanda,0,21, HepB,-0.01,-0.06,2,2,833,0,0,0,0,0,0,-1
High, UVP_assignments_GNI_2_MC, Rwanda,0,22, HepB,-0.02,-0.1,2,2,833,0,0,0,0,0,0,-1
High, UVP_assignments_GNI_2_MC, Rwanda,0,23, Hib,-0.09,-0.06,2,2,833,0,0,0,0,0,0,-1
High, UVP_assignments_GNI_2_MC, Rwanda,0,24, IPV,0,0,2,2,833,0,0,0,0,0,0,-1
High, UVP_assignments_GNI_2_MC, Rwanda,0,25, IPV,-0.11,-0.06,2,2,833,0,0,0,0,0,0,-1
High, UVP_assignments_GNI_2_MC, Rwanda,0,26, IPV,0.63,0.28,2,2,833,0,0,0,0,0,0,-1
High, UVP_assignments_GNI_2_MC, Rwanda,0,27, IPV,0.17,0.13,2,2,833,0,0,0,0,0,0,-1
High, UVP_assignments_GNI_2_MC, Rwanda,0,28, IPV,0,0,2,2,833,0,0,0,0,0,0,-1
High, UVP_assignments_GNI_2_MC, Rwanda,0,29, IPV,0.26,0.13,2,2,833,0,0,0,0,0,0,-1
High, UVP_assignments_GNI_2_MC, Rwanda,0,30, MMR,-0.18,-0.17,2,2,833,0,0,0,0,0,0,-1
High, UVP_assignments_GNI_2_MC, Rwanda,0,31, MMR,-0.06,-0.02,2,2,833,0,0,0,0,0,0,-1
High, UVP_assignments_GNI_2_MC, Rwanda,0,32, MMR,0.66,0.3,2,2,833,0,0,0,0,0,0,-1
High, UVP_assignments_GNI_2_MC, Rwanda,0,33, MMR,0.02,0.01,2,2,833,0,0,0,0,0,0,-1
High, UVP_assignments_GNI_2_MC, Rwanda,0,34, OPV,-0.02,-0.17,2,2,833,0,0,0,0,0,0,-1
High, UVP_assignments_GNI_2_MC, Rwanda,0,35, OPV,-0.01,-0.17,2,2,833,0,0,0,0,0,0,-1
High, UVP_assignments_GNI_2_MC, Rwanda,0,36, OPV,-0.01,-0.12,2,2,833,0,0,0,0,0,0,-1
High, UVP_assignments_GNI_2_MC, Rwanda,0,37, OPV,-0.01,-0.13,2,2,833,0,0,0,0,0,0,-1
High, UVP_assignments_GNI_2_MC, Rwanda,0,38, OPV,-0.01,-0.13,2,2,833,0,0,0,0,0,0,-1
High, UVP_assignments_GNI_2_MC, Rwanda,0,39, OPV,0.02,0.26,2,2,833,0,0,0,0,0,0,-1
High, UVP_assignments_GNI_2_MC, Rwanda,0,40, OPV,0.07,0.48,2,2,833,0,0,0,0,0,0,-1
High, UVP_assignments_GNI_2_MC, Rwanda,0,41, OPV,-0.02,-0.17,2,2,833,0,0,0,0,0,0,-1
High, UVP_assignments_GNI_2_MC, Rwanda,0,42, OPV,-0.02,-0.13,2,2,833,0,0,0,0,0,0,-1
High, UVP_assignments_GNI_2_MC, Rwanda,0,43, PCV,-0.3,-0.14,2,2,833,0,0,0,0,0,0,-1
High, UVP_assignments_GNI_2_MC, Rwanda,0,44, PCV,-0.12,-0.05,2,2,833,0,0,0,0,0,0,-1
High, UVP_assignments_GNI_2_MC, Rwanda,0,45, PCV,-0.12,-0.05,2,2,833,0,0,0,0,0,0,-1
High, UVP_assignments_GNI_2_MC, Rwanda,0,46, PCV,-0.13,-0.05,2,2,833,0,0,0,0,0,0,-1
High, UVP_assignments_GNI_2_MC, Rwanda,0,47, PCV,-0.09,-0.04,2,2,833,0,0,0,0,0,0,-1
High, UVP_assignments_GNI_2_MC, Rwanda,0,48, PCV,-0.3,-0.14,2,2,833,0,0,0,0,0,0,-1
High, UVP_assignments_GNI_2_MC, Rwanda,0,49, Rota,-0.1,-0.17,2,2,833,0,0,0,0,0,0,-1
High, UVP_assignments_GNI_2_MC, Rwanda,0,50, Rota,0.21,0.3,2,2,833,0,0,0,0,0,0,-1
High, UVP_assignments_GNI_2_MC, Rwanda,0,51, Rota,0.05,0.03,2,2,833,0,0,0,0,0,0,-1
High, UVP_assignments_GNI_2_MC, Rwanda,0,52, Td,0.05,0.61,2,2,833,0,0,0,0,0,0,-1
High, UVP_assignments_GNI_2_MC, Rwanda,0,53, Td,0.05,0.61,2,2,833,0,0,0,0,0,0,-1
High, UVP_assignments_GNI_2_MC, Rwanda,0,54, Td,0,0,2,2,833,0,0,0,0,0,0,-1
High, UVP_assignments_GNI_2_MC, Rwanda,0,55, Td,0,0,2,2,833,0,0,0,0,0,0,-1
High, UVP_assignments_GNI_2_MC, Rwanda,0,56, Td,0,0,2,2,833,0,0,0,0,0,0,-1
High, UVP_assignments_GNI_2_MC, Rwanda,0,57, Td,0,0.05,2,2,833,0,0,0,0,0,0,-1
High, UVP_assignments_GNI_2_MC, Rwanda,0,58, Td,0,0.05,2,2,833,0,0,0,0,0,0,-1
High, UVP_assignments_GNI_2_MC, Rwanda,0,59, YF,-0.06,-0.06,2,2,833,0,0,0,0,0,0,-1
High, UVP_assignments_GNI_2_MC, Rwanda,0,60, YF,-0.04,-0.06,2,2,833,0,0,0,0,0,0,-1
High, UVP_assignments_GNI_2_MC, Rwanda,0,61, YF,0.71,0.67,2,2,833,0,0,0,0,0,0,-1
High, UVP_assignments_GNI_2_MC, Rwanda,0,62, YF,-0.04,-0.06,2,2,833,0,0,0,0,0,0,-1
High, UVP_assignments_GNI_2_MC, Senegal,0,1, BCG,0,0,2,2,1699,0,0,0,0,0,0,-1
High, UVP_assignments_GNI_2_MC, Senegal,0,2, BCG,0.15,0.54,2,2,1699,0,0,0,0,0,0,-1
High, UVP_assignments_GNI_2_MC, Senegal,0,3, BCG,0,0,2,2,1699,0,0,0,0,0,0,-1
High, UVP_assignments_GNI_2_MC, Senegal,0,4, BCG,0.25,0.59,2,2,1699,0,0,0,0,0,0,-1
High, UVP_assignments_GNI_2_MC, Senegal,0,5, DT,0.11,0.43,2,2,1699,0,0,0,0,0,0,-1
High, UVP_assignments_GNI_2_MC, Senegal,0,6, DT,0.13,0.49,2,2,1699,0,0,0,0,0,0,-1
High, UVP_assignments_GNI_2_MC, Senegal,0,7, DTP,0.12,0.48,2,2,1699,0,0,0,0,0,0,-1
High, UVP_assignments_GNI_2_MC, Senegal,0,8, DTP,0.16,0.57,2,2,1699,0,0,0,0,0,0,-1
High, UVP_assignments_GNI_2_MC, Senegal,0,9, DTP-HepB-Hib,0.56,0.48,2,2,1699,0,0,0,0,0,0,-1
High, UVP_assignments_GNI_2_MC, Senegal,0,10, DTP-HepB-Hib,0.84,0.48,2,2,1699,0,0,0,0,0,0,-1
High, UVP_assignments_GNI_2_MC, Senegal,0,11, DTP-HepB-Hib,0.76,0.48,2,2,1699,0,0,0,0,0,0,-1
High, UVP_assignments_GNI_2_MC, Senegal,0,12, DTP-HepB-Hib,0.86,0.48,2,2,1699,0,0,0,0,0,0,-1
High, UVP_assignments_GNI_2_MC, Senegal,0,13, DTP-HepB-Hib,0.83,0.48,2,2,1699,0,0,0,0,0,0,-1
High, UVP_assignments_GNI_2_MC, Senegal,0,14, DTP-HepB-Hib,0.56,0.46,2,2,1699,0,0,0,0,0,0,-1
High, UVP_assignments_GNI_2_MC, Senegal,0,15, DTP-HepB-Hib,0.54,0.48,2,2,1699,0,0,0,0,0,0,-1
High, UVP_assignments_GNI_2_MC, Senegal,0,16, DTP-HepB-Hib,0.58,0.48,2,2,1699,0,0,0,0,0,0,-1
High, UVP_assignments_GNI_2_MC, Senegal,0,17, HPV,5.82,0.84,2,2,1699,0,0,0,0,0,0,-1
High, UVP_assignments_GNI_2_MC, Senegal,0,18, HPV,2.91,0.43,2,2,1699,0,0,0,0,0,0,-1
High, UVP_assignments_GNI_2_MC, Senegal,0,19, HepB,0.35,0.48,2,2,1699,0,0,0,0,0,0,-1
High, UVP_assignments_GNI_2_MC, Senegal,0,20, HepB,0.42,0.46,2,2,1699,0,0,0,0,0,0,-1
High, UVP_assignments_GNI_2_MC, Senegal,0,21, HepB,0.17,0.48,2,2,1699,0,0,0,0,0,0,-1
High, UVP_assignments_GNI_2_MC, Senegal,0,22, HepB,0.17,0.46,2,2,1699,0,0,0,0,0,0,-1
High, UVP_assignments_GNI_2_MC, Senegal,0,23, Hib,1.56,0.48,2,2,1699,0,0,0,0,0,0,-1
High, UVP_assignments_GNI_2_MC, Senegal,0,24, IPV,0,0,2,2,1699,0,0,0,0,0,0,-1
High, UVP_assignments_GNI_2_MC, Senegal,0,25, IPV,1.78,0.48,2,2,1699,0,0,0,0,0,0,-1
High, UVP_assignments_GNI_2_MC, Senegal,0,26, IPV,3.02,0.65,2,2,1699,0,0,0,0,0,0,-1
High, UVP_assignments_GNI_2_MC, Senegal,0,27, IPV,1.51,0.57,2,2,1699,0,0,0,0,0,0,-1
High, UVP_assignments_GNI_2_MC, Senegal,0,28, IPV,0,0,2,2,1699,0,0,0,0,0,0,-1
High, UVP_assignments_GNI_2_MC, Senegal,0,29, IPV,2.42,0.57,2,2,1699,0,0,0,0,0,0,-1
High, UVP_assignments_GNI_2_MC, Senegal,0,30, MMR,0.91,0.43,2,2,1699,0,0,0,0,0,0,-1
High, UVP_assignments_GNI_2_MC, Senegal,0,31, MMR,3.39,0.5,2,2,1699,0,0,0,0,0,0,-1
High, UVP_assignments_GNI_2_MC, Senegal,0,32, MMR,2.94,0.66,2,2,1699,0,0,0,0,0,0,-1
High, UVP_assignments_GNI_2_MC, Senegal,0,33, MMR,1.15,0.52,2,2,1699,0,0,0,0,0,0,-1
High, UVP_assignments_GNI_2_MC, Senegal,0,34, OPV,0.12,0.43,2,2,1699,0,0,0,0,0,0,-1
High, UVP_assignments_GNI_2_MC, Senegal,0,35, OPV,0.06,0.43,2,2,1699,0,0,0,0,0,0,-1
High, UVP_assignments_GNI_2_MC, Senegal,0,36, OPV,0.09,0.45,2,2,1699,0,0,0,0,0,0,-1
High, UVP_assignments_GNI_2_MC, Senegal,0,37, OPV,0.09,0.45,2,2,1699,0,0,0,0,0,0,-1
High, UVP_assignments_GNI_2_MC, Senegal,0,38, OPV,0.08,0.45,2,2,1699,0,0,0,0,0,0,-1
High, UVP_assignments_GNI_2_MC, Senegal,0,39, OPV,0.12,0.64,2,2,1699,0,0,0,0,0,0,-1
High, UVP_assignments_GNI_2_MC, Senegal,0,40, OPV,0.21,0.75,2,2,1699,0,0,0,0,0,0,-1
High, UVP_assignments_GNI_2_MC, Senegal,0,41, OPV,0.09,0.43,2,2,1699,0,0,0,0,0,0,-1
High, UVP_assignments_GNI_2_MC, Senegal,0,42, OPV,0.11,0.45,2,2,1699,0,0,0,0,0,0,-1
High, UVP_assignments_GNI_2_MC, Senegal,0,43, PCV,1.93,0.44,2,2,1699,0,0,0,0,0,0,-1
High, UVP_assignments_GNI_2_MC, Senegal,0,44, PCV,2.23,0.48,2,2,1699,0,0,0,0,0,0,-1
High, UVP_assignments_GNI_2_MC, Senegal,0,45, PCV,2.23,0.48,2,2,1699,0,0,0,0,0,0,-1
High, UVP_assignments_GNI_2_MC, Senegal,0,46, PCV,2.52,0.48,2,2,1699,0,0,0,0,0,0,-1
High, UVP_assignments_GNI_2_MC, Senegal,0,47, PCV,2.45,0.49,2,2,1699,0,0,0,0,0,0,-1
High, UVP_assignments_GNI_2_MC, Senegal,0,48, PCV,1.93,0.44,2,2,1699,0,0,0,0,0,0,-1
High, UVP_assignments_GNI_2_MC, Senegal,0,49, Rota,0.55,0.43,2,2,1699,0,0,0,0,0,0,-1
High, UVP_assignments_GNI_2_MC, Senegal,0,50, Rota,0.94,0.66,2,2,1699,0,0,0,0,0,0,-1
High, UVP_assignments_GNI_2_MC, Senegal,0,51, Rota,1.86,0.52,2,2,1699,0,0,0,0,0,0,-1
High, UVP_assignments_GNI_2_MC, Senegal,0,52, Td,0.13,0.81,2,2,1699,0,0,0,0,0,0,-1
High, UVP_assignments_GNI_2_MC, Senegal,0,53, Td,0.13,0.81,2,2,1699,0,0,0,0,0,0,-1
High, UVP_assignments_GNI_2_MC, Senegal,0,54, Td,0,0,2,2,1699,0,0,0,0,0,0,-1
High, UVP_assignments_GNI_2_MC, Senegal,0,55, Td,0.11,0.51,2,2,1699,0,0,0,0,0,0,-1
High, UVP_assignments_GNI_2_MC, Senegal,0,56, Td,0.08,0.51,2,2,1699,0,0,0,0,0,0,-1
High, UVP_assignments_GNI_2_MC, Senegal,0,57, Td,0.08,0.53,2,2,1699,0,0,0,0,0,0,-1
High, UVP_assignments_GNI_2_MC, Senegal,0,58, Td,0.07,0.53,2,2,1699,0,0,0,0,0,0,-1
High, UVP_assignments_GNI_2_MC, Senegal,0,59, YF,0.93,0.48,2,2,1699,0,0,0,0,0,0,-1
High, UVP_assignments_GNI_2_MC, Senegal,0,60, YF,0.7,0.48,2,2,1699,0,0,0,0,0,0,-1
High, UVP_assignments_GNI_2_MC, Senegal,0,61, YF,1.82,0.84,2,2,1699,0,0,0,0,0,0,-1
High, UVP_assignments_GNI_2_MC, Senegal,0,62, YF,0.7,0.48,2,2,1699,0,0,0,0,0,0,-1
High, UVP_assignments_GNI_2_MC, 'Sierra Leone',0,1, BCG,0,0,2,2,552,0,0,0,0,0,0,-1
High, UVP_assignments_GNI_2_MC, 'Sierra Leone',0,2, BCG,-0.04,-0.43,2,2,552,0,0,0,0,0,0,-1
High, UVP_assignments_GNI_2_MC, 'Sierra Leone',0,3, BCG,0,0,2,2,552,0,0,0,0,0,0,-1
High, UVP_assignments_GNI_2_MC, 'Sierra Leone',0,4, BCG,-0.04,-0.26,2,2,552,0,0,0,0,0,0,-1
High, UVP_assignments_GNI_2_MC, 'Sierra Leone',0,5, DT,-0.06,-0.77,2,2,552,0,0,0,0,0,0,-1
High, UVP_assignments_GNI_2_MC, 'Sierra Leone',0,6, DT,-0.05,-0.56,2,2,552,0,0,0,0,0,0,-1
High, UVP_assignments_GNI_2_MC, 'Sierra Leone',0,7, DTP,-0.05,-0.61,2,2,552,0,0,0,0,0,0,-1
High, UVP_assignments_GNI_2_MC, 'Sierra Leone',0,8, DTP,-0.03,-0.32,2,2,552,0,0,0,0,0,0,-1
High, UVP_assignments_GNI_2_MC, 'Sierra Leone',0,9, DTP-HepB-Hib,-0.23,-0.61,2,2,552,0,0,0,0,0,0,-1
High, UVP_assignments_GNI_2_MC, 'Sierra Leone',0,10, DTP-HepB-Hib,-0.34,-0.6,2,2,552,0,0,0,0,0,0,-1
High, UVP_assignments_GNI_2_MC, 'Sierra Leone',0,11, DTP-HepB-Hib,-0.31,-0.6,2,2,552,0,0,0,0,0,0,-1
High, UVP_assignments_GNI_2_MC, 'Sierra Leone',0,12, DTP-HepB-Hib,-0.35,-0.61,2,2,552,0,0,0,0,0,0,-1
High, UVP_assignments_GNI_2_MC, 'Sierra Leone',0,13, DTP-HepB-Hib,-0.34,-0.61,2,2,552,0,0,0,0,0,0,-1
High, UVP_assignments_GNI_2_MC, 'Sierra Leone',0,14, DTP-HepB-Hib,-0.26,-0.66,2,2,552,0,0,0,0,0,0,-1
High, UVP_assignments_GNI_2_MC, 'Sierra Leone',0,15, DTP-HepB-Hib,-0.22,-0.61,2,2,552,0,0,0,0,0,0,-1
High, UVP_assignments_GNI_2_MC, 'Sierra Leone',0,16, DTP-HepB-Hib,-0.24,-0.61,2,2,552,0,0,0,0,0,0,-1
High, UVP_assignments_GNI_2_MC, 'Sierra Leone',0,17, HPV,1.13,0.5,2,2,552,0,0,0,0,0,0,-1
High, UVP_assignments_GNI_2_MC, 'Sierra Leone',0,18, HPV,-1.68,-0.76,2,2,552,0,0,0,0,0,0,-1
High, UVP_assignments_GNI_2_MC, 'Sierra Leone',0,19, HepB,-0.15,-0.61,2,2,552,0,0,0,0,0,0,-1
High, UVP_assignments_GNI_2_MC, 'Sierra Leone',0,20, HepB,-0.2,-0.66,2,2,552,0,0,0,0,0,0,-1
High, UVP_assignments_GNI_2_MC, 'Sierra Leone',0,21, HepB,-0.07,-0.61,2,2,552,0,0,0,0,0,0,-1
High, UVP_assignments_GNI_2_MC, 'Sierra Leone',0,22, HepB,-0.08,-0.66,2,2,552,0,0,0,0,0,0,-1
High, UVP_assignments_GNI_2_MC, 'Sierra Leone',0,23, Hib,-0.63,-0.6,2,2,552,0,0,0,0,0,0,-1
High, UVP_assignments_GNI_2_MC, 'Sierra Leone',0,24, IPV,0,0,2,2,552,0,0,0,0,0,0,-1
High, UVP_assignments_GNI_2_MC, 'Sierra Leone',0,25, IPV,-0.72,-0.6,2,2,552,0,0,0,0,0,0,-1
High, UVP_assignments_GNI_2_MC, 'Sierra Leone',0,26, IPV,-0.14,-0.09,2,2,552,0,0,0,0,0,0,-1
High, UVP_assignments_GNI_2_MC, 'Sierra Leone',0,27, IPV,-0.27,-0.32,2,2,552,0,0,0,0,0,0,-1
High, UVP_assignments_GNI_2_MC, 'Sierra Leone',0,28, IPV,0,0,2,2,552,0,0,0,0,0,0,-1
High, UVP_assignments_GNI_2_MC, 'Sierra Leone',0,29, IPV,-0.43,-0.32,2,2,552,0,0,0,0,0,0,-1
High, UVP_assignments_GNI_2_MC, 'Sierra Leone',0,30, MMR,-0.53,-0.77,2,2,552,0,0,0,0,0,0,-1
High, UVP_assignments_GNI_2_MC, 'Sierra Leone',0,31, MMR,-1.17,-0.54,2,2,552,0,0,0,0,0,0,-1
High, UVP_assignments_GNI_2_MC, 'Sierra Leone',0,32, MMR,-0.07,-0.05,2,2,552,0,0,0,0,0,0,-1
High, UVP_assignments_GNI_2_MC, 'Sierra Leone',0,33, MMR,-0.35,-0.49,2,2,552,0,0,0,0,0,0,-1
High, UVP_assignments_GNI_2_MC, 'Sierra Leone',0,34, OPV,-0.07,-0.76,2,2,552,0,0,0,0,0,0,-1
High, UVP_assignments_GNI_2_MC, 'Sierra Leone',0,35, OPV,-0.03,-0.76,2,2,552,0,0,0,0,0,0,-1
High, UVP_assignments_GNI_2_MC, 'Sierra Leone',0,36, OPV,-0.04,-0.69,2,2,552,0,0,0,0,0,0,-1
High, UVP_assignments_GNI_2_MC, 'Sierra Leone',0,37, OPV,-0.05,-0.7,2,2,552,0,0,0,0,0,0,-1
High, UVP_assignments_GNI_2_MC, 'Sierra Leone',0,38, OPV,-0.04,-0.7,2,2,552,0,0,0,0,0,0,-1
High, UVP_assignments_GNI_2_MC, 'Sierra Leone',0,39, OPV,-0.01,-0.12,2,2,552,0,0,0,0,0,0,-1
High, UVP_assignments_GNI_2_MC, 'Sierra Leone',0,40, OPV,0.02,0.21,2,2,552,0,0,0,0,0,0,-1
High, UVP_assignments_GNI_2_MC, 'Sierra Leone',0,41, OPV,-0.05,-0.76,2,2,552,0,0,0,0,0,0,-1
High, UVP_assignments_GNI_2_MC, 'Sierra Leone',0,42, OPV,-0.06,-0.7,2,2,552,0,0,0,0,0,0,-1
High, UVP_assignments_GNI_2_MC, 'Sierra Leone',0,43, PCV,-1.03,-0.72,2,2,552,0,0,0,0,0,0,-1
High, UVP_assignments_GNI_2_MC, 'Sierra Leone',0,44, PCV,-0.88,-0.59,2,2,552,0,0,0,0,0,0,-1
High, UVP_assignments_GNI_2_MC, 'Sierra Leone',0,45, PCV,-0.88,-0.59,2,2,552,0,0,0,0,0,0,-1
High, UVP_assignments_GNI_2_MC, 'Sierra Leone',0,46, PCV,-0.99,-0.59,2,2,552,0,0,0,0,0,0,-1
High, UVP_assignments_GNI_2_MC, 'Sierra Leone',0,47, PCV,-0.91,-0.56,2,2,552,0,0,0,0,0,0,-1
High, UVP_assignments_GNI_2_MC, 'Sierra Leone',0,48, PCV,-1.03,-0.72,2,2,552,0,0,0,0,0,0,-1
High, UVP_assignments_GNI_2_MC, 'Sierra Leone',0,49, Rota,-0.32,-0.76,2,2,552,0,0,0,0,0,0,-1
High, UVP_assignments_GNI_2_MC, 'Sierra Leone',0,50, Rota,-0.03,-0.06,2,2,552,0,0,0,0,0,0,-1
High, UVP_assignments_GNI_2_MC, 'Sierra Leone',0,51, Rota,-0.54,-0.46,2,2,552,0,0,0,0,0,0,-1
High, UVP_assignments_GNI_2_MC, 'Sierra Leone',0,52, Td,0.02,0.41,2,2,552,0,0,0,0,0,0,-1
High, UVP_assignments_GNI_2_MC, 'Sierra Leone',0,53, Td,0.02,0.41,2,2,552,0,0,0,0,0,0,-1
High, UVP_assignments_GNI_2_MC, 'Sierra Leone',0,54, Td,0,0,2,2,552,0,0,0,0,0,0,-1
High, UVP_assignments_GNI_2_MC, 'Sierra Leone',0,55, Td,-0.03,-0.51,2,2,552,0,0,0,0,0,0,-1
High, UVP_assignments_GNI_2_MC, 'Sierra Leone',0,56, Td,-0.02,-0.51,2,2,552,0,0,0,0,0,0,-1
High, UVP_assignments_GNI_2_MC, 'Sierra Leone',0,57, Td,-0.02,-0.43,2,2,552,0,0,0,0,0,0,-1
High, UVP_assignments_GNI_2_MC, 'Sierra Leone',0,58, Td,-0.02,-0.43,2,2,552,0,0,0,0,0,0,-1
High, UVP_assignments_GNI_2_MC, 'Sierra Leone',0,59, YF,-0.38,-0.6,2,2,552,0,0,0,0,0,0,-1
High, UVP_assignments_GNI_2_MC, 'Sierra Leone',0,60, YF,-0.28,-0.6,2,2,552,0,0,0,0,0,0,-1
High, UVP_assignments_GNI_2_MC, 'Sierra Leone',0,61, YF,0.35,0.5,2,2,552,0,0,0,0,0,0,-1
High, UVP_assignments_GNI_2_MC, 'Sierra Leone',0,62, YF,-0.28,-0.6,2,2,552,0,0,0,0,0,0,-1
High, UVP_assignments_GNI_2_MC, 'Solomon Isl.',0,1, BCG,0,0,1,2,2515,0,0,0,0,0,0,-1
High, UVP_assignments_GNI_2_MC, 'Solomon Isl.',0,2, BCG,0.09,0.21,1,2,2515,0,0,0,0,0,0,-1
High, UVP_assignments_GNI_2_MC, 'Solomon Isl.',0,3, BCG,0,0,1,2,2515,0,0,0,0,0,0,-1
High, UVP_assignments_GNI_2_MC, 'Solomon Isl.',0,4, BCG,0,0,1,2,2515,0,0,0,0,0,0,-1
High, UVP_assignments_GNI_2_MC, 'Solomon Isl.',0,5, DT,0,0,1,2,2515,0,0,0,0,0,0,-1
High, UVP_assignments_GNI_2_MC, 'Solomon Isl.',0,6, DT,0.1,0.26,1,2,2515,0,0,0,0,0,0,-1
High, UVP_assignments_GNI_2_MC, 'Solomon Isl.',0,7, DTP,0.1,0.26,1,2,2515,0,0,0,0,0,0,-1
High, UVP_assignments_GNI_2_MC, 'Solomon Isl.',0,8, DTP,0.11,0.26,1,2,2515,0,0,0,0,0,0,-1
High, UVP_assignments_GNI_2_MC, 'Solomon Isl.',0,9, DTP-HepB-Hib,0.45,0.26,1,2,2515,0,0,0,0,0,0,-1
High, UVP_assignments_GNI_2_MC, 'Solomon Isl.',0,10, DTP-HepB-Hib,0.66,0.26,1,2,2515,0,0,0,0,0,0,-1
High, UVP_assignments_GNI_2_MC, 'Solomon Isl.',0,11, DTP-HepB-Hib,0.6,0.26,1,2,2515,0,0,0,0,0,0,-1
High, UVP_assignments_GNI_2_MC, 'Solomon Isl.',0,12, DTP-HepB-Hib,0.68,0.26,1,2,2515,0,0,0,0,0,0,-1
High, UVP_assignments_GNI_2_MC, 'Solomon Isl.',0,13, DTP-HepB-Hib,0.66,0.26,1,2,2515,0,0,0,0,0,0,-1
High, UVP_assignments_GNI_2_MC, 'Solomon Isl.',0,14, DTP-HepB-Hib,0.46,0.26,1,2,2515,0,0,0,0,0,0,-1
High, UVP_assignments_GNI_2_MC, 'Solomon Isl.',0,15, DTP-HepB-Hib,0.43,0.26,1,2,2515,0,0,0,0,0,0,-1
High, UVP_assignments_GNI_2_MC, 'Solomon Isl.',0,16, DTP-HepB-Hib,0.46,0.26,1,2,2515,0,0,0,0,0,0,-1
High, UVP_assignments_GNI_2_MC, 'Solomon Isl.',0,17, HPV,2.64,0.26,1,2,2515,0,0,0,0,0,0,-1
High, UVP_assignments_GNI_2_MC, 'Solomon Isl.',0,18, HPV,-0.61,-0.06,1,2,2515,0,0,0,0,0,0,-1
High, UVP_assignments_GNI_2_MC, 'Solomon Isl.',0,19, HepB,0.28,0.26,1,2,2515,0,0,0,0,0,0,-1
High, UVP_assignments_GNI_2_MC, 'Solomon Isl.',0,20, HepB,0.34,0.26,1,2,2515,0,0,0,0,0,0,-1
High, UVP_assignments_GNI_2_MC, 'Solomon Isl.',0,21, HepB,0.14,0.26,1,2,2515,0,0,0,0,0,0,-1
High, UVP_assignments_GNI_2_MC, 'Solomon Isl.',0,22, HepB,0.14,0.26,1,2,2515,0,0,0,0,0,0,-1
High, UVP_assignments_GNI_2_MC, 'Solomon Isl.',0,23, Hib,1.23,0.26,1,2,2515,0,0,0,0,0,0,-1
High, UVP_assignments_GNI_2_MC, 'Solomon Isl.',0,24, IPV,-0.28,-0.06,1,2,2515,0,0,0,0,0,0,-1
High, UVP_assignments_GNI_2_MC, 'Solomon Isl.',0,25, IPV,1.41,0.26,1,2,2515,0,0,0,0,0,0,-1
High, UVP_assignments_GNI_2_MC, 'Solomon Isl.',0,26, IPV,-0.23,-0.03,1,2,2515,0,0,0,0,0,0,-1
High, UVP_assignments_GNI_2_MC, 'Solomon Isl.',0,27, IPV,-0.02,-0.01,1,2,2515,0,0,0,0,0,0,-1
High, UVP_assignments_GNI_2_MC, 'Solomon Isl.',0,28, IPV,-0.31,-0.06,1,2,2515,0,0,0,0,0,0,-1
High, UVP_assignments_GNI_2_MC, 'Solomon Isl.',0,29, IPV,-0.04,-0.01,1,2,2515,0,0,0,0,0,0,-1
High, UVP_assignments_GNI_2_MC, 'Solomon Isl.',0,30, MMR,0,0,1,2,2515,0,0,0,0,0,0,-1
High, UVP_assignments_GNI_2_MC, 'Solomon Isl.',0,31, MMR,2.57,0.26,1,2,2515,0,0,0,0,0,0,-1
High, UVP_assignments_GNI_2_MC, 'Solomon Isl.',0,32, MMR,-0.29,-0.04,1,2,2515,0,0,0,0,0,0,-1
High, UVP_assignments_GNI_2_MC, 'Solomon Isl.',0,33, MMR,0.17,0.05,1,2,2515,0,0,0,0,0,0,-1
High, UVP_assignments_GNI_2_MC, 'Solomon Isl.',0,34, OPV,-0.02,-0.06,1,2,2515,0,0,0,0,0,0,-1
High, UVP_assignments_GNI_2_MC, 'Solomon Isl.',0,35, OPV,-0.01,-0.06,1,2,2515,0,0,0,0,0,0,-1
High, UVP_assignments_GNI_2_MC, 'Solomon Isl.',0,36, OPV,0.07,0.26,1,2,2515,0,0,0,0,0,0,-1
High, UVP_assignments_GNI_2_MC, 'Solomon Isl.',0,37, OPV,0.08,0.26,1,2,2515,0,0,0,0,0,0,-1
High, UVP_assignments_GNI_2_MC, 'Solomon Isl.',0,38, OPV,0.07,0.26,1,2,2515,0,0,0,0,0,0,-1
High, UVP_assignments_GNI_2_MC, 'Solomon Isl.',0,39, OPV,-0.01,-0.04,1,2,2515,0,0,0,0,0,0,-1
High, UVP_assignments_GNI_2_MC, 'Solomon Isl.',0,40, OPV,-0.02,-0.06,1,2,2515,0,0,0,0,0,0,-1
High, UVP_assignments_GNI_2_MC, 'Solomon Isl.',0,41, OPV,-0.02,-0.06,1,2,2515,0,0,0,0,0,0,-1
High, UVP_assignments_GNI_2_MC, 'Solomon Isl.',0,42, OPV,0.1,0.26,1,2,2515,0,0,0,0,0,0,-1
High, UVP_assignments_GNI_2_MC, 'Solomon Isl.',0,43, PCV,-0.39,-0.06,1,2,2515,0,0,0,0,0,0,-1
High, UVP_assignments_GNI_2_MC, 'Solomon Isl.',0,44, PCV,1.75,0.26,1,2,2515,0,0,0,0,0,0,-1
High, UVP_assignments_GNI_2_MC, 'Solomon Isl.',0,45, PCV,1.75,0.26,1,2,2515,0,0,0,0,0,0,-1
High, UVP_assignments_GNI_2_MC, 'Solomon Isl.',0,46, PCV,1.98,0.26,1,2,2515,0,0,0,0,0,0,-1
High, UVP_assignments_GNI_2_MC, 'Solomon Isl.',0,47, PCV,1.54,0.21,1,2,2515,0,0,0,0,0,0,-1
High, UVP_assignments_GNI_2_MC, 'Solomon Isl.',0,48, PCV,-0.39,-0.06,1,2,2515,0,0,0,0,0,0,-1
High, UVP_assignments_GNI_2_MC, 'Solomon Isl.',0,49, Rota,-0.11,-0.06,1,2,2515,0,0,0,0,0,0,-1
High, UVP_assignments_GNI_2_MC, 'Solomon Isl.',0,50, Rota,-0.08,-0.04,1,2,2515,0,0,0,0,0,0,-1
High, UVP_assignments_GNI_2_MC, 'Solomon Isl.',0,51, Rota,1.35,0.26,1,2,2515,0,0,0,0,0,0,-1
High, UVP_assignments_GNI_2_MC, 'Solomon Isl.',0,52, Td,0.06,0.26,1,2,2515,0,0,0,0,0,0,-1
High, UVP_assignments_GNI_2_MC, 'Solomon Isl.',0,53, Td,0.06,0.26,1,2,2515,0,0,0,0,0,0,-1
High, UVP_assignments_GNI_2_MC, 'Solomon Isl.',0,54, Td,0,0,1,2,2515,0,0,0,0,0,0,-1
High, UVP_assignments_GNI_2_MC, 'Solomon Isl.',0,55, Td,0.08,0.26,1,2,2515,0,0,0,0,0,0,-1
High, UVP_assignments_GNI_2_MC, 'Solomon Isl.',0,56, Td,0.06,0.26,1,2,2515,0,0,0,0,0,0,-1
High, UVP_assignments_GNI_2_MC, 'Solomon Isl.',0,57, Td,0.06,0.26,1,2,2515,0,0,0,0,0,0,-1
High, UVP_assignments_GNI_2_MC, 'Solomon Isl.',0,58, Td,0.05,0.26,1,2,2515,0,0,0,0,0,0,-1
High, UVP_assignments_GNI_2_MC, 'Solomon Isl.',0,59, YF,0.73,0.26,1,2,2515,0,0,0,0,0,0,-1
High, UVP_assignments_GNI_2_MC, 'Solomon Isl.',0,60, YF,0.56,0.26,1,2,2515,0,0,0,0,0,0,-1
High, UVP_assignments_GNI_2_MC, 'Solomon Isl.',0,61, YF,0.83,0.26,1,2,2515,0,0,0,0,0,0,-1
High, UVP_assignments_GNI_2_MC, 'Solomon Isl.',0,62, YF,0.56,0.26,1,2,2515,0,0,0,0,0,0,-1
High, UVP_assignments_GNI_2_MC, Somalia,0,1, BCG,0,0,2,2,370,0,0,0,0,0,0,-1
High, UVP_assignments_GNI_2_MC, Somalia,0,2, BCG,-0.07,-1.13,2,2,370,0,0,0,0,0,0,-1
High, UVP_assignments_GNI_2_MC, Somalia,0,3, BCG,0,0,2,2,370,0,0,0,0,0,0,-1
High, UVP_assignments_GNI_2_MC, Somalia,0,4, BCG,-0.08,-0.88,2,2,370,0,0,0,0,0,0,-1
High, UVP_assignments_GNI_2_MC, Somalia,0,5, DT,-0.09,-1.64,2,2,370,0,0,0,0,0,0,-1
High, UVP_assignments_GNI_2_MC, Somalia,0,6, DT,-0.07,-1.33,2,2,370,0,0,0,0,0,0,-1
High, UVP_assignments_GNI_2_MC, Somalia,0,7, DTP,-0.08,-1.4,2,2,370,0,0,0,0,0,0,-1
High, UVP_assignments_GNI_2_MC, Somalia,0,8, DTP,-0.06,-0.97,2,2,370,0,0,0,0,0,0,-1
High, UVP_assignments_GNI_2_MC, Somalia,0,9, DTP-HepB-Hib,-0.36,-1.4,2,2,370,0,0,0,0,0,0,-1
High, UVP_assignments_GNI_2_MC, Somalia,0,10, DTP-HepB-Hib,-0.52,-1.39,2,2,370,0,0,0,0,0,0,-1
High, UVP_assignments_GNI_2_MC, Somalia,0,11, DTP-HepB-Hib,-0.48,-1.39,2,2,370,0,0,0,0,0,0,-1
High, UVP_assignments_GNI_2_MC, Somalia,0,12, DTP-HepB-Hib,-0.55,-1.4,2,2,370,0,0,0,0,0,0,-1
High, UVP_assignments_GNI_2_MC, Somalia,0,13, DTP-HepB-Hib,-0.53,-1.4,2,2,370,0,0,0,0,0,0,-1
High, UVP_assignments_GNI_2_MC, Somalia,0,14, DTP-HepB-Hib,-0.4,-1.48,2,2,370,0,0,0,0,0,0,-1
High, UVP_assignments_GNI_2_MC, Somalia,0,15, DTP-HepB-Hib,-0.34,-1.4,2,2,370,0,0,0,0,0,0,-1
High, UVP_assignments_GNI_2_MC, Somalia,0,16, DTP-HepB-Hib,-0.37,-1.4,2,2,370,0,0,0,0,0,0,-1
High, UVP_assignments_GNI_2_MC, Somalia,0,17, HPV,0.38,0.25,2,2,370,0,0,0,0,0,0,-1
High, UVP_assignments_GNI_2_MC, Somalia,0,18, HPV,-2.41,-1.63,2,2,370,0,0,0,0,0,0,-1
High, UVP_assignments_GNI_2_MC, Somalia,0,19, HepB,-0.22,-1.4,2,2,370,0,0,0,0,0,0,-1
High, UVP_assignments_GNI_2_MC, Somalia,0,20, HepB,-0.29,-1.48,2,2,370,0,0,0,0,0,0,-1
High, UVP_assignments_GNI_2_MC, Somalia,0,21, HepB,-0.11,-1.4,2,2,370,0,0,0,0,0,0,-1
High, UVP_assignments_GNI_2_MC, Somalia,0,22, HepB,-0.12,-1.48,2,2,370,0,0,0,0,0,0,-1
High, UVP_assignments_GNI_2_MC, Somalia,0,23, Hib,-0.98,-1.39,2,2,370,0,0,0,0,0,0,-1
High, UVP_assignments_GNI_2_MC, Somalia,0,24, IPV,0,0,2,2,370,0,0,0,0,0,0,-1
High, UVP_assignments_GNI_2_MC, Somalia,0,25, IPV,-1.12,-1.39,2,2,370,0,0,0,0,0,0,-1
High, UVP_assignments_GNI_2_MC, Somalia,0,26, IPV,-0.64,-0.63,2,2,370,0,0,0,0,0,0,-1
High, UVP_assignments_GNI_2_MC, Somalia,0,27, IPV,-0.55,-0.97,2,2,370,0,0,0,0,0,0,-1
High, UVP_assignments_GNI_2_MC, Somalia,0,28, IPV,0,0,2,2,370,0,0,0,0,0,0,-1
High, UVP_assignments_GNI_2_MC, Somalia,0,29, IPV,-0.89,-0.97,2,2,370,0,0,0,0,0,0,-1
High, UVP_assignments_GNI_2_MC, Somalia,0,30, MMR,-0.76,-1.64,2,2,370,0,0,0,0,0,0,-1
High, UVP_assignments_GNI_2_MC, Somalia,0,31, MMR,-1.9,-1.29,2,2,370,0,0,0,0,0,0,-1
High, UVP_assignments_GNI_2_MC, Somalia,0,32, MMR,-0.55,-0.57,2,2,370,0,0,0,0,0,0,-1
High, UVP_assignments_GNI_2_MC, Somalia,0,33, MMR,-0.59,-1.22,2,2,370,0,0,0,0,0,0,-1
High, UVP_assignments_GNI_2_MC, Somalia,0,34, OPV,-0.1,-1.63,2,2,370,0,0,0,0,0,0,-1
High, UVP_assignments_GNI_2_MC, Somalia,0,35, OPV,-0.05,-1.63,2,2,370,0,0,0,0,0,0,-1
High, UVP_assignments_GNI_2_MC, Somalia,0,36, OPV,-0.07,-1.53,2,2,370,0,0,0,0,0,0,-1
High, UVP_assignments_GNI_2_MC, Somalia,0,37, OPV,-0.07,-1.54,2,2,370,0,0,0,0,0,0,-1
High, UVP_assignments_GNI_2_MC, Somalia,0,38, OPV,-0.06,-1.54,2,2,370,0,0,0,0,0,0,-1
High, UVP_assignments_GNI_2_MC, Somalia,0,39, OPV,-0.03,-0.67,2,2,370,0,0,0,0,0,0,-1
High, UVP_assignments_GNI_2_MC, Somalia,0,40, OPV,-0.01,-0.17,2,2,370,0,0,0,0,0,0,-1
High, UVP_assignments_GNI_2_MC, Somalia,0,41, OPV,-0.08,-1.63,2,2,370,0,0,0,0,0,0,-1
High, UVP_assignments_GNI_2_MC, Somalia,0,42, OPV,-0.09,-1.54,2,2,370,0,0,0,0,0,0,-1
High, UVP_assignments_GNI_2_MC, Somalia,0,43, PCV,-1.5,-1.57,2,2,370,0,0,0,0,0,0,-1
High, UVP_assignments_GNI_2_MC, Somalia,0,44, PCV,-1.37,-1.37,2,2,370,0,0,0,0,0,0,-1
High, UVP_assignments_GNI_2_MC, Somalia,0,45, PCV,-1.37,-1.37,2,2,370,0,0,0,0,0,0,-1
High, UVP_assignments_GNI_2_MC, Somalia,0,46, PCV,-1.55,-1.37,2,2,370,0,0,0,0,0,0,-1
High, UVP_assignments_GNI_2_MC, Somalia,0,47, PCV,-1.45,-1.33,2,2,370,0,0,0,0,0,0,-1
High, UVP_assignments_GNI_2_MC, Somalia,0,48, PCV,-1.5,-1.57,2,2,370,0,0,0,0,0,0,-1
High, UVP_assignments_GNI_2_MC, Somalia,0,49, Rota,-0.45,-1.63,2,2,370,0,0,0,0,0,0,-1
High, UVP_assignments_GNI_2_MC, Somalia,0,50, Rota,-0.18,-0.58,2,2,370,0,0,0,0,0,0,-1
High, UVP_assignments_GNI_2_MC, Somalia,0,51, Rota,-0.92,-1.19,2,2,370,0,0,0,0,0,0,-1
High, UVP_assignments_GNI_2_MC, Somalia,0,52, Td,0,0.12,2,2,370,0,0,0,0,0,0,-1
High, UVP_assignments_GNI_2_MC, Somalia,0,53, Td,0,0.12,2,2,370,0,0,0,0,0,0,-1
High, UVP_assignments_GNI_2_MC, Somalia,0,54, Td,0,0,2,2,370,0,0,0,0,0,0,-1
High, UVP_assignments_GNI_2_MC, Somalia,0,55, Td,-0.06,-1.25,2,2,370,0,0,0,0,0,0,-1
High, UVP_assignments_GNI_2_MC, Somalia,0,56, Td,-0.04,-1.25,2,2,370,0,0,0,0,0,0,-1
High, UVP_assignments_GNI_2_MC, Somalia,0,57, Td,-0.04,-1.14,2,2,370,0,0,0,0,0,0,-1
High, UVP_assignments_GNI_2_MC, Somalia,0,58, Td,-0.03,-1.14,2,2,370,0,0,0,0,0,0,-1
High, UVP_assignments_GNI_2_MC, Somalia,0,59, YF,-0.58,-1.39,2,2,370,0,0,0,0,0,0,-1
High, UVP_assignments_GNI_2_MC, Somalia,0,60, YF,-0.44,-1.39,2,2,370,0,0,0,0,0,0,-1
High, UVP_assignments_GNI_2_MC, Somalia,0,61, YF,0.12,0.25,2,2,370,0,0,0,0,0,0,-1
High, UVP_assignments_GNI_2_MC, Somalia,0,62, YF,-0.44,-1.39,2,2,370,0,0,0,0,0,0,-1
High, UVP_assignments_GNI_2_MC, 'South Sudan',0,1, BCG,0,0,2,2,314,0,0,0,0,0,0,-1
High, UVP_assignments_GNI_2_MC, 'South Sudan',0,2, BCG,-0.08,-1.51,2,2,314,0,0,0,0,0,0,-1
High, UVP_assignments_GNI_2_MC, 'South Sudan',0,3, BCG,0,0,2,2,314,0,0,0,0,0,0,-1
High, UVP_assignments_GNI_2_MC, 'South Sudan',0,4, BCG,-0.1,-1.22,2,2,314,0,0,0,0,0,0,-1
High, UVP_assignments_GNI_2_MC, 'South Sudan',0,5, DT,-0.1,-2.11,2,2,314,0,0,0,0,0,0,-1
High, UVP_assignments_GNI_2_MC, 'South Sudan',0,6, DT,-0.08,-1.74,2,2,314,0,0,0,0,0,0,-1
High, UVP_assignments_GNI_2_MC, 'South Sudan',0,7, DTP,-0.09,-1.82,2,2,314,0,0,0,0,0,0,-1
High, UVP_assignments_GNI_2_MC, 'South Sudan',0,8, DTP,-0.07,-1.33,2,2,314,0,0,0,0,0,0,-1
High, UVP_assignments_GNI_2_MC, 'South Sudan',0,9, DTP-HepB-Hib,-0.4,-1.82,2,2,314,0,0,0,0,0,0,-1
High, UVP_assignments_GNI_2_MC, 'South Sudan',0,10, DTP-HepB-Hib,-0.58,-1.81,2,2,314,0,0,0,0,0,0,-1
High, UVP_assignments_GNI_2_MC, 'South Sudan',0,11, DTP-HepB-Hib,-0.53,-1.81,2,2,314,0,0,0,0,0,0,-1
High, UVP_assignments_GNI_2_MC, 'South Sudan',0,12, DTP-HepB-Hib,-0.61,-1.82,2,2,314,0,0,0,0,0,0,-1
High, UVP_assignments_GNI_2_MC, 'South Sudan',0,13, DTP-HepB-Hib,-0.58,-1.82,2,2,314,0,0,0,0,0,0,-1
High, UVP_assignments_GNI_2_MC, 'South Sudan',0,14, DTP-HepB-Hib,-0.44,-1.93,2,2,314,0,0,0,0,0,0,-1
High, UVP_assignments_GNI_2_MC, 'South Sudan',0,15, DTP-HepB-Hib,-0.38,-1.82,2,2,314,0,0,0,0,0,0,-1
High, UVP_assignments_GNI_2_MC, 'South Sudan',0,16, DTP-HepB-Hib,-0.41,-1.82,2,2,314,0,0,0,0,0,0,-1
High, UVP_assignments_GNI_2_MC, 'South Sudan',0,17, HPV,0.15,0.12,2,2,314,0,0,0,0,0,0,-1
High, UVP_assignments_GNI_2_MC, 'South Sudan',0,18, HPV,-2.64,-2.1,2,2,314,0,0,0,0,0,0,-1
High, UVP_assignments_GNI_2_MC, 'South Sudan',0,19, HepB,-0.25,-1.82,2,2,314,0,0,0,0,0,0,-1
High, UVP_assignments_GNI_2_MC, 'South Sudan',0,20, HepB,-0.32,-1.93,2,2,314,0,0,0,0,0,0,-1
High, UVP_assignments_GNI_2_MC, 'South Sudan',0,21, HepB,-0.12,-1.82,2,2,314,0,0,0,0,0,0,-1
High, UVP_assignments_GNI_2_MC, 'South Sudan',0,22, HepB,-0.13,-1.93,2,2,314,0,0,0,0,0,0,-1
High, UVP_assignments_GNI_2_MC, 'South Sudan',0,23, Hib,-1.09,-1.81,2,2,314,0,0,0,0,0,0,-1
High, UVP_assignments_GNI_2_MC, 'South Sudan',0,24, IPV,0,0,2,2,314,0,0,0,0,0,0,-1
High, UVP_assignments_GNI_2_MC, 'South Sudan',0,25, IPV,-1.24,-1.81,2,2,314,0,0,0,0,0,0,-1
High, UVP_assignments_GNI_2_MC, 'South Sudan',0,26, IPV,-0.8,-0.92,2,2,314,0,0,0,0,0,0,-1
High, UVP_assignments_GNI_2_MC, 'South Sudan',0,27, IPV,-0.64,-1.32,2,2,314,0,0,0,0,0,0,-1
High, UVP_assignments_GNI_2_MC, 'South Sudan',0,28, IPV,0,0,2,2,314,0,0,0,0,0,0,-1
High, UVP_assignments_GNI_2_MC, 'South Sudan',0,29, IPV,-1.03,-1.32,2,2,314,0,0,0,0,0,0,-1
High, UVP_assignments_GNI_2_MC, 'South Sudan',0,30, MMR,-0.83,-2.11,2,2,314,0,0,0,0,0,0,-1
High, UVP_assignments_GNI_2_MC, 'South Sudan',0,31, MMR,-2.12,-1.7,2,2,314,0,0,0,0,0,0,-1
High, UVP_assignments_GNI_2_MC, 'South Sudan',0,32, MMR,-0.7,-0.85,2,2,314,0,0,0,0,0,0,-1
High, UVP_assignments_GNI_2_MC, 'South Sudan',0,33, MMR,-0.66,-1.62,2,2,314,0,0,0,0,0,0,-1
High, UVP_assignments_GNI_2_MC, 'South Sudan',0,34, OPV,-0.11,-2.1,2,2,314,0,0,0,0,0,0,-1
High, UVP_assignments_GNI_2_MC, 'South Sudan',0,35, OPV,-0.05,-2.1,2,2,314,0,0,0,0,0,0,-1
High, UVP_assignments_GNI_2_MC, 'South Sudan',0,36, OPV,-0.07,-1.98,2,2,314,0,0,0,0,0,0,-1
High, UVP_assignments_GNI_2_MC, 'South Sudan',0,37, OPV,-0.08,-1.99,2,2,314,0,0,0,0,0,0,-1
High, UVP_assignments_GNI_2_MC, 'South Sudan',0,38, OPV,-0.07,-1.99,2,2,314,0,0,0,0,0,0,-1
High, UVP_assignments_GNI_2_MC, 'South Sudan',0,39, OPV,-0.04,-0.97,2,2,314,0,0,0,0,0,0,-1
High, UVP_assignments_GNI_2_MC, 'South Sudan',0,40, OPV,-0.02,-0.38,2,2,314,0,0,0,0,0,0,-1
High, UVP_assignments_GNI_2_MC, 'South Sudan',0,41, OPV,-0.08,-2.1,2,2,314,0,0,0,0,0,0,-1
High, UVP_assignments_GNI_2_MC, 'South Sudan',0,42, OPV,-0.09,-1.99,2,2,314,0,0,0,0,0,0,-1
High, UVP_assignments_GNI_2_MC, 'South Sudan',0,43, PCV,-1.64,-2.03,2,2,314,0,0,0,0,0,0,-1
High, UVP_assignments_GNI_2_MC, 'South Sudan',0,44, PCV,-1.52,-1.79,2,2,314,0,0,0,0,0,0,-1
High, UVP_assignments_GNI_2_MC, 'South Sudan',0,45, PCV,-1.52,-1.79,2,2,314,0,0,0,0,0,0,-1
High, UVP_assignments_GNI_2_MC, 'South Sudan',0,46, PCV,-1.72,-1.79,2,2,314,0,0,0,0,0,0,-1
High, UVP_assignments_GNI_2_MC, 'South Sudan',0,47, PCV,-1.61,-1.75,2,2,314,0,0,0,0,0,0,-1
High, UVP_assignments_GNI_2_MC, 'South Sudan',0,48, PCV,-1.64,-2.03,2,2,314,0,0,0,0,0,0,-1
High, UVP_assignments_GNI_2_MC, 'South Sudan',0,49, Rota,-0.5,-2.09,2,2,314,0,0,0,0,0,0,-1
High, UVP_assignments_GNI_2_MC, 'South Sudan',0,50, Rota,-0.23,-0.86,2,2,314,0,0,0,0,0,0,-1
High, UVP_assignments_GNI_2_MC, 'South Sudan',0,51, Rota,-1.03,-1.58,2,2,314,0,0,0,0,0,0,-1
High, UVP_assignments_GNI_2_MC, 'South Sudan',0,52, Td,0,-0.04,2,2,314,0,0,0,0,0,0,-1
High, UVP_assignments_GNI_2_MC, 'South Sudan',0,53, Td,0,-0.04,2,2,314,0,0,0,0,0,0,-1
High, UVP_assignments_GNI_2_MC, 'South Sudan',0,54, Td,0,0,2,2,314,0,0,0,0,0,0,-1
High, UVP_assignments_GNI_2_MC, 'South Sudan',0,55, Td,-0.06,-1.65,2,2,314,0,0,0,0,0,0,-1
High, UVP_assignments_GNI_2_MC, 'South Sudan',0,56, Td,-0.05,-1.65,2,2,314,0,0,0,0,0,0,-1
High, UVP_assignments_GNI_2_MC, 'South Sudan',0,57, Td,-0.04,-1.52,2,2,314,0,0,0,0,0,0,-1
High, UVP_assignments_GNI_2_MC, 'South Sudan',0,58, Td,-0.04,-1.52,2,2,314,0,0,0,0,0,0,-1
High, UVP_assignments_GNI_2_MC, 'South Sudan',0,59, YF,-0.65,-1.81,2,2,314,0,0,0,0,0,0,-1
High, UVP_assignments_GNI_2_MC, 'South Sudan',0,60, YF,-0.49,-1.81,2,2,314,0,0,0,0,0,0,-1
High, UVP_assignments_GNI_2_MC, 'South Sudan',0,61, YF,0.05,0.12,2,2,314,0,0,0,0,0,0,-1
High, UVP_assignments_GNI_2_MC, 'South Sudan',0,62, YF,-0.49,-1.81,2,2,314,0,0,0,0,0,0,-1
High, UVP_assignments_GNI_2_MC, Sudan,0,1, BCG,0,0,2,2,809,0,0,0,0,0,0,-1
High, UVP_assignments_GNI_2_MC, Sudan,0,2, BCG,0,0.03,2,2,809,0,0,0,0,0,0,-1
High, UVP_assignments_GNI_2_MC, Sudan,0,3, BCG,0,0,2,2,809,0,0,0,0,0,0,-1
High, UVP_assignments_GNI_2_MC, Sudan,0,4, BCG,0.03,0.14,2,2,809,0,0,0,0,0,0,-1
High, UVP_assignments_GNI_2_MC, Sudan,0,5, DT,-0.02,-0.2,2,2,809,0,0,0,0,0,0,-1
High, UVP_assignments_GNI_2_MC, Sudan,0,6, DT,-0.01,-0.06,2,2,809,0,0,0,0,0,0,-1
High, UVP_assignments_GNI_2_MC, Sudan,0,7, DTP,-0.01,-0.09,2,2,809,0,0,0,0,0,0,-1
High, UVP_assignments_GNI_2_MC, Sudan,0,8, DTP,0.01,0.1,2,2,809,0,0,0,0,0,0,-1
High, UVP_assignments_GNI_2_MC, Sudan,0,9, DTP-HepB-Hib,-0.05,-0.09,2,2,809,0,0,0,0,0,0,-1
High, UVP_assignments_GNI_2_MC, Sudan,0,10, DTP-HepB-Hib,-0.07,-0.09,2,2,809,0,0,0,0,0,0,-1
High, UVP_assignments_GNI_2_MC, Sudan,0,11, DTP-HepB-Hib,-0.07,-0.09,2,2,809,0,0,0,0,0,0,-1
High, UVP_assignments_GNI_2_MC, Sudan,0,12, DTP-HepB-Hib,-0.08,-0.09,2,2,809,0,0,0,0,0,0,-1
High, UVP_assignments_GNI_2_MC, Sudan,0,13, DTP-HepB-Hib,-0.08,-0.09,2,2,809,0,0,0,0,0,0,-1
High, UVP_assignments_GNI_2_MC, Sudan,0,14, DTP-HepB-Hib,-0.08,-0.14,2,2,809,0,0,0,0,0,0,-1
High, UVP_assignments_GNI_2_MC, Sudan,0,15, DTP-HepB-Hib,-0.05,-0.09,2,2,809,0,0,0,0,0,0,-1
High, UVP_assignments_GNI_2_MC, Sudan,0,16, DTP-HepB-Hib,-0.05,-0.09,2,2,809,0,0,0,0,0,0,-1
High, UVP_assignments_GNI_2_MC, Sudan,0,17, HPV,2.18,0.66,2,2,809,0,0,0,0,0,0,-1
High, UVP_assignments_GNI_2_MC, Sudan,0,18, HPV,-0.66,-0.2,2,2,809,0,0,0,0,0,0,-1
High, UVP_assignments_GNI_2_MC, Sudan,0,19, HepB,-0.03,-0.09,2,2,809,0,0,0,0,0,0,-1
High, UVP_assignments_GNI_2_MC, Sudan,0,20, HepB,-0.06,-0.14,2,2,809,0,0,0,0,0,0,-1
High, UVP_assignments_GNI_2_MC, Sudan,0,21, HepB,-0.02,-0.09,2,2,809,0,0,0,0,0,0,-1
High, UVP_assignments_GNI_2_MC, Sudan,0,22, HepB,-0.02,-0.14,2,2,809,0,0,0,0,0,0,-1
High, UVP_assignments_GNI_2_MC, Sudan,0,23, Hib,-0.14,-0.09,2,2,809,0,0,0,0,0,0,-1
High, UVP_assignments_GNI_2_MC, Sudan,0,24, IPV,0,0,2,2,809,0,0,0,0,0,0,-1
High, UVP_assignments_GNI_2_MC, Sudan,0,25, IPV,-0.16,-0.09,2,2,809,0,0,0,0,0,0,-1
High, UVP_assignments_GNI_2_MC, Sudan,0,26, IPV,0.57,0.25,2,2,809,0,0,0,0,0,0,-1
High, UVP_assignments_GNI_2_MC, Sudan,0,27, IPV,0.13,0.1,2,2,809,0,0,0,0,0,0,-1
High, UVP_assignments_GNI_2_MC, Sudan,0,28, IPV,0,0,2,2,809,0,0,0,0,0,0,-1
High, UVP_assignments_GNI_2_MC, Sudan,0,29, IPV,0.21,0.1,2,2,809,0,0,0,0,0,0,-1
High, UVP_assignments_GNI_2_MC, Sudan,0,30, MMR,-0.21,-0.2,2,2,809,0,0,0,0,0,0,-1
High, UVP_assignments_GNI_2_MC, Sudan,0,31, MMR,-0.15,-0.05,2,2,809,0,0,0,0,0,0,-1
High, UVP_assignments_GNI_2_MC, Sudan,0,32, MMR,0.6,0.28,2,2,809,0,0,0,0,0,0,-1
High, UVP_assignments_GNI_2_MC, Sudan,0,33, MMR,-0.01,-0.01,2,2,809,0,0,0,0,0,0,-1
High, UVP_assignments_GNI_2_MC, Sudan,0,34, OPV,-0.03,-0.2,2,2,809,0,0,0,0,0,0,-1
High, UVP_assignments_GNI_2_MC, Sudan,0,35, OPV,-0.01,-0.2,2,2,809,0,0,0,0,0,0,-1
High, UVP_assignments_GNI_2_MC, Sudan,0,36, OPV,-0.01,-0.15,2,2,809,0,0,0,0,0,0,-1
High, UVP_assignments_GNI_2_MC, Sudan,0,37, OPV,-0.02,-0.16,2,2,809,0,0,0,0,0,0,-1
High, UVP_assignments_GNI_2_MC, Sudan,0,38, OPV,-0.01,-0.16,2,2,809,0,0,0,0,0,0,-1
High, UVP_assignments_GNI_2_MC, Sudan,0,39, OPV,0.02,0.24,2,2,809,0,0,0,0,0,0,-1
High, UVP_assignments_GNI_2_MC, Sudan,0,40, OPV,0.06,0.46,2,2,809,0,0,0,0,0,0,-1
High, UVP_assignments_GNI_2_MC, Sudan,0,41, OPV,-0.02,-0.2,2,2,809,0,0,0,0,0,0,-1
High, UVP_assignments_GNI_2_MC, Sudan,0,42, OPV,-0.02,-0.16,2,2,809,0,0,0,0,0,0,-1
High, UVP_assignments_GNI_2_MC, Sudan,0,43, PCV,-0.36,-0.17,2,2,809,0,0,0,0,0,0,-1
High, UVP_assignments_GNI_2_MC, Sudan,0,44, PCV,-0.18,-0.08,2,2,809,0,0,0,0,0,0,-1
High, UVP_assignments_GNI_2_MC, Sudan,0,45, PCV,-0.18,-0.08,2,2,809,0,0,0,0,0,0,-1
High, UVP_assignments_GNI_2_MC, Sudan,0,46, PCV,-0.21,-0.08,2,2,809,0,0,0,0,0,0,-1
High, UVP_assignments_GNI_2_MC, Sudan,0,47, PCV,-0.16,-0.07,2,2,809,0,0,0,0,0,0,-1
High, UVP_assignments_GNI_2_MC, Sudan,0,48, PCV,-0.36,-0.17,2,2,809,0,0,0,0,0,0,-1
High, UVP_assignments_GNI_2_MC, Sudan,0,49, Rota,-0.12,-0.2,2,2,809,0,0,0,0,0,0,-1
High, UVP_assignments_GNI_2_MC, Sudan,0,50, Rota,0.19,0.28,2,2,809,0,0,0,0,0,0,-1
High, UVP_assignments_GNI_2_MC, Sudan,0,51, Rota,0,0,2,2,809,0,0,0,0,0,0,-1
High, UVP_assignments_GNI_2_MC, Sudan,0,52, Td,0.05,0.6,2,2,809,0,0,0,0,0,0,-1
High, UVP_assignments_GNI_2_MC, Sudan,0,53, Td,0.05,0.6,2,2,809,0,0,0,0,0,0,-1
High, UVP_assignments_GNI_2_MC, Sudan,0,54, Td,0,0,2,2,809,0,0,0,0,0,0,-1
High, UVP_assignments_GNI_2_MC, Sudan,0,55, Td,0,-0.03,2,2,809,0,0,0,0,0,0,-1
High, UVP_assignments_GNI_2_MC, Sudan,0,56, Td,0,-0.03,2,2,809,0,0,0,0,0,0,-1
High, UVP_assignments_GNI_2_MC, Sudan,0,57, Td,0,0.02,2,2,809,0,0,0,0,0,0,-1
High, UVP_assignments_GNI_2_MC, Sudan,0,58, Td,0,0.02,2,2,809,0,0,0,0,0,0,-1
High, UVP_assignments_GNI_2_MC, Sudan,0,59, YF,-0.08,-0.09,2,2,809,0,0,0,0,0,0,-1
High, UVP_assignments_GNI_2_MC, Sudan,0,60, YF,-0.06,-0.09,2,2,809,0,0,0,0,0,0,-1
High, UVP_assignments_GNI_2_MC, Sudan,0,61, YF,0.68,0.66,2,2,809,0,0,0,0,0,0,-1
High, UVP_assignments_GNI_2_MC, Sudan,0,62, YF,-0.06,-0.09,2,2,809,0,0,0,0,0,0,-1
High, UVP_assignments_GNI_2_MC, Syria,0,1, BCG,0,0,2,2,776,0,0,0,0,0,0,-1
High, UVP_assignments_GNI_2_MC, Syria,0,2, BCG,0,-0.01,2,2,776,0,0,0,0,0,0,-1
High, UVP_assignments_GNI_2_MC, Syria,0,3, BCG,0,0,2,2,776,0,0,0,0,0,0,-1
High, UVP_assignments_GNI_2_MC, Syria,0,4, BCG,0.02,0.1,2,2,776,0,0,0,0,0,0,-1
High, UVP_assignments_GNI_2_MC, Syria,0,5, DT,-0.03,-0.26,2,2,776,0,0,0,0,0,0,-1
High, UVP_assignments_GNI_2_MC, Syria,0,6, DT,-0.01,-0.11,2,2,776,0,0,0,0,0,0,-1
High, UVP_assignments_GNI_2_MC, Syria,0,7, DTP,-0.02,-0.14,2,2,776,0,0,0,0,0,0,-1
High, UVP_assignments_GNI_2_MC, Syria,0,8, DTP,0.01,0.06,2,2,776,0,0,0,0,0,0,-1
High, UVP_assignments_GNI_2_MC, Syria,0,9, DTP-HepB-Hib,-0.08,-0.14,2,2,776,0,0,0,0,0,0,-1
High, UVP_assignments_GNI_2_MC, Syria,0,10, DTP-HepB-Hib,-0.11,-0.14,2,2,776,0,0,0,0,0,0,-1
High, UVP_assignments_GNI_2_MC, Syria,0,11, DTP-HepB-Hib,-0.1,-0.14,2,2,776,0,0,0,0,0,0,-1
High, UVP_assignments_GNI_2_MC, Syria,0,12, DTP-HepB-Hib,-0.12,-0.14,2,2,776,0,0,0,0,0,0,-1
High, UVP_assignments_GNI_2_MC, Syria,0,13, DTP-HepB-Hib,-0.11,-0.14,2,2,776,0,0,0,0,0,0,-1
High, UVP_assignments_GNI_2_MC, Syria,0,14, DTP-HepB-Hib,-0.1,-0.18,2,2,776,0,0,0,0,0,0,-1
High, UVP_assignments_GNI_2_MC, Syria,0,15, DTP-HepB-Hib,-0.07,-0.14,2,2,776,0,0,0,0,0,0,-1
High, UVP_assignments_GNI_2_MC, Syria,0,16, DTP-HepB-Hib,-0.08,-0.14,2,2,776,0,0,0,0,0,0,-1
High, UVP_assignments_GNI_2_MC, Syria,0,17, HPV,2.04,0.64,2,2,776,0,0,0,0,0,0,-1
High, UVP_assignments_GNI_2_MC, Syria,0,18, HPV,-0.79,-0.25,2,2,776,0,0,0,0,0,0,-1
High, UVP_assignments_GNI_2_MC, Syria,0,19, HepB,-0.05,-0.14,2,2,776,0,0,0,0,0,0,-1
High, UVP_assignments_GNI_2_MC, Syria,0,20, HepB,-0.08,-0.18,2,2,776,0,0,0,0,0,0,-1
High, UVP_assignments_GNI_2_MC, Syria,0,21, HepB,-0.02,-0.14,2,2,776,0,0,0,0,0,0,-1
High, UVP_assignments_GNI_2_MC, Syria,0,22, HepB,-0.03,-0.18,2,2,776,0,0,0,0,0,0,-1
High, UVP_assignments_GNI_2_MC, Syria,0,23, Hib,-0.2,-0.14,2,2,776,0,0,0,0,0,0,-1
High, UVP_assignments_GNI_2_MC, Syria,0,24, IPV,0,0,2,2,776,0,0,0,0,0,0,-1
High, UVP_assignments_GNI_2_MC, Syria,0,25, IPV,-0.23,-0.14,2,2,776,0,0,0,0,0,0,-1
High, UVP_assignments_GNI_2_MC, Syria,0,26, IPV,0.48,0.22,2,2,776,0,0,0,0,0,0,-1
High, UVP_assignments_GNI_2_MC, Syria,0,27, IPV,0.08,0.06,2,2,776,0,0,0,0,0,0,-1
High, UVP_assignments_GNI_2_MC, Syria,0,28, IPV,0,0,2,2,776,0,0,0,0,0,0,-1
High, UVP_assignments_GNI_2_MC, Syria,0,29, IPV,0.12,0.06,2,2,776,0,0,0,0,0,0,-1
High, UVP_assignments_GNI_2_MC, Syria,0,30, MMR,-0.25,-0.26,2,2,776,0,0,0,0,0,0,-1
High, UVP_assignments_GNI_2_MC, Syria,0,31, MMR,-0.28,-0.09,2,2,776,0,0,0,0,0,0,-1
High, UVP_assignments_GNI_2_MC, Syria,0,32, MMR,0.51,0.25,2,2,776,0,0,0,0,0,0,-1
High, UVP_assignments_GNI_2_MC, Syria,0,33, MMR,-0.06,-0.06,2,2,776,0,0,0,0,0,0,-1
High, UVP_assignments_GNI_2_MC, Syria,0,34, OPV,-0.03,-0.25,2,2,776,0,0,0,0,0,0,-1
High, UVP_assignments_GNI_2_MC, Syria,0,35, OPV,-0.02,-0.25,2,2,776,0,0,0,0,0,0,-1
High, UVP_assignments_GNI_2_MC, Syria,0,36, OPV,-0.02,-0.2,2,2,776,0,0,0,0,0,0,-1
High, UVP_assignments_GNI_2_MC, Syria,0,37, OPV,-0.02,-0.21,2,2,776,0,0,0,0,0,0,-1
High, UVP_assignments_GNI_2_MC, Syria,0,38, OPV,-0.02,-0.21,2,2,776,0,0,0,0,0,0,-1
High, UVP_assignments_GNI_2_MC, Syria,0,39, OPV,0.02,0.2,2,2,776,0,0,0,0,0,0,-1
High, UVP_assignments_GNI_2_MC, Syria,0,40, OPV,0.06,0.44,2,2,776,0,0,0,0,0,0,-1
High, UVP_assignments_GNI_2_MC, Syria,0,41, OPV,-0.02,-0.25,2,2,776,0,0,0,0,0,0,-1
High, UVP_assignments_GNI_2_MC, Syria,0,42, OPV,-0.02,-0.21,2,2,776,0,0,0,0,0,0,-1
High, UVP_assignments_GNI_2_MC, Syria,0,43, PCV,-0.45,-0.22,2,2,776,0,0,0,0,0,0,-1
High, UVP_assignments_GNI_2_MC, Syria,0,44, PCV,-0.27,-0.13,2,2,776,0,0,0,0,0,0,-1
High, UVP_assignments_GNI_2_MC, Syria,0,45, PCV,-0.27,-0.13,2,2,776,0,0,0,0,0,0,-1
High, UVP_assignments_GNI_2_MC, Syria,0,46, PCV,-0.31,-0.13,2,2,776,0,0,0,0,0,0,-1
High, UVP_assignments_GNI_2_MC, Syria,0,47, PCV,-0.25,-0.11,2,2,776,0,0,0,0,0,0,-1
High, UVP_assignments_GNI_2_MC, Syria,0,48, PCV,-0.45,-0.22,2,2,776,0,0,0,0,0,0,-1
High, UVP_assignments_GNI_2_MC, Syria,0,49, Rota,-0.15,-0.25,2,2,776,0,0,0,0,0,0,-1
High, UVP_assignments_GNI_2_MC, Syria,0,50, Rota,0.16,0.25,2,2,776,0,0,0,0,0,0,-1
High, UVP_assignments_GNI_2_MC, Syria,0,51, Rota,-0.07,-0.04,2,2,776,0,0,0,0,0,0,-1
High, UVP_assignments_GNI_2_MC, Syria,0,52, Td,0.04,0.58,2,2,776,0,0,0,0,0,0,-1
High, UVP_assignments_GNI_2_MC, Syria,0,53, Td,0.04,0.58,2,2,776,0,0,0,0,0,0,-1
High, UVP_assignments_GNI_2_MC, Syria,0,54, Td,0,0,2,2,776,0,0,0,0,0,0,-1
High, UVP_assignments_GNI_2_MC, Syria,0,55, Td,-0.01,-0.07,2,2,776,0,0,0,0,0,0,-1
High, UVP_assignments_GNI_2_MC, Syria,0,56, Td,0,-0.07,2,2,776,0,0,0,0,0,0,-1
High, UVP_assignments_GNI_2_MC, Syria,0,57, Td,0,-0.02,2,2,776,0,0,0,0,0,0,-1
High, UVP_assignments_GNI_2_MC, Syria,0,58, Td,0,-0.02,2,2,776,0,0,0,0,0,0,-1
High, UVP_assignments_GNI_2_MC, Syria,0,59, YF,-0.12,-0.14,2,2,776,0,0,0,0,0,0,-1
High, UVP_assignments_GNI_2_MC, Syria,0,60, YF,-0.09,-0.14,2,2,776,0,0,0,0,0,0,-1
High, UVP_assignments_GNI_2_MC, Syria,0,61, YF,0.64,0.64,2,2,776,0,0,0,0,0,0,-1
High, UVP_assignments_GNI_2_MC, Syria,0,62, YF,-0.09,-0.14,2,2,776,0,0,0,0,0,0,-1
High, UVP_assignments_GNI_2_MC, 'São Tomé',0,1, BCG,0,0,1,2,2524,0,0,0,0,0,0,-1
High, UVP_assignments_GNI_2_MC, 'São Tomé',0,2, BCG,0.09,0.21,1,2,2524,0,0,0,0,0,0,-1
High, UVP_assignments_GNI_2_MC, 'São Tomé',0,3, BCG,0,0,1,2,2524,0,0,0,0,0,0,-1
High, UVP_assignments_GNI_2_MC, 'São Tomé',0,4, BCG,0,0.01,1,2,2524,0,0,0,0,0,0,-1
High, UVP_assignments_GNI_2_MC, 'São Tomé',0,5, DT,0,0,1,2,2524,0,0,0,0,0,0,-1
High, UVP_assignments_GNI_2_MC, 'São Tomé',0,6, DT,0.1,0.26,1,2,2524,0,0,0,0,0,0,-1
High, UVP_assignments_GNI_2_MC, 'São Tomé',0,7, DTP,0.1,0.26,1,2,2524,0,0,0,0,0,0,-1
High, UVP_assignments_GNI_2_MC, 'São Tomé',0,8, DTP,0.11,0.26,1,2,2524,0,0,0,0,0,0,-1
High, UVP_assignments_GNI_2_MC, 'São Tomé',0,9, DTP-HepB-Hib,0.45,0.26,1,2,2524,0,0,0,0,0,0,-1
High, UVP_assignments_GNI_2_MC, 'São Tomé',0,10, DTP-HepB-Hib,0.67,0.26,1,2,2524,0,0,0,0,0,0,-1
High, UVP_assignments_GNI_2_MC, 'São Tomé',0,11, DTP-HepB-Hib,0.61,0.26,1,2,2524,0,0,0,0,0,0,-1
High, UVP_assignments_GNI_2_MC, 'São Tomé',0,12, DTP-HepB-Hib,0.69,0.26,1,2,2524,0,0,0,0,0,0,-1
High, UVP_assignments_GNI_2_MC, 'São Tomé',0,13, DTP-HepB-Hib,0.67,0.26,1,2,2524,0,0,0,0,0,0,-1
High, UVP_assignments_GNI_2_MC, 'São Tomé',0,14, DTP-HepB-Hib,0.47,0.26,1,2,2524,0,0,0,0,0,0,-1
High, UVP_assignments_GNI_2_MC, 'São Tomé',0,15, DTP-HepB-Hib,0.44,0.26,1,2,2524,0,0,0,0,0,0,-1
High, UVP_assignments_GNI_2_MC, 'São Tomé',0,16, DTP-HepB-Hib,0.47,0.26,1,2,2524,0,0,0,0,0,0,-1
High, UVP_assignments_GNI_2_MC, 'São Tomé',0,17, HPV,2.68,0.26,1,2,2524,0,0,0,0,0,0,-1
High, UVP_assignments_GNI_2_MC, 'São Tomé',0,18, HPV,-0.57,-0.06,1,2,2524,0,0,0,0,0,0,-1
High, UVP_assignments_GNI_2_MC, 'São Tomé',0,19, HepB,0.29,0.26,1,2,2524,0,0,0,0,0,0,-1
High, UVP_assignments_GNI_2_MC, 'São Tomé',0,20, HepB,0.35,0.26,1,2,2524,0,0,0,0,0,0,-1
High, UVP_assignments_GNI_2_MC, 'São Tomé',0,21, HepB,0.14,0.26,1,2,2524,0,0,0,0,0,0,-1
High, UVP_assignments_GNI_2_MC, 'São Tomé',0,22, HepB,0.15,0.26,1,2,2524,0,0,0,0,0,0,-1
High, UVP_assignments_GNI_2_MC, 'São Tomé',0,23, Hib,1.25,0.26,1,2,2524,0,0,0,0,0,0,-1
High, UVP_assignments_GNI_2_MC, 'São Tomé',0,24, IPV,-0.27,-0.06,1,2,2524,0,0,0,0,0,0,-1
High, UVP_assignments_GNI_2_MC, 'São Tomé',0,25, IPV,1.43,0.26,1,2,2524,0,0,0,0,0,0,-1
High, UVP_assignments_GNI_2_MC, 'São Tomé',0,26, IPV,-0.21,-0.03,1,2,2524,0,0,0,0,0,0,-1
High, UVP_assignments_GNI_2_MC, 'São Tomé',0,27, IPV,-0.01,0,1,2,2524,0,0,0,0,0,0,-1
High, UVP_assignments_GNI_2_MC, 'São Tomé',0,28, IPV,-0.3,-0.06,1,2,2524,0,0,0,0,0,0,-1
High, UVP_assignments_GNI_2_MC, 'São Tomé',0,29, IPV,-0.02,0,1,2,2524,0,0,0,0,0,0,-1
High, UVP_assignments_GNI_2_MC, 'São Tomé',0,30, MMR,0,0,1,2,2524,0,0,0,0,0,0,-1
High, UVP_assignments_GNI_2_MC, 'São Tomé',0,31, MMR,2.6,0.26,1,2,2524,0,0,0,0,0,0,-1
High, UVP_assignments_GNI_2_MC, 'São Tomé',0,32, MMR,-0.27,-0.04,1,2,2524,0,0,0,0,0,0,-1
High, UVP_assignments_GNI_2_MC, 'São Tomé',0,33, MMR,0.18,0.05,1,2,2524,0,0,0,0,0,0,-1
High, UVP_assignments_GNI_2_MC, 'São Tomé',0,34, OPV,-0.02,-0.06,1,2,2524,0,0,0,0,0,0,-1
High, UVP_assignments_GNI_2_MC, 'São Tomé',0,35, OPV,-0.01,-0.06,1,2,2524,0,0,0,0,0,0,-1
High, UVP_assignments_GNI_2_MC, 'São Tomé',0,36, OPV,0.08,0.26,1,2,2524,0,0,0,0,0,0,-1
High, UVP_assignments_GNI_2_MC, 'São Tomé',0,37, OPV,0.08,0.26,1,2,2524,0,0,0,0,0,0,-1
High, UVP_assignments_GNI_2_MC, 'São Tomé',0,38, OPV,0.07,0.26,1,2,2524,0,0,0,0,0,0,-1
High, UVP_assignments_GNI_2_MC, 'São Tomé',0,39, OPV,-0.01,-0.03,1,2,2524,0,0,0,0,0,0,-1
High, UVP_assignments_GNI_2_MC, 'São Tomé',0,40, OPV,-0.02,-0.05,1,2,2524,0,0,0,0,0,0,-1
High, UVP_assignments_GNI_2_MC, 'São Tomé',0,41, OPV,-0.02,-0.06,1,2,2524,0,0,0,0,0,0,-1
High, UVP_assignments_GNI_2_MC, 'São Tomé',0,42, OPV,0.1,0.26,1,2,2524,0,0,0,0,0,0,-1
High, UVP_assignments_GNI_2_MC, 'São Tomé',0,43, PCV,-0.37,-0.06,1,2,2524,0,0,0,0,0,0,-1
High, UVP_assignments_GNI_2_MC, 'São Tomé',0,44, PCV,1.77,0.26,1,2,2524,0,0,0,0,0,0,-1
High, UVP_assignments_GNI_2_MC, 'São Tomé',0,45, PCV,1.77,0.26,1,2,2524,0,0,0,0,0,0,-1
High, UVP_assignments_GNI_2_MC, 'São Tomé',0,46, PCV,2.01,0.26,1,2,2524,0,0,0,0,0,0,-1
High, UVP_assignments_GNI_2_MC, 'São Tomé',0,47, PCV,1.57,0.21,1,2,2524,0,0,0,0,0,0,-1
High, UVP_assignments_GNI_2_MC, 'São Tomé',0,48, PCV,-0.37,-0.06,1,2,2524,0,0,0,0,0,0,-1
High, UVP_assignments_GNI_2_MC, 'São Tomé',0,49, Rota,-0.11,-0.06,1,2,2524,0,0,0,0,0,0,-1
High, UVP_assignments_GNI_2_MC, 'São Tomé',0,50, Rota,-0.07,-0.03,1,2,2524,0,0,0,0,0,0,-1
High, UVP_assignments_GNI_2_MC, 'São Tomé',0,51, Rota,1.37,0.26,1,2,2524,0,0,0,0,0,0,-1
High, UVP_assignments_GNI_2_MC, 'São Tomé',0,52, Td,0.06,0.26,1,2,2524,0,0,0,0,0,0,-1
High, UVP_assignments_GNI_2_MC, 'São Tomé',0,53, Td,0.06,0.26,1,2,2524,0,0,0,0,0,0,-1
High, UVP_assignments_GNI_2_MC, 'São Tomé',0,54, Td,0,0,1,2,2524,0,0,0,0,0,0,-1
High, UVP_assignments_GNI_2_MC, 'São Tomé',0,55, Td,0.08,0.26,1,2,2524,0,0,0,0,0,0,-1
High, UVP_assignments_GNI_2_MC, 'São Tomé',0,56, Td,0.06,0.26,1,2,2524,0,0,0,0,0,0,-1
High, UVP_assignments_GNI_2_MC, 'São Tomé',0,57, Td,0.06,0.26,1,2,2524,0,0,0,0,0,0,-1
High, UVP_assignments_GNI_2_MC, 'São Tomé',0,58, Td,0.05,0.26,1,2,2524,0,0,0,0,0,0,-1
High, UVP_assignments_GNI_2_MC, 'São Tomé',0,59, YF,0.74,0.26,1,2,2524,0,0,0,0,0,0,-1
High, UVP_assignments_GNI_2_MC, 'São Tomé',0,60, YF,0.56,0.26,1,2,2524,0,0,0,0,0,0,-1
High, UVP_assignments_GNI_2_MC, 'São Tomé',0,61, YF,0.84,0.26,1,2,2524,0,0,0,0,0,0,-1
High, UVP_assignments_GNI_2_MC, 'São Tomé',0,62, YF,0.56,0.26,1,2,2524,0,0,0,0,0,0,-1
High, UVP_assignments_GNI_2_MC, Tajikistan,0,1, BCG,0,0,2,2,890,0,0,0,0,0,0,-1
High, UVP_assignments_GNI_2_MC, Tajikistan,0,2, BCG,0.02,0.12,2,2,890,0,0,0,0,0,0,-1
High, UVP_assignments_GNI_2_MC, Tajikistan,0,3, BCG,0,0,2,2,890,0,0,0,0,0,0,-1
High, UVP_assignments_GNI_2_MC, Tajikistan,0,4, BCG,0.05,0.22,2,2,890,0,0,0,0,0,0,-1
High, UVP_assignments_GNI_2_MC, Tajikistan,0,5, DT,-0.01,-0.09,2,2,890,0,0,0,0,0,0,-1
High, UVP_assignments_GNI_2_MC, Tajikistan,0,6, DT,0,0.03,2,2,890,0,0,0,0,0,0,-1
High, UVP_assignments_GNI_2_MC, Tajikistan,0,7, DTP,0,0,2,2,890,0,0,0,0,0,0,-1
High, UVP_assignments_GNI_2_MC, Tajikistan,0,8, DTP,0.03,0.18,2,2,890,0,0,0,0,0,0,-1
High, UVP_assignments_GNI_2_MC, Tajikistan,0,9, DTP-HepB-Hib,0,0,2,2,890,0,0,0,0,0,0,-1
High, UVP_assignments_GNI_2_MC, Tajikistan,0,10, DTP-HepB-Hib,0.01,0.01,2,2,890,0,0,0,0,0,0,-1
High, UVP_assignments_GNI_2_MC, Tajikistan,0,11, DTP-HepB-Hib,0.01,0.01,2,2,890,0,0,0,0,0,0,-1
High, UVP_assignments_GNI_2_MC, Tajikistan,0,12, DTP-HepB-Hib,0,0,2,2,890,0,0,0,0,0,0,-1
High, UVP_assignments_GNI_2_MC, Tajikistan,0,13, DTP-HepB-Hib,0,0,2,2,890,0,0,0,0,0,0,-1
High, UVP_assignments_GNI_2_MC, Tajikistan,0,14, DTP-HepB-Hib,-0.02,-0.03,2,2,890,0,0,0,0,0,0,-1
High, UVP_assignments_GNI_2_MC, Tajikistan,0,15, DTP-HepB-Hib,0,0,2,2,890,0,0,0,0,0,0,-1
High, UVP_assignments_GNI_2_MC, Tajikistan,0,16, DTP-HepB-Hib,0,0,2,2,890,0,0,0,0,0,0,-1
High, UVP_assignments_GNI_2_MC, Tajikistan,0,17, HPV,2.51,0.69,2,2,890,0,0,0,0,0,0,-1
High, UVP_assignments_GNI_2_MC, Tajikistan,0,18, HPV,-0.33,-0.09,2,2,890,0,0,0,0,0,0,-1
High, UVP_assignments_GNI_2_MC, Tajikistan,0,19, HepB,0,0,2,2,890,0,0,0,0,0,0,-1
High, UVP_assignments_GNI_2_MC, Tajikistan,0,20, HepB,-0.02,-0.03,2,2,890,0,0,0,0,0,0,-1
High, UVP_assignments_GNI_2_MC, Tajikistan,0,21, HepB,0,0,2,2,890,0,0,0,0,0,0,-1
High, UVP_assignments_GNI_2_MC, Tajikistan,0,22, HepB,-0.01,-0.03,2,2,890,0,0,0,0,0,0,-1
High, UVP_assignments_GNI_2_MC, Tajikistan,0,23, Hib,0.02,0.01,2,2,890,0,0,0,0,0,0,-1
High, UVP_assignments_GNI_2_MC, Tajikistan,0,24, IPV,0,0,2,2,890,0,0,0,0,0,0,-1
High, UVP_assignments_GNI_2_MC, Tajikistan,0,25, IPV,0.02,0.01,2,2,890,0,0,0,0,0,0,-1
High, UVP_assignments_GNI_2_MC, Tajikistan,0,26, IPV,0.79,0.32,2,2,890,0,0,0,0,0,0,-1
High, UVP_assignments_GNI_2_MC, Tajikistan,0,27, IPV,0.25,0.18,2,2,890,0,0,0,0,0,0,-1
High, UVP_assignments_GNI_2_MC, Tajikistan,0,28, IPV,0,0,2,2,890,0,0,0,0,0,0,-1
High, UVP_assignments_GNI_2_MC, Tajikistan,0,29, IPV,0.41,0.18,2,2,890,0,0,0,0,0,0,-1
High, UVP_assignments_GNI_2_MC, Tajikistan,0,30, MMR,-0.11,-0.09,2,2,890,0,0,0,0,0,0,-1
High, UVP_assignments_GNI_2_MC, Tajikistan,0,31, MMR,0.17,0.05,2,2,890,0,0,0,0,0,0,-1
High, UVP_assignments_GNI_2_MC, Tajikistan,0,32, MMR,0.81,0.35,2,2,890,0,0,0,0,0,0,-1
High, UVP_assignments_GNI_2_MC, Tajikistan,0,33, MMR,0.09,0.08,2,2,890,0,0,0,0,0,0,-1
High, UVP_assignments_GNI_2_MC, Tajikistan,0,34, OPV,-0.01,-0.09,2,2,890,0,0,0,0,0,0,-1
High, UVP_assignments_GNI_2_MC, Tajikistan,0,35, OPV,-0.01,-0.09,2,2,890,0,0,0,0,0,0,-1
High, UVP_assignments_GNI_2_MC, Tajikistan,0,36, OPV,-0.01,-0.05,2,2,890,0,0,0,0,0,0,-1
High, UVP_assignments_GNI_2_MC, Tajikistan,0,37, OPV,-0.01,-0.05,2,2,890,0,0,0,0,0,0,-1
High, UVP_assignments_GNI_2_MC, Tajikistan,0,38, OPV,-0.01,-0.05,2,2,890,0,0,0,0,0,0,-1
High, UVP_assignments_GNI_2_MC, Tajikistan,0,39, OPV,0.03,0.31,2,2,890,0,0,0,0,0,0,-1
High, UVP_assignments_GNI_2_MC, Tajikistan,0,40, OPV,0.08,0.51,2,2,890,0,0,0,0,0,0,-1
High, UVP_assignments_GNI_2_MC, Tajikistan,0,41, OPV,-0.01,-0.09,2,2,890,0,0,0,0,0,0,-1
High, UVP_assignments_GNI_2_MC, Tajikistan,0,42, OPV,-0.01,-0.05,2,2,890,0,0,0,0,0,0,-1
High, UVP_assignments_GNI_2_MC, Tajikistan,0,43, PCV,-0.15,-0.07,2,2,890,0,0,0,0,0,0,-1
High, UVP_assignments_GNI_2_MC, Tajikistan,0,44, PCV,0.04,0.02,2,2,890,0,0,0,0,0,0,-1
High, UVP_assignments_GNI_2_MC, Tajikistan,0,45, PCV,0.04,0.02,2,2,890,0,0,0,0,0,0,-1
High, UVP_assignments_GNI_2_MC, Tajikistan,0,46, PCV,0.04,0.02,2,2,890,0,0,0,0,0,0,-1
High, UVP_assignments_GNI_2_MC, Tajikistan,0,47, PCV,0.08,0.03,2,2,890,0,0,0,0,0,0,-1
High, UVP_assignments_GNI_2_MC, Tajikistan,0,48, PCV,-0.15,-0.07,2,2,890,0,0,0,0,0,0,-1
High, UVP_assignments_GNI_2_MC, Tajikistan,0,49, Rota,-0.06,-0.09,2,2,890,0,0,0,0,0,0,-1
High, UVP_assignments_GNI_2_MC, Tajikistan,0,50, Rota,0.26,0.34,2,2,890,0,0,0,0,0,0,-1
High, UVP_assignments_GNI_2_MC, Tajikistan,0,51, Rota,0.17,0.09,2,2,890,0,0,0,0,0,0,-1
High, UVP_assignments_GNI_2_MC, Tajikistan,0,52, Td,0.06,0.63,2,2,890,0,0,0,0,0,0,-1
High, UVP_assignments_GNI_2_MC, Tajikistan,0,53, Td,0.06,0.63,2,2,890,0,0,0,0,0,0,-1
High, UVP_assignments_GNI_2_MC, Tajikistan,0,54, Td,0,0,2,2,890,0,0,0,0,0,0,-1
High, UVP_assignments_GNI_2_MC, Tajikistan,0,55, Td,0.01,0.07,2,2,890,0,0,0,0,0,0,-1
High, UVP_assignments_GNI_2_MC, Tajikistan,0,56, Td,0.01,0.07,2,2,890,0,0,0,0,0,0,-1
High, UVP_assignments_GNI_2_MC, Tajikistan,0,57, Td,0.01,0.11,2,2,890,0,0,0,0,0,0,-1
High, UVP_assignments_GNI_2_MC, Tajikistan,0,58, Td,0.01,0.11,2,2,890,0,0,0,0,0,0,-1
High, UVP_assignments_GNI_2_MC, Tajikistan,0,59, YF,0.01,0.01,2,2,890,0,0,0,0,0,0,-1
High, UVP_assignments_GNI_2_MC, Tajikistan,0,60, YF,0.01,0.01,2,2,890,0,0,0,0,0,0,-1
High, UVP_assignments_GNI_2_MC, Tajikistan,0,61, YF,0.79,0.69,2,2,890,0,0,0,0,0,0,-1
High, UVP_assignments_GNI_2_MC, Tajikistan,0,62, YF,0.01,0.01,2,2,890,0,0,0,0,0,0,-1
High, UVP_assignments_GNI_2_MC, Tanzania,0,1, BCG,0,0,2,2,1212,0,0,0,0,0,0,-1
High, UVP_assignments_GNI_2_MC, Tanzania,0,2, BCG,0.07,0.35,2,2,1212,0,0,0,0,0,0,-1
High, UVP_assignments_GNI_2_MC, Tanzania,0,3, BCG,0,0,2,2,1212,0,0,0,0,0,0,-1
High, UVP_assignments_GNI_2_MC, Tanzania,0,4, BCG,0.13,0.43,2,2,1212,0,0,0,0,0,0,-1
High, UVP_assignments_GNI_2_MC, Tanzania,0,5, DT,0.04,0.2,2,2,1212,0,0,0,0,0,0,-1
High, UVP_assignments_GNI_2_MC, Tanzania,0,6, DT,0.05,0.29,2,2,1212,0,0,0,0,0,0,-1
High, UVP_assignments_GNI_2_MC, Tanzania,0,7, DTP,0.05,0.27,2,2,1212,0,0,0,0,0,0,-1
High, UVP_assignments_GNI_2_MC, Tanzania,0,8, DTP,0.08,0.4,2,2,1212,0,0,0,0,0,0,-1
High, UVP_assignments_GNI_2_MC, Tanzania,0,9, DTP-HepB-Hib,0.23,0.27,2,2,1212,0,0,0,0,0,0,-1
High, UVP_assignments_GNI_2_MC, Tanzania,0,10, DTP-HepB-Hib,0.34,0.27,2,2,1212,0,0,0,0,0,0,-1
High, UVP_assignments_GNI_2_MC, Tanzania,0,11, DTP-HepB-Hib,0.31,0.27,2,2,1212,0,0,0,0,0,0,-1
High, UVP_assignments_GNI_2_MC, Tanzania,0,12, DTP-HepB-Hib,0.34,0.27,2,2,1212,0,0,0,0,0,0,-1
High, UVP_assignments_GNI_2_MC, Tanzania,0,13, DTP-HepB-Hib,0.33,0.27,2,2,1212,0,0,0,0,0,0,-1
High, UVP_assignments_GNI_2_MC, Tanzania,0,14, DTP-HepB-Hib,0.21,0.24,2,2,1212,0,0,0,0,0,0,-1
High, UVP_assignments_GNI_2_MC, Tanzania,0,15, DTP-HepB-Hib,0.22,0.27,2,2,1212,0,0,0,0,0,0,-1
High, UVP_assignments_GNI_2_MC, Tanzania,0,16, DTP-HepB-Hib,0.23,0.27,2,2,1212,0,0,0,0,0,0,-1
High, UVP_assignments_GNI_2_MC, Tanzania,0,17, HPV,3.82,0.77,2,2,1212,0,0,0,0,0,0,-1
High, UVP_assignments_GNI_2_MC, Tanzania,0,18, HPV,0.96,0.2,2,2,1212,0,0,0,0,0,0,-1
High, UVP_assignments_GNI_2_MC, Tanzania,0,19, HepB,0.14,0.27,2,2,1212,0,0,0,0,0,0,-1
High, UVP_assignments_GNI_2_MC, Tanzania,0,20, HepB,0.16,0.24,2,2,1212,0,0,0,0,0,0,-1
High, UVP_assignments_GNI_2_MC, Tanzania,0,21, HepB,0.07,0.27,2,2,1212,0,0,0,0,0,0,-1
High, UVP_assignments_GNI_2_MC, Tanzania,0,22, HepB,0.07,0.24,2,2,1212,0,0,0,0,0,0,-1
High, UVP_assignments_GNI_2_MC, Tanzania,0,23, Hib,0.63,0.27,2,2,1212,0,0,0,0,0,0,-1
High, UVP_assignments_GNI_2_MC, Tanzania,0,24, IPV,0,0,2,2,1212,0,0,0,0,0,0,-1
High, UVP_assignments_GNI_2_MC, Tanzania,0,25, IPV,0.72,0.27,2,2,1212,0,0,0,0,0,0,-1
High, UVP_assignments_GNI_2_MC, Tanzania,0,26, IPV,1.68,0.5,2,2,1212,0,0,0,0,0,0,-1
High, UVP_assignments_GNI_2_MC, Tanzania,0,27, IPV,0.75,0.4,2,2,1212,0,0,0,0,0,0,-1
High, UVP_assignments_GNI_2_MC, Tanzania,0,28, IPV,0,0,2,2,1212,0,0,0,0,0,0,-1
High, UVP_assignments_GNI_2_MC, Tanzania,0,29, IPV,1.21,0.4,2,2,1212,0,0,0,0,0,0,-1
High, UVP_assignments_GNI_2_MC, Tanzania,0,30, MMR,0.3,0.2,2,2,1212,0,0,0,0,0,0,-1
High, UVP_assignments_GNI_2_MC, Tanzania,0,31, MMR,1.45,0.3,2,2,1212,0,0,0,0,0,0,-1
High, UVP_assignments_GNI_2_MC, Tanzania,0,32, MMR,1.66,0.52,2,2,1212,0,0,0,0,0,0,-1
High, UVP_assignments_GNI_2_MC, Tanzania,0,33, MMR,0.51,0.32,2,2,1212,0,0,0,0,0,0,-1
High, UVP_assignments_GNI_2_MC, Tanzania,0,34, OPV,0.04,0.2,2,2,1212,0,0,0,0,0,0,-1
High, UVP_assignments_GNI_2_MC, Tanzania,0,35, OPV,0.02,0.2,2,2,1212,0,0,0,0,0,0,-1
High, UVP_assignments_GNI_2_MC, Tanzania,0,36, OPV,0.03,0.23,2,2,1212,0,0,0,0,0,0,-1
High, UVP_assignments_GNI_2_MC, Tanzania,0,37, OPV,0.03,0.23,2,2,1212,0,0,0,0,0,0,-1
High, UVP_assignments_GNI_2_MC, Tanzania,0,38, OPV,0.03,0.23,2,2,1212,0,0,0,0,0,0,-1
High, UVP_assignments_GNI_2_MC, Tanzania,0,39, OPV,0.07,0.49,2,2,1212,0,0,0,0,0,0,-1
High, UVP_assignments_GNI_2_MC, Tanzania,0,40, OPV,0.13,0.64,2,2,1212,0,0,0,0,0,0,-1
High, UVP_assignments_GNI_2_MC, Tanzania,0,41, OPV,0.03,0.2,2,2,1212,0,0,0,0,0,0,-1
High, UVP_assignments_GNI_2_MC, Tanzania,0,42, OPV,0.04,0.23,2,2,1212,0,0,0,0,0,0,-1
High, UVP_assignments_GNI_2_MC, Tanzania,0,43, PCV,0.67,0.22,2,2,1212,0,0,0,0,0,0,-1
High, UVP_assignments_GNI_2_MC, Tanzania,0,44, PCV,0.91,0.28,2,2,1212,0,0,0,0,0,0,-1
High, UVP_assignments_GNI_2_MC, Tanzania,0,45, PCV,0.91,0.28,2,2,1212,0,0,0,0,0,0,-1
High, UVP_assignments_GNI_2_MC, Tanzania,0,46, PCV,1.03,0.28,2,2,1212,0,0,0,0,0,0,-1
High, UVP_assignments_GNI_2_MC, Tanzania,0,47, PCV,1.02,0.29,2,2,1212,0,0,0,0,0,0,-1
High, UVP_assignments_GNI_2_MC, Tanzania,0,48, PCV,0.67,0.22,2,2,1212,0,0,0,0,0,0,-1
High, UVP_assignments_GNI_2_MC, Tanzania,0,49, Rota,0.18,0.2,2,2,1212,0,0,0,0,0,0,-1
High, UVP_assignments_GNI_2_MC, Tanzania,0,50, Rota,0.53,0.52,2,2,1212,0,0,0,0,0,0,-1
High, UVP_assignments_GNI_2_MC, Tanzania,0,51, Rota,0.84,0.33,2,2,1212,0,0,0,0,0,0,-1
High, UVP_assignments_GNI_2_MC, Tanzania,0,52, Td,0.09,0.73,2,2,1212,0,0,0,0,0,0,-1
High, UVP_assignments_GNI_2_MC, Tanzania,0,53, Td,0.09,0.73,2,2,1212,0,0,0,0,0,0,-1
High, UVP_assignments_GNI_2_MC, Tanzania,0,54, Td,0,0,2,2,1212,0,0,0,0,0,0,-1
High, UVP_assignments_GNI_2_MC, Tanzania,0,55, Td,0.05,0.31,2,2,1212,0,0,0,0,0,0,-1
High, UVP_assignments_GNI_2_MC, Tanzania,0,56, Td,0.03,0.31,2,2,1212,0,0,0,0,0,0,-1
High, UVP_assignments_GNI_2_MC, Tanzania,0,57, Td,0.04,0.35,2,2,1212,0,0,0,0,0,0,-1
High, UVP_assignments_GNI_2_MC, Tanzania,0,58, Td,0.03,0.35,2,2,1212,0,0,0,0,0,0,-1
High, UVP_assignments_GNI_2_MC, Tanzania,0,59, YF,0.38,0.27,2,2,1212,0,0,0,0,0,0,-1
High, UVP_assignments_GNI_2_MC, Tanzania,0,60, YF,0.28,0.27,2,2,1212,0,0,0,0,0,0,-1
High, UVP_assignments_GNI_2_MC, Tanzania,0,61, YF,1.2,0.77,2,2,1212,0,0,0,0,0,0,-1
High, UVP_assignments_GNI_2_MC, Tanzania,0,62, YF,0.28,0.27,2,2,1212,0,0,0,0,0,0,-1
High, UVP_assignments_GNI_2_MC, Togo,0,1, BCG,0,0,2,2,1076,0,0,0,0,0,0,-1
High, UVP_assignments_GNI_2_MC, Togo,0,2, BCG,0.05,0.27,2,2,1076,0,0,0,0,0,0,-1
High, UVP_assignments_GNI_2_MC, Togo,0,3, BCG,0,0,2,2,1076,0,0,0,0,0,0,-1
High, UVP_assignments_GNI_2_MC, Togo,0,4, BCG,0.09,0.35,2,2,1076,0,0,0,0,0,0,-1
High, UVP_assignments_GNI_2_MC, Togo,0,5, DT,0.02,0.09,2,2,1076,0,0,0,0,0,0,-1
High, UVP_assignments_GNI_2_MC, Togo,0,6, DT,0.03,0.2,2,2,1076,0,0,0,0,0,0,-1
High, UVP_assignments_GNI_2_MC, Togo,0,7, DTP,0.03,0.18,2,2,1076,0,0,0,0,0,0,-1
High, UVP_assignments_GNI_2_MC, Togo,0,8, DTP,0.06,0.32,2,2,1076,0,0,0,0,0,0,-1
High, UVP_assignments_GNI_2_MC, Togo,0,9, DTP-HepB-Hib,0.13,0.18,2,2,1076,0,0,0,0,0,0,-1
High, UVP_assignments_GNI_2_MC, Togo,0,10, DTP-HepB-Hib,0.2,0.18,2,2,1076,0,0,0,0,0,0,-1
High, UVP_assignments_GNI_2_MC, Togo,0,11, DTP-HepB-Hib,0.18,0.18,2,2,1076,0,0,0,0,0,0,-1
High, UVP_assignments_GNI_2_MC, Togo,0,12, DTP-HepB-Hib,0.2,0.18,2,2,1076,0,0,0,0,0,0,-1
High, UVP_assignments_GNI_2_MC, Togo,0,13, DTP-HepB-Hib,0.19,0.18,2,2,1076,0,0,0,0,0,0,-1
High, UVP_assignments_GNI_2_MC, Togo,0,14, DTP-HepB-Hib,0.11,0.15,2,2,1076,0,0,0,0,0,0,-1
High, UVP_assignments_GNI_2_MC, Togo,0,15, DTP-HepB-Hib,0.13,0.18,2,2,1076,0,0,0,0,0,0,-1
High, UVP_assignments_GNI_2_MC, Togo,0,16, DTP-HepB-Hib,0.13,0.18,2,2,1076,0,0,0,0,0,0,-1
High, UVP_assignments_GNI_2_MC, Togo,0,17, HPV,3.27,0.74,2,2,1076,0,0,0,0,0,0,-1
High, UVP_assignments_GNI_2_MC, Togo,0,18, HPV,0.41,0.1,2,2,1076,0,0,0,0,0,0,-1
High, UVP_assignments_GNI_2_MC, Togo,0,19, HepB,0.08,0.18,2,2,1076,0,0,0,0,0,0,-1
High, UVP_assignments_GNI_2_MC, Togo,0,20, HepB,0.08,0.15,2,2,1076,0,0,0,0,0,0,-1
High, UVP_assignments_GNI_2_MC, Togo,0,21, HepB,0.04,0.18,2,2,1076,0,0,0,0,0,0,-1
High, UVP_assignments_GNI_2_MC, Togo,0,22, HepB,0.03,0.15,2,2,1076,0,0,0,0,0,0,-1
High, UVP_assignments_GNI_2_MC, Togo,0,23, Hib,0.37,0.18,2,2,1076,0,0,0,0,0,0,-1
High, UVP_assignments_GNI_2_MC, Togo,0,24, IPV,0,0,2,2,1076,0,0,0,0,0,0,-1
High, UVP_assignments_GNI_2_MC, Togo,0,25, IPV,0.42,0.18,2,2,1076,0,0,0,0,0,0,-1
High, UVP_assignments_GNI_2_MC, Togo,0,26, IPV,1.3,0.44,2,2,1076,0,0,0,0,0,0,-1
High, UVP_assignments_GNI_2_MC, Togo,0,27, IPV,0.54,0.32,2,2,1076,0,0,0,0,0,0,-1
High, UVP_assignments_GNI_2_MC, Togo,0,28, IPV,0,0,2,2,1076,0,0,0,0,0,0,-1
High, UVP_assignments_GNI_2_MC, Togo,0,29, IPV,0.87,0.32,2,2,1076,0,0,0,0,0,0,-1
High, UVP_assignments_GNI_2_MC, Togo,0,30, MMR,0.13,0.09,2,2,1076,0,0,0,0,0,0,-1
High, UVP_assignments_GNI_2_MC, Togo,0,31, MMR,0.91,0.21,2,2,1076,0,0,0,0,0,0,-1
High, UVP_assignments_GNI_2_MC, Togo,0,32, MMR,1.3,0.46,2,2,1076,0,0,0,0,0,0,-1
High, UVP_assignments_GNI_2_MC, Togo,0,33, MMR,0.33,0.24,2,2,1076,0,0,0,0,0,0,-1
High, UVP_assignments_GNI_2_MC, Togo,0,34, OPV,0.02,0.1,2,2,1076,0,0,0,0,0,0,-1
High, UVP_assignments_GNI_2_MC, Togo,0,35, OPV,0.01,0.1,2,2,1076,0,0,0,0,0,0,-1
High, UVP_assignments_GNI_2_MC, Togo,0,36, OPV,0.02,0.13,2,2,1076,0,0,0,0,0,0,-1
High, UVP_assignments_GNI_2_MC, Togo,0,37, OPV,0.02,0.13,2,2,1076,0,0,0,0,0,0,-1
High, UVP_assignments_GNI_2_MC, Togo,0,38, OPV,0.01,0.13,2,2,1076,0,0,0,0,0,0,-1
High, UVP_assignments_GNI_2_MC, Togo,0,39, OPV,0.05,0.43,2,2,1076,0,0,0,0,0,0,-1
High, UVP_assignments_GNI_2_MC, Togo,0,40, OPV,0.11,0.6,2,2,1076,0,0,0,0,0,0,-1
High, UVP_assignments_GNI_2_MC, Togo,0,41, OPV,0.01,0.1,2,2,1076,0,0,0,0,0,0,-1
High, UVP_assignments_GNI_2_MC, Togo,0,42, OPV,0.02,0.13,2,2,1076,0,0,0,0,0,0,-1
High, UVP_assignments_GNI_2_MC, Togo,0,43, PCV,0.32,0.12,2,2,1076,0,0,0,0,0,0,-1
High, UVP_assignments_GNI_2_MC, Togo,0,44, PCV,0.54,0.19,2,2,1076,0,0,0,0,0,0,-1
High, UVP_assignments_GNI_2_MC, Togo,0,45, PCV,0.54,0.19,2,2,1076,0,0,0,0,0,0,-1
High, UVP_assignments_GNI_2_MC, Togo,0,46, PCV,0.61,0.19,2,2,1076,0,0,0,0,0,0,-1
High, UVP_assignments_GNI_2_MC, Togo,0,47, PCV,0.62,0.2,2,2,1076,0,0,0,0,0,0,-1
High, UVP_assignments_GNI_2_MC, Togo,0,48, PCV,0.32,0.12,2,2,1076,0,0,0,0,0,0,-1
High, UVP_assignments_GNI_2_MC, Togo,0,49, Rota,0.08,0.1,2,2,1076,0,0,0,0,0,0,-1
High, UVP_assignments_GNI_2_MC, Togo,0,50, Rota,0.42,0.46,2,2,1076,0,0,0,0,0,0,-1
High, UVP_assignments_GNI_2_MC, Togo,0,51, Rota,0.56,0.25,2,2,1076,0,0,0,0,0,0,-1
High, UVP_assignments_GNI_2_MC, Togo,0,52, Td,0.07,0.7,2,2,1076,0,0,0,0,0,0,-1
High, UVP_assignments_GNI_2_MC, Togo,0,53, Td,0.07,0.7,2,2,1076,0,0,0,0,0,0,-1
High, UVP_assignments_GNI_2_MC, Togo,0,54, Td,0,0,2,2,1076,0,0,0,0,0,0,-1
High, UVP_assignments_GNI_2_MC, Togo,0,55, Td,0.03,0.23,2,2,1076,0,0,0,0,0,0,-1
High, UVP_assignments_GNI_2_MC, Togo,0,56, Td,0.02,0.23,2,2,1076,0,0,0,0,0,0,-1
High, UVP_assignments_GNI_2_MC, Togo,0,57, Td,0.03,0.26,2,2,1076,0,0,0,0,0,0,-1
High, UVP_assignments_GNI_2_MC, Togo,0,58, Td,0.02,0.26,2,2,1076,0,0,0,0,0,0,-1
High, UVP_assignments_GNI_2_MC, Togo,0,59, YF,0.22,0.18,2,2,1076,0,0,0,0,0,0,-1
High, UVP_assignments_GNI_2_MC, Togo,0,60, YF,0.17,0.18,2,2,1076,0,0,0,0,0,0,-1
High, UVP_assignments_GNI_2_MC, Togo,0,61, YF,1.02,0.74,2,2,1076,0,0,0,0,0,0,-1
High, UVP_assignments_GNI_2_MC, Togo,0,62, YF,0.17,0.18,2,2,1076,0,0,0,0,0,0,-1
High, UVP_assignments_GNI_2_MC, Uganda,0,1, BCG,0,0,2,2,1075,0,0,0,0,0,0,-1
High, UVP_assignments_GNI_2_MC, Uganda,0,2, BCG,0.05,0.27,2,2,1075,0,0,0,0,0,0,-1
High, UVP_assignments_GNI_2_MC, Uganda,0,3, BCG,0,0,2,2,1075,0,0,0,0,0,0,-1
High, UVP_assignments_GNI_2_MC, Uganda,0,4, BCG,0.09,0.35,2,2,1075,0,0,0,0,0,0,-1
High, UVP_assignments_GNI_2_MC, Uganda,0,5, DT,0.02,0.09,2,2,1075,0,0,0,0,0,0,-1
High, UVP_assignments_GNI_2_MC, Uganda,0,6, DT,0.03,0.2,2,2,1075,0,0,0,0,0,0,-1
High, UVP_assignments_GNI_2_MC, Uganda,0,7, DTP,0.03,0.18,2,2,1075,0,0,0,0,0,0,-1
High, UVP_assignments_GNI_2_MC, Uganda,0,8, DTP,0.06,0.32,2,2,1075,0,0,0,0,0,0,-1
High, UVP_assignments_GNI_2_MC, Uganda,0,9, DTP-HepB-Hib,0.13,0.18,2,2,1075,0,0,0,0,0,0,-1
High, UVP_assignments_GNI_2_MC, Uganda,0,10, DTP-HepB-Hib,0.2,0.18,2,2,1075,0,0,0,0,0,0,-1
High, UVP_assignments_GNI_2_MC, Uganda,0,11, DTP-HepB-Hib,0.18,0.18,2,2,1075,0,0,0,0,0,0,-1
High, UVP_assignments_GNI_2_MC, Uganda,0,12, DTP-HepB-Hib,0.2,0.18,2,2,1075,0,0,0,0,0,0,-1
High, UVP_assignments_GNI_2_MC, Uganda,0,13, DTP-HepB-Hib,0.19,0.18,2,2,1075,0,0,0,0,0,0,-1
High, UVP_assignments_GNI_2_MC, Uganda,0,14, DTP-HepB-Hib,0.11,0.15,2,2,1075,0,0,0,0,0,0,-1
High, UVP_assignments_GNI_2_MC, Uganda,0,15, DTP-HepB-Hib,0.13,0.18,2,2,1075,0,0,0,0,0,0,-1
High, UVP_assignments_GNI_2_MC, Uganda,0,16, DTP-HepB-Hib,0.13,0.18,2,2,1075,0,0,0,0,0,0,-1
High, UVP_assignments_GNI_2_MC, Uganda,0,17, HPV,3.26,0.74,2,2,1075,0,0,0,0,0,0,-1
High, UVP_assignments_GNI_2_MC, Uganda,0,18, HPV,0.41,0.09,2,2,1075,0,0,0,0,0,0,-1
High, UVP_assignments_GNI_2_MC, Uganda,0,19, HepB,0.08,0.18,2,2,1075,0,0,0,0,0,0,-1
High, UVP_assignments_GNI_2_MC, Uganda,0,20, HepB,0.08,0.15,2,2,1075,0,0,0,0,0,0,-1
High, UVP_assignments_GNI_2_MC, Uganda,0,21, HepB,0.04,0.18,2,2,1075,0,0,0,0,0,0,-1
High, UVP_assignments_GNI_2_MC, Uganda,0,22, HepB,0.03,0.15,2,2,1075,0,0,0,0,0,0,-1
High, UVP_assignments_GNI_2_MC, Uganda,0,23, Hib,0.37,0.18,2,2,1075,0,0,0,0,0,0,-1
High, UVP_assignments_GNI_2_MC, Uganda,0,24, IPV,0,0,2,2,1075,0,0,0,0,0,0,-1
High, UVP_assignments_GNI_2_MC, Uganda,0,25, IPV,0.42,0.18,2,2,1075,0,0,0,0,0,0,-1
High, UVP_assignments_GNI_2_MC, Uganda,0,26, IPV,1.3,0.44,2,2,1075,0,0,0,0,0,0,-1
High, UVP_assignments_GNI_2_MC, Uganda,0,27, IPV,0.54,0.32,2,2,1075,0,0,0,0,0,0,-1
High, UVP_assignments_GNI_2_MC, Uganda,0,28, IPV,0,0,2,2,1075,0,0,0,0,0,0,-1
High, UVP_assignments_GNI_2_MC, Uganda,0,29, IPV,0.87,0.32,2,2,1075,0,0,0,0,0,0,-1
High, UVP_assignments_GNI_2_MC, Uganda,0,30, MMR,0.13,0.09,2,2,1075,0,0,0,0,0,0,-1
High, UVP_assignments_GNI_2_MC, Uganda,0,31, MMR,0.9,0.21,2,2,1075,0,0,0,0,0,0,-1
High, UVP_assignments_GNI_2_MC, Uganda,0,32, MMR,1.3,0.46,2,2,1075,0,0,0,0,0,0,-1
High, UVP_assignments_GNI_2_MC, Uganda,0,33, MMR,0.33,0.24,2,2,1075,0,0,0,0,0,0,-1
High, UVP_assignments_GNI_2_MC, Uganda,0,34, OPV,0.02,0.09,2,2,1075,0,0,0,0,0,0,-1
High, UVP_assignments_GNI_2_MC, Uganda,0,35, OPV,0.01,0.09,2,2,1075,0,0,0,0,0,0,-1
High, UVP_assignments_GNI_2_MC, Uganda,0,36, OPV,0.02,0.13,2,2,1075,0,0,0,0,0,0,-1
High, UVP_assignments_GNI_2_MC, Uganda,0,37, OPV,0.02,0.13,2,2,1075,0,0,0,0,0,0,-1
High, UVP_assignments_GNI_2_MC, Uganda,0,38, OPV,0.01,0.13,2,2,1075,0,0,0,0,0,0,-1
High, UVP_assignments_GNI_2_MC, Uganda,0,39, OPV,0.05,0.43,2,2,1075,0,0,0,0,0,0,-1
High, UVP_assignments_GNI_2_MC, Uganda,0,40, OPV,0.11,0.6,2,2,1075,0,0,0,0,0,0,-1
High, UVP_assignments_GNI_2_MC, Uganda,0,41, OPV,0.01,0.09,2,2,1075,0,0,0,0,0,0,-1
High, UVP_assignments_GNI_2_MC, Uganda,0,42, OPV,0.02,0.13,2,2,1075,0,0,0,0,0,0,-1
High, UVP_assignments_GNI_2_MC, Uganda,0,43, PCV,0.32,0.12,2,2,1075,0,0,0,0,0,0,-1
High, UVP_assignments_GNI_2_MC, Uganda,0,44, PCV,0.54,0.18,2,2,1075,0,0,0,0,0,0,-1
High, UVP_assignments_GNI_2_MC, Uganda,0,45, PCV,0.54,0.18,2,2,1075,0,0,0,0,0,0,-1
High, UVP_assignments_GNI_2_MC, Uganda,0,46, PCV,0.61,0.18,2,2,1075,0,0,0,0,0,0,-1
High, UVP_assignments_GNI_2_MC, Uganda,0,47, PCV,0.62,0.2,2,2,1075,0,0,0,0,0,0,-1
High, UVP_assignments_GNI_2_MC, Uganda,0,48, PCV,0.32,0.12,2,2,1075,0,0,0,0,0,0,-1
High, UVP_assignments_GNI_2_MC, Uganda,0,49, Rota,0.08,0.1,2,2,1075,0,0,0,0,0,0,-1
High, UVP_assignments_GNI_2_MC, Uganda,0,50, Rota,0.41,0.46,2,2,1075,0,0,0,0,0,0,-1
High, UVP_assignments_GNI_2_MC, Uganda,0,51, Rota,0.56,0.25,2,2,1075,0,0,0,0,0,0,-1
High, UVP_assignments_GNI_2_MC, Uganda,0,52, Td,0.07,0.7,2,2,1075,0,0,0,0,0,0,-1
High, UVP_assignments_GNI_2_MC, Uganda,0,53, Td,0.07,0.7,2,2,1075,0,0,0,0,0,0,-1
High, UVP_assignments_GNI_2_MC, Uganda,0,54, Td,0,0,2,2,1075,0,0,0,0,0,0,-1
High, UVP_assignments_GNI_2_MC, Uganda,0,55, Td,0.03,0.23,2,2,1075,0,0,0,0,0,0,-1
High, UVP_assignments_GNI_2_MC, Uganda,0,56, Td,0.02,0.23,2,2,1075,0,0,0,0,0,0,-1
High, UVP_assignments_GNI_2_MC, Uganda,0,57, Td,0.03,0.26,2,2,1075,0,0,0,0,0,0,-1
High, UVP_assignments_GNI_2_MC, Uganda,0,58, Td,0.02,0.26,2,2,1075,0,0,0,0,0,0,-1
High, UVP_assignments_GNI_2_MC, Uganda,0,59, YF,0.22,0.18,2,2,1075,0,0,0,0,0,0,-1
High, UVP_assignments_GNI_2_MC, Uganda,0,60, YF,0.17,0.18,2,2,1075,0,0,0,0,0,0,-1
High, UVP_assignments_GNI_2_MC, Uganda,0,61, YF,1.02,0.74,2,2,1075,0,0,0,0,0,0,-1
High, UVP_assignments_GNI_2_MC, Uganda,0,62, YF,0.17,0.18,2,2,1075,0,0,0,0,0,0,-1
High, UVP_assignments_GNI_2_MC, Yemen,0,1, BCG,0,0,2,2,587,0,0,0,0,0,0,-1
High, UVP_assignments_GNI_2_MC, Yemen,0,2, BCG,-0.03,-0.34,2,2,587,0,0,0,0,0,0,-1
High, UVP_assignments_GNI_2_MC, Yemen,0,3, BCG,0,0,2,2,587,0,0,0,0,0,0,-1
High, UVP_assignments_GNI_2_MC, Yemen,0,4, BCG,-0.03,-0.19,2,2,587,0,0,0,0,0,0,-1
High, UVP_assignments_GNI_2_MC, Yemen,0,5, DT,-0.06,-0.66,2,2,587,0,0,0,0,0,0,-1
High, UVP_assignments_GNI_2_MC, Yemen,0,6, DT,-0.04,-0.46,2,2,587,0,0,0,0,0,0,-1
High, UVP_assignments_GNI_2_MC, Yemen,0,7, DTP,-0.05,-0.51,2,2,587,0,0,0,0,0,0,-1
High, UVP_assignments_GNI_2_MC, Yemen,0,8, DTP,-0.02,-0.24,2,2,587,0,0,0,0,0,0,-1
High, UVP_assignments_GNI_2_MC, Yemen,0,9, DTP-HepB-Hib,-0.21,-0.51,2,2,587,0,0,0,0,0,0,-1
High, UVP_assignments_GNI_2_MC, Yemen,0,10, DTP-HepB-Hib,-0.3,-0.5,2,2,587,0,0,0,0,0,0,-1
High, UVP_assignments_GNI_2_MC, Yemen,0,11, DTP-HepB-Hib,-0.28,-0.5,2,2,587,0,0,0,0,0,0,-1
High, UVP_assignments_GNI_2_MC, Yemen,0,12, DTP-HepB-Hib,-0.32,-0.51,2,2,587,0,0,0,0,0,0,-1
High, UVP_assignments_GNI_2_MC, Yemen,0,13, DTP-HepB-Hib,-0.3,-0.51,2,2,587,0,0,0,0,0,0,-1
High, UVP_assignments_GNI_2_MC, Yemen,0,14, DTP-HepB-Hib,-0.24,-0.56,2,2,587,0,0,0,0,0,0,-1
High, UVP_assignments_GNI_2_MC, Yemen,0,15, DTP-HepB-Hib,-0.2,-0.51,2,2,587,0,0,0,0,0,0,-1
High, UVP_assignments_GNI_2_MC, Yemen,0,16, DTP-HepB-Hib,-0.21,-0.51,2,2,587,0,0,0,0,0,0,-1
High, UVP_assignments_GNI_2_MC, Yemen,0,17, HPV,1.27,0.53,2,2,587,0,0,0,0,0,0,-1
High, UVP_assignments_GNI_2_MC, Yemen,0,18, HPV,-1.54,-0.66,2,2,587,0,0,0,0,0,0,-1
High, UVP_assignments_GNI_2_MC, Yemen,0,19, HepB,-0.13,-0.51,2,2,587,0,0,0,0,0,0,-1
High, UVP_assignments_GNI_2_MC, Yemen,0,20, HepB,-0.18,-0.56,2,2,587,0,0,0,0,0,0,-1
High, UVP_assignments_GNI_2_MC, Yemen,0,21, HepB,-0.06,-0.51,2,2,587,0,0,0,0,0,0,-1
High, UVP_assignments_GNI_2_MC, Yemen,0,22, HepB,-0.07,-0.56,2,2,587,0,0,0,0,0,0,-1
High, UVP_assignments_GNI_2_MC, Yemen,0,23, Hib,-0.56,-0.5,2,2,587,0,0,0,0,0,0,-1
High, UVP_assignments_GNI_2_MC, Yemen,0,24, IPV,0,0,2,2,587,0,0,0,0,0,0,-1
High, UVP_assignments_GNI_2_MC, Yemen,0,25, IPV,-0.64,-0.5,2,2,587,0,0,0,0,0,0,-1
High, UVP_assignments_GNI_2_MC, Yemen,0,26, IPV,-0.04,-0.03,2,2,587,0,0,0,0,0,0,-1
High, UVP_assignments_GNI_2_MC, Yemen,0,27, IPV,-0.22,-0.24,2,2,587,0,0,0,0,0,0,-1
High, UVP_assignments_GNI_2_MC, Yemen,0,28, IPV,0,0,2,2,587,0,0,0,0,0,0,-1
High, UVP_assignments_GNI_2_MC, Yemen,0,29, IPV,-0.35,-0.24,2,2,587,0,0,0,0,0,0,-1
High, UVP_assignments_GNI_2_MC, Yemen,0,30, MMR,-0.48,-0.66,2,2,587,0,0,0,0,0,0,-1
High, UVP_assignments_GNI_2_MC, Yemen,0,31, MMR,-1.03,-0.44,2,2,587,0,0,0,0,0,0,-1
High, UVP_assignments_GNI_2_MC, Yemen,0,32, MMR,0.02,0.01,2,2,587,0,0,0,0,0,0,-1
High, UVP_assignments_GNI_2_MC, Yemen,0,33, MMR,-0.3,-0.4,2,2,587,0,0,0,0,0,0,-1
High, UVP_assignments_GNI_2_MC, Yemen,0,34, OPV,-0.06,-0.66,2,2,587,0,0,0,0,0,0,-1
High, UVP_assignments_GNI_2_MC, Yemen,0,35, OPV,-0.03,-0.66,2,2,587,0,0,0,0,0,0,-1
High, UVP_assignments_GNI_2_MC, Yemen,0,36, OPV,-0.04,-0.59,2,2,587,0,0,0,0,0,0,-1
High, UVP_assignments_GNI_2_MC, Yemen,0,37, OPV,-0.04,-0.6,2,2,587,0,0,0,0,0,0,-1
High, UVP_assignments_GNI_2_MC, Yemen,0,38, OPV,-0.04,-0.6,2,2,587,0,0,0,0,0,0,-1
High, UVP_assignments_GNI_2_MC, Yemen,0,39, OPV,0,-0.05,2,2,587,0,0,0,0,0,0,-1
High, UVP_assignments_GNI_2_MC, Yemen,0,40, OPV,0.03,0.26,2,2,587,0,0,0,0,0,0,-1
High, UVP_assignments_GNI_2_MC, Yemen,0,41, OPV,-0.05,-0.66,2,2,587,0,0,0,0,0,0,-1
High, UVP_assignments_GNI_2_MC, Yemen,0,42, OPV,-0.05,-0.6,2,2,587,0,0,0,0,0,0,-1
High, UVP_assignments_GNI_2_MC, Yemen,0,43, PCV,-0.93,-0.62,2,2,587,0,0,0,0,0,0,-1
High, UVP_assignments_GNI_2_MC, Yemen,0,44, PCV,-0.78,-0.49,2,2,587,0,0,0,0,0,0,-1
High, UVP_assignments_GNI_2_MC, Yemen,0,45, PCV,-0.78,-0.49,2,2,587,0,0,0,0,0,0,-1
High, UVP_assignments_GNI_2_MC, Yemen,0,46, PCV,-0.89,-0.49,2,2,587,0,0,0,0,0,0,-1
High, UVP_assignments_GNI_2_MC, Yemen,0,47, PCV,-0.81,-0.47,2,2,587,0,0,0,0,0,0,-1
High, UVP_assignments_GNI_2_MC, Yemen,0,48, PCV,-0.93,-0.62,2,2,587,0,0,0,0,0,0,-1
High, UVP_assignments_GNI_2_MC, Yemen,0,49, Rota,-0.29,-0.65,2,2,587,0,0,0,0,0,0,-1
High, UVP_assignments_GNI_2_MC, Yemen,0,50, Rota,0,0.01,2,2,587,0,0,0,0,0,0,-1
High, UVP_assignments_GNI_2_MC, Yemen,0,51, Rota,-0.46,-0.38,2,2,587,0,0,0,0,0,0,-1
High, UVP_assignments_GNI_2_MC, Yemen,0,52, Td,0.03,0.45,2,2,587,0,0,0,0,0,0,-1
High, UVP_assignments_GNI_2_MC, Yemen,0,53, Td,0.03,0.45,2,2,587,0,0,0,0,0,0,-1
High, UVP_assignments_GNI_2_MC, Yemen,0,54, Td,0,0,2,2,587,0,0,0,0,0,0,-1
High, UVP_assignments_GNI_2_MC, Yemen,0,55, Td,-0.03,-0.42,2,2,587,0,0,0,0,0,0,-1
High, UVP_assignments_GNI_2_MC, Yemen,0,56, Td,-0.02,-0.42,2,2,587,0,0,0,0,0,0,-1
High, UVP_assignments_GNI_2_MC, Yemen,0,57, Td,-0.02,-0.35,2,2,587,0,0,0,0,0,0,-1
High, UVP_assignments_GNI_2_MC, Yemen,0,58, Td,-0.02,-0.35,2,2,587,0,0,0,0,0,0,-1
High, UVP_assignments_GNI_2_MC, Yemen,0,59, YF,-0.34,-0.5,2,2,587,0,0,0,0,0,0,-1
High, UVP_assignments_GNI_2_MC, Yemen,0,60, YF,-0.25,-0.5,2,2,587,0,0,0,0,0,0,-1
High, UVP_assignments_GNI_2_MC, Yemen,0,61, YF,0.4,0.53,2,2,587,0,0,0,0,0,0,-1
High, UVP_assignments_GNI_2_MC, Yemen,0,62, YF,-0.25,-0.5,2,2,587,0,0,0,0,0,0,-1
High, UVP_assignments_GNI_2_MC, Zambia,0,1, BCG,0,0,2,2,1196,0,0,0,0,0,0,-1
High, UVP_assignments_GNI_2_MC, Zambia,0,2, BCG,0.07,0.34,2,2,1196,0,0,0,0,0,0,-1
High, UVP_assignments_GNI_2_MC, Zambia,0,3, BCG,0,0,2,2,1196,0,0,0,0,0,0,-1
High, UVP_assignments_GNI_2_MC, Zambia,0,4, BCG,0.12,0.42,2,2,1196,0,0,0,0,0,0,-1
High, UVP_assignments_GNI_2_MC, Zambia,0,5, DT,0.03,0.19,2,2,1196,0,0,0,0,0,0,-1
High, UVP_assignments_GNI_2_MC, Zambia,0,6, DT,0.05,0.28,2,2,1196,0,0,0,0,0,0,-1
High, UVP_assignments_GNI_2_MC, Zambia,0,7, DTP,0.05,0.26,2,2,1196,0,0,0,0,0,0,-1
High, UVP_assignments_GNI_2_MC, Zambia,0,8, DTP,0.08,0.39,2,2,1196,0,0,0,0,0,0,-1
High, UVP_assignments_GNI_2_MC, Zambia,0,9, DTP-HepB-Hib,0.21,0.26,2,2,1196,0,0,0,0,0,0,-1
High, UVP_assignments_GNI_2_MC, Zambia,0,10, DTP-HepB-Hib,0.32,0.26,2,2,1196,0,0,0,0,0,0,-1
High, UVP_assignments_GNI_2_MC, Zambia,0,11, DTP-HepB-Hib,0.29,0.26,2,2,1196,0,0,0,0,0,0,-1
High, UVP_assignments_GNI_2_MC, Zambia,0,12, DTP-HepB-Hib,0.33,0.26,2,2,1196,0,0,0,0,0,0,-1
High, UVP_assignments_GNI_2_MC, Zambia,0,13, DTP-HepB-Hib,0.32,0.26,2,2,1196,0,0,0,0,0,0,-1
High, UVP_assignments_GNI_2_MC, Zambia,0,14, DTP-HepB-Hib,0.2,0.23,2,2,1196,0,0,0,0,0,0,-1
High, UVP_assignments_GNI_2_MC, Zambia,0,15, DTP-HepB-Hib,0.21,0.26,2,2,1196,0,0,0,0,0,0,-1
High, UVP_assignments_GNI_2_MC, Zambia,0,16, DTP-HepB-Hib,0.22,0.26,2,2,1196,0,0,0,0,0,0,-1
High, UVP_assignments_GNI_2_MC, Zambia,0,17, HPV,3.76,0.77,2,2,1196,0,0,0,0,0,0,-1
High, UVP_assignments_GNI_2_MC, Zambia,0,18, HPV,0.89,0.19,2,2,1196,0,0,0,0,0,0,-1
High, UVP_assignments_GNI_2_MC, Zambia,0,19, HepB,0.13,0.26,2,2,1196,0,0,0,0,0,0,-1
High, UVP_assignments_GNI_2_MC, Zambia,0,20, HepB,0.15,0.23,2,2,1196,0,0,0,0,0,0,-1
High, UVP_assignments_GNI_2_MC, Zambia,0,21, HepB,0.07,0.26,2,2,1196,0,0,0,0,0,0,-1
High, UVP_assignments_GNI_2_MC, Zambia,0,22, HepB,0.06,0.23,2,2,1196,0,0,0,0,0,0,-1
High, UVP_assignments_GNI_2_MC, Zambia,0,23, Hib,0.6,0.26,2,2,1196,0,0,0,0,0,0,-1
High, UVP_assignments_GNI_2_MC, Zambia,0,24, IPV,0,0,2,2,1196,0,0,0,0,0,0,-1
High, UVP_assignments_GNI_2_MC, Zambia,0,25, IPV,0.68,0.26,2,2,1196,0,0,0,0,0,0,-1
High, UVP_assignments_GNI_2_MC, Zambia,0,26, IPV,1.63,0.5,2,2,1196,0,0,0,0,0,0,-1
High, UVP_assignments_GNI_2_MC, Zambia,0,27, IPV,0.73,0.39,2,2,1196,0,0,0,0,0,0,-1
High, UVP_assignments_GNI_2_MC, Zambia,0,28, IPV,0,0,2,2,1196,0,0,0,0,0,0,-1
High, UVP_assignments_GNI_2_MC, Zambia,0,29, IPV,1.17,0.39,2,2,1196,0,0,0,0,0,0,-1
High, UVP_assignments_GNI_2_MC, Zambia,0,30, MMR,0.28,0.19,2,2,1196,0,0,0,0,0,0,-1
High, UVP_assignments_GNI_2_MC, Zambia,0,31, MMR,1.39,0.29,2,2,1196,0,0,0,0,0,0,-1
High, UVP_assignments_GNI_2_MC, Zambia,0,32, MMR,1.62,0.52,2,2,1196,0,0,0,0,0,0,-1
High, UVP_assignments_GNI_2_MC, Zambia,0,33, MMR,0.49,0.31,2,2,1196,0,0,0,0,0,0,-1
High, UVP_assignments_GNI_2_MC, Zambia,0,34, OPV,0.04,0.19,2,2,1196,0,0,0,0,0,0,-1
High, UVP_assignments_GNI_2_MC, Zambia,0,35, OPV,0.02,0.19,2,2,1196,0,0,0,0,0,0,-1
High, UVP_assignments_GNI_2_MC, Zambia,0,36, OPV,0.03,0.22,2,2,1196,0,0,0,0,0,0,-1
High, UVP_assignments_GNI_2_MC, Zambia,0,37, OPV,0.03,0.22,2,2,1196,0,0,0,0,0,0,-1
High, UVP_assignments_GNI_2_MC, Zambia,0,38, OPV,0.03,0.22,2,2,1196,0,0,0,0,0,0,-1
High, UVP_assignments_GNI_2_MC, Zambia,0,39, OPV,0.07,0.48,2,2,1196,0,0,0,0,0,0,-1
High, UVP_assignments_GNI_2_MC, Zambia,0,40, OPV,0.13,0.64,2,2,1196,0,0,0,0,0,0,-1
High, UVP_assignments_GNI_2_MC, Zambia,0,41, OPV,0.03,0.19,2,2,1196,0,0,0,0,0,0,-1
High, UVP_assignments_GNI_2_MC, Zambia,0,42, OPV,0.04,0.22,2,2,1196,0,0,0,0,0,0,-1
High, UVP_assignments_GNI_2_MC, Zambia,0,43, PCV,0.63,0.21,2,2,1196,0,0,0,0,0,0,-1
High, UVP_assignments_GNI_2_MC, Zambia,0,44, PCV,0.87,0.27,2,2,1196,0,0,0,0,0,0,-1
High, UVP_assignments_GNI_2_MC, Zambia,0,45, PCV,0.87,0.27,2,2,1196,0,0,0,0,0,0,-1
High, UVP_assignments_GNI_2_MC, Zambia,0,46, PCV,0.98,0.27,2,2,1196,0,0,0,0,0,0,-1
High, UVP_assignments_GNI_2_MC, Zambia,0,47, PCV,0.98,0.28,2,2,1196,0,0,0,0,0,0,-1
High, UVP_assignments_GNI_2_MC, Zambia,0,48, PCV,0.63,0.21,2,2,1196,0,0,0,0,0,0,-1
High, UVP_assignments_GNI_2_MC, Zambia,0,49, Rota,0.17,0.19,2,2,1196,0,0,0,0,0,0,-1
High, UVP_assignments_GNI_2_MC, Zambia,0,50, Rota,0.52,0.51,2,2,1196,0,0,0,0,0,0,-1
High, UVP_assignments_GNI_2_MC, Zambia,0,51, Rota,0.81,0.32,2,2,1196,0,0,0,0,0,0,-1
High, UVP_assignments_GNI_2_MC, Zambia,0,52, Td,0.09,0.73,2,2,1196,0,0,0,0,0,0,-1
High, UVP_assignments_GNI_2_MC, Zambia,0,53, Td,0.09,0.73,2,2,1196,0,0,0,0,0,0,-1
High, UVP_assignments_GNI_2_MC, Zambia,0,54, Td,0,0,2,2,1196,0,0,0,0,0,0,-1
High, UVP_assignments_GNI_2_MC, Zambia,0,55, Td,0.05,0.3,2,2,1196,0,0,0,0,0,0,-1
High, UVP_assignments_GNI_2_MC, Zambia,0,56, Td,0.03,0.3,2,2,1196,0,0,0,0,0,0,-1
High, UVP_assignments_GNI_2_MC, Zambia,0,57, Td,0.04,0.34,2,2,1196,0,0,0,0,0,0,-1
High, UVP_assignments_GNI_2_MC, Zambia,0,58, Td,0.03,0.34,2,2,1196,0,0,0,0,0,0,-1
High, UVP_assignments_GNI_2_MC, Zambia,0,59, YF,0.36,0.26,2,2,1196,0,0,0,0,0,0,-1
High, UVP_assignments_GNI_2_MC, Zambia,0,60, YF,0.27,0.26,2,2,1196,0,0,0,0,0,0,-1
High, UVP_assignments_GNI_2_MC, Zambia,0,61, YF,1.18,0.77,2,2,1196,0,0,0,0,0,0,-1
High, UVP_assignments_GNI_2_MC, Zambia,0,62, YF,0.27,0.26,2,2,1196,0,0,0,0,0,0,-1
High, UVP_assignments_GNI_2_MC, Zimbabwe,0,1, BCG,0,0,2,2,1758,0,0,0,0,0,0,-1
High, UVP_assignments_GNI_2_MC, Zimbabwe,0,2, BCG,0.16,0.55,2,2,1758,0,0,0,0,0,0,-1
High, UVP_assignments_GNI_2_MC, Zimbabwe,0,3, BCG,0,0,2,2,1758,0,0,0,0,0,0,-1
High, UVP_assignments_GNI_2_MC, Zimbabwe,0,4, BCG,0.26,0.6,2,2,1758,0,0,0,0,0,0,-1
High, UVP_assignments_GNI_2_MC, Zimbabwe,0,5, DT,0.12,0.45,2,2,1758,0,0,0,0,0,0,-1
High, UVP_assignments_GNI_2_MC, Zimbabwe,0,6, DT,0.14,0.51,2,2,1758,0,0,0,0,0,0,-1
High, UVP_assignments_GNI_2_MC, Zimbabwe,0,7, DTP,0.13,0.5,2,2,1758,0,0,0,0,0,0,-1
High, UVP_assignments_GNI_2_MC, Zimbabwe,0,8, DTP,0.17,0.59,2,2,1758,0,0,0,0,0,0,-1
High, UVP_assignments_GNI_2_MC, Zimbabwe,0,9, DTP-HepB-Hib,0.6,0.5,2,2,1758,0,0,0,0,0,0,-1
High, UVP_assignments_GNI_2_MC, Zimbabwe,0,10, DTP-HepB-Hib,0.9,0.5,2,2,1758,0,0,0,0,0,0,-1
High, UVP_assignments_GNI_2_MC, Zimbabwe,0,11, DTP-HepB-Hib,0.82,0.5,2,2,1758,0,0,0,0,0,0,-1
High, UVP_assignments_GNI_2_MC, Zimbabwe,0,12, DTP-HepB-Hib,0.92,0.5,2,2,1758,0,0,0,0,0,0,-1
High, UVP_assignments_GNI_2_MC, Zimbabwe,0,13, DTP-HepB-Hib,0.89,0.5,2,2,1758,0,0,0,0,0,0,-1
High, UVP_assignments_GNI_2_MC, Zimbabwe,0,14, DTP-HepB-Hib,0.6,0.48,2,2,1758,0,0,0,0,0,0,-1
High, UVP_assignments_GNI_2_MC, Zimbabwe,0,15, DTP-HepB-Hib,0.58,0.5,2,2,1758,0,0,0,0,0,0,-1
High, UVP_assignments_GNI_2_MC, Zimbabwe,0,16, DTP-HepB-Hib,0.62,0.5,2,2,1758,0,0,0,0,0,0,-1
High, UVP_assignments_GNI_2_MC, Zimbabwe,0,17, HPV,6.06,0.84,2,2,1758,0,0,0,0,0,0,-1
High, UVP_assignments_GNI_2_MC, Zimbabwe,0,18, HPV,3.14,0.45,2,2,1758,0,0,0,0,0,0,-1
High, UVP_assignments_GNI_2_MC, Zimbabwe,0,19, HepB,0.38,0.5,2,2,1758,0,0,0,0,0,0,-1
High, UVP_assignments_GNI_2_MC, Zimbabwe,0,20, HepB,0.45,0.48,2,2,1758,0,0,0,0,0,0,-1
High, UVP_assignments_GNI_2_MC, Zimbabwe,0,21, HepB,0.19,0.5,2,2,1758,0,0,0,0,0,0,-1
High, UVP_assignments_GNI_2_MC, Zimbabwe,0,22, HepB,0.19,0.48,2,2,1758,0,0,0,0,0,0,-1
High, UVP_assignments_GNI_2_MC, Zimbabwe,0,23, Hib,1.67,0.5,2,2,1758,0,0,0,0,0,0,-1
High, UVP_assignments_GNI_2_MC, Zimbabwe,0,24, IPV,0,0,2,2,1758,0,0,0,0,0,0,-1
High, UVP_assignments_GNI_2_MC, Zimbabwe,0,25, IPV,1.91,0.5,2,2,1758,0,0,0,0,0,0,-1
High, UVP_assignments_GNI_2_MC, Zimbabwe,0,26, IPV,3.18,0.66,2,2,1758,0,0,0,0,0,0,-1
High, UVP_assignments_GNI_2_MC, Zimbabwe,0,27, IPV,1.6,0.59,2,2,1758,0,0,0,0,0,0,-1
High, UVP_assignments_GNI_2_MC, Zimbabwe,0,28, IPV,0,0,2,2,1758,0,0,0,0,0,0,-1
High, UVP_assignments_GNI_2_MC, Zimbabwe,0,29, IPV,2.57,0.59,2,2,1758,0,0,0,0,0,0,-1
High, UVP_assignments_GNI_2_MC, Zimbabwe,0,30, MMR,0.98,0.45,2,2,1758,0,0,0,0,0,0,-1
High, UVP_assignments_GNI_2_MC, Zimbabwe,0,31, MMR,3.62,0.52,2,2,1758,0,0,0,0,0,0,-1
High, UVP_assignments_GNI_2_MC, Zimbabwe,0,32, MMR,3.09,0.67,2,2,1758,0,0,0,0,0,0,-1
High, UVP_assignments_GNI_2_MC, Zimbabwe,0,33, MMR,1.23,0.53,2,2,1758,0,0,0,0,0,0,-1
High, UVP_assignments_GNI_2_MC, Zimbabwe,0,34, OPV,0.13,0.45,2,2,1758,0,0,0,0,0,0,-1
High, UVP_assignments_GNI_2_MC, Zimbabwe,0,35, OPV,0.06,0.45,2,2,1758,0,0,0,0,0,0,-1
High, UVP_assignments_GNI_2_MC, Zimbabwe,0,36, OPV,0.1,0.47,2,2,1758,0,0,0,0,0,0,-1
High, UVP_assignments_GNI_2_MC, Zimbabwe,0,37, OPV,0.1,0.47,2,2,1758,0,0,0,0,0,0,-1
High, UVP_assignments_GNI_2_MC, Zimbabwe,0,38, OPV,0.09,0.47,2,2,1758,0,0,0,0,0,0,-1
High, UVP_assignments_GNI_2_MC, Zimbabwe,0,39, OPV,0.13,0.65,2,2,1758,0,0,0,0,0,0,-1
High, UVP_assignments_GNI_2_MC, Zimbabwe,0,40, OPV,0.22,0.75,2,2,1758,0,0,0,0,0,0,-1
High, UVP_assignments_GNI_2_MC, Zimbabwe,0,41, OPV,0.1,0.45,2,2,1758,0,0,0,0,0,0,-1
High, UVP_assignments_GNI_2_MC, Zimbabwe,0,42, OPV,0.12,0.47,2,2,1758,0,0,0,0,0,0,-1
High, UVP_assignments_GNI_2_MC, Zimbabwe,0,43, PCV,2.08,0.46,2,2,1758,0,0,0,0,0,0,-1
High, UVP_assignments_GNI_2_MC, Zimbabwe,0,44, PCV,2.39,0.5,2,2,1758,0,0,0,0,0,0,-1
High, UVP_assignments_GNI_2_MC, Zimbabwe,0,45, PCV,2.39,0.5,2,2,1758,0,0,0,0,0,0,-1
High, UVP_assignments_GNI_2_MC, Zimbabwe,0,46, PCV,2.7,0.5,2,2,1758,0,0,0,0,0,0,-1
High, UVP_assignments_GNI_2_MC, Zimbabwe,0,47, PCV,2.63,0.51,2,2,1758,0,0,0,0,0,0,-1
High, UVP_assignments_GNI_2_MC, Zimbabwe,0,48, PCV,2.08,0.46,2,2,1758,0,0,0,0,0,0,-1
High, UVP_assignments_GNI_2_MC, Zimbabwe,0,49, Rota,0.59,0.45,2,2,1758,0,0,0,0,0,0,-1
High, UVP_assignments_GNI_2_MC, Zimbabwe,0,50, Rota,0.99,0.67,2,2,1758,0,0,0,0,0,0,-1
High, UVP_assignments_GNI_2_MC, Zimbabwe,0,51, Rota,1.98,0.54,2,2,1758,0,0,0,0,0,0,-1
High, UVP_assignments_GNI_2_MC, Zimbabwe,0,52, Td,0.14,0.81,2,2,1758,0,0,0,0,0,0,-1
High, UVP_assignments_GNI_2_MC, Zimbabwe,0,53, Td,0.14,0.81,2,2,1758,0,0,0,0,0,0,-1
High, UVP_assignments_GNI_2_MC, Zimbabwe,0,54, Td,0,0,2,2,1758,0,0,0,0,0,0,-1
High, UVP_assignments_GNI_2_MC, Zimbabwe,0,55, Td,0.12,0.53,2,2,1758,0,0,0,0,0,0,-1
High, UVP_assignments_GNI_2_MC, Zimbabwe,0,56, Td,0.08,0.53,2,2,1758,0,0,0,0,0,0,-1
High, UVP_assignments_GNI_2_MC, Zimbabwe,0,57, Td,0.09,0.55,2,2,1758,0,0,0,0,0,0,-1
High, UVP_assignments_GNI_2_MC, Zimbabwe,0,58, Td,0.08,0.55,2,2,1758,0,0,0,0,0,0,-1
High, UVP_assignments_GNI_2_MC, Zimbabwe,0,59, YF,1,0.5,2,2,1758,0,0,0,0,0,0,-1
High, UVP_assignments_GNI_2_MC, Zimbabwe,0,60, YF,0.76,0.5,2,2,1758,0,0,0,0,0,0,-1
High, UVP_assignments_GNI_2_MC, Zimbabwe,0,61, YF,1.9,0.84,2,2,1758,0,0,0,0,0,0,-1
High, UVP_assignments_GNI_2_MC, Zimbabwe,0,62, YF,0.76,0.5,2,2,1758,0,0,0,0,0,0,-1
Low, UVP_assignments_GNI_2_MC, Afghanistan,0,1, BCG,0,0,2,2,548,0,0,0,0,0,0,-1
Low, UVP_assignments_GNI_2_MC, Afghanistan,0,2, BCG,0.05,0.59,2,2,548,0,0,0,0,0,0,-1
Low, UVP_assignments_GNI_2_MC, Afghanistan,0,3, BCG,0,0,2,2,548,0,0,0,0,0,0,-1
Low, UVP_assignments_GNI_2_MC, Afghanistan,0,4, BCG,0.08,0.59,2,2,548,0,0,0,0,0,0,-1
Low, UVP_assignments_GNI_2_MC, Afghanistan,0,5, DT,-0.03,-0.36,2,2,548,0,0,0,0,0,0,-1
Low, UVP_assignments_GNI_2_MC, Afghanistan,0,6, DT,0.05,0.59,2,2,548,0,0,0,0,0,0,-1
Low, UVP_assignments_GNI_2_MC, Afghanistan,0,7, DTP,0.05,0.59,2,2,548,0,0,0,0,0,0,-1
Low, UVP_assignments_GNI_2_MC, Afghanistan,0,8, DTP,0.05,0.59,2,2,548,0,0,0,0,0,0,-1
Low, UVP_assignments_GNI_2_MC, Afghanistan,0,9, DTP-HepB-Hib,0.22,0.59,2,2,548,0,0,0,0,0,0,-1
Low, UVP_assignments_GNI_2_MC, Afghanistan,0,10, DTP-HepB-Hib,0.33,0.59,2,2,548,0,0,0,0,0,0,-1
Low, UVP_assignments_GNI_2_MC, Afghanistan,0,11, DTP-HepB-Hib,0.3,0.59,2,2,548,0,0,0,0,0,0,-1
Low, UVP_assignments_GNI_2_MC, Afghanistan,0,12, DTP-HepB-Hib,0.34,0.59,2,2,548,0,0,0,0,0,0,-1
Low, UVP_assignments_GNI_2_MC, Afghanistan,0,13, DTP-HepB-Hib,0.33,0.59,2,2,548,0,0,0,0,0,0,-1
Low, UVP_assignments_GNI_2_MC, Afghanistan,0,14, DTP-HepB-Hib,0.23,0.59,2,2,548,0,0,0,0,0,0,-1
Low, UVP_assignments_GNI_2_MC, Afghanistan,0,15, DTP-HepB-Hib,0.22,0.59,2,2,548,0,0,0,0,0,0,-1
Low, UVP_assignments_GNI_2_MC, Afghanistan,0,16, DTP-HepB-Hib,0.23,0.59,2,2,548,0,0,0,0,0,0,-1
Low, UVP_assignments_GNI_2_MC, Afghanistan,0,17, HPV,1.32,0.59,2,2,548,0,0,0,0,0,0,-1
Low, UVP_assignments_GNI_2_MC, Afghanistan,0,18, HPV,1.29,0.59,2,2,548,0,0,0,0,0,0,-1
Low, UVP_assignments_GNI_2_MC, Afghanistan,0,19, HepB,0.14,0.59,2,2,548,0,0,0,0,0,0,-1
Low, UVP_assignments_GNI_2_MC, Afghanistan,0,20, HepB,0.17,0.59,2,2,548,0,0,0,0,0,0,-1
Low, UVP_assignments_GNI_2_MC, Afghanistan,0,21, HepB,0.07,0.59,2,2,548,0,0,0,0,0,0,-1
Low, UVP_assignments_GNI_2_MC, Afghanistan,0,22, HepB,0.07,0.59,2,2,548,0,0,0,0,0,0,-1
Low, UVP_assignments_GNI_2_MC, Afghanistan,0,23, Hib,0.62,0.59,2,2,548,0,0,0,0,0,0,-1
Low, UVP_assignments_GNI_2_MC, Afghanistan,0,24, IPV,0,0,2,2,548,0,0,0,0,0,0,-1
Low, UVP_assignments_GNI_2_MC, Afghanistan,0,25, IPV,0.7,0.59,2,2,548,0,0,0,0,0,0,-1
Low, UVP_assignments_GNI_2_MC, Afghanistan,0,26, IPV,0.89,0.59,2,2,548,0,0,0,0,0,0,-1
Low, UVP_assignments_GNI_2_MC, Afghanistan,0,27, IPV,0.5,0.59,2,2,548,0,0,0,0,0,0,-1
Low, UVP_assignments_GNI_2_MC, Afghanistan,0,28, IPV,0,0,2,2,548,0,0,0,0,0,0,-1
Low, UVP_assignments_GNI_2_MC, Afghanistan,0,29, IPV,0.8,0.59,2,2,548,0,0,0,0,0,0,-1
Low, UVP_assignments_GNI_2_MC, Afghanistan,0,30, MMR,0.21,0.3,2,2,548,0,0,0,0,0,0,-1
Low, UVP_assignments_GNI_2_MC, Afghanistan,0,31, MMR,1.28,0.59,2,2,548,0,0,0,0,0,0,-1
Low, UVP_assignments_GNI_2_MC, Afghanistan,0,32, MMR,0.85,0.59,2,2,548,0,0,0,0,0,0,-1
Low, UVP_assignments_GNI_2_MC, Afghanistan,0,33, MMR,0.42,0.59,2,2,548,0,0,0,0,0,0,-1
Low, UVP_assignments_GNI_2_MC, Afghanistan,0,34, OPV,0.05,0.59,2,2,548,0,0,0,0,0,0,-1
Low, UVP_assignments_GNI_2_MC, Afghanistan,0,35, OPV,0.03,0.59,2,2,548,0,0,0,0,0,0,-1
Low, UVP_assignments_GNI_2_MC, Afghanistan,0,36, OPV,0.04,0.59,2,2,548,0,0,0,0,0,0,-1
Low, UVP_assignments_GNI_2_MC, Afghanistan,0,37, OPV,0.04,0.59,2,2,548,0,0,0,0,0,0,-1
Low, UVP_assignments_GNI_2_MC, Afghanistan,0,38, OPV,0.03,0.59,2,2,548,0,0,0,0,0,0,-1
Low, UVP_assignments_GNI_2_MC, Afghanistan,0,39, OPV,0.04,0.59,2,2,548,0,0,0,0,0,0,-1
Low, UVP_assignments_GNI_2_MC, Afghanistan,0,40, OPV,0.05,0.59,2,2,548,0,0,0,0,0,0,-1
Low, UVP_assignments_GNI_2_MC, Afghanistan,0,41, OPV,0.04,0.59,2,2,548,0,0,0,0,0,0,-1
Low, UVP_assignments_GNI_2_MC, Afghanistan,0,42, OPV,0.05,0.59,2,2,548,0,0,0,0,0,0,-1
Low, UVP_assignments_GNI_2_MC, Afghanistan,0,43, PCV,0.83,0.59,2,2,548,0,0,0,0,0,0,-1
Low, UVP_assignments_GNI_2_MC, Afghanistan,0,44, PCV,0.88,0.59,2,2,548,0,0,0,0,0,0,-1
Low, UVP_assignments_GNI_2_MC, Afghanistan,0,45, PCV,0.88,0.59,2,2,548,0,0,0,0,0,0,-1
Low, UVP_assignments_GNI_2_MC, Afghanistan,0,46, PCV,0.99,0.59,2,2,548,0,0,0,0,0,0,-1
Low, UVP_assignments_GNI_2_MC, Afghanistan,0,47, PCV,0.95,0.59,2,2,548,0,0,0,0,0,0,-1
Low, UVP_assignments_GNI_2_MC, Afghanistan,0,48, PCV,0.83,0.59,2,2,548,0,0,0,0,0,0,-1
Low, UVP_assignments_GNI_2_MC, Afghanistan,0,49, Rota,0.24,0.59,2,2,548,0,0,0,0,0,0,-1
Low, UVP_assignments_GNI_2_MC, Afghanistan,0,50, Rota,0.27,0.59,2,2,548,0,0,0,0,0,0,-1
Low, UVP_assignments_GNI_2_MC, Afghanistan,0,51, Rota,0.68,0.59,2,2,548,0,0,0,0,0,0,-1
Low, UVP_assignments_GNI_2_MC, Afghanistan,0,52, Td,0.03,0.59,2,2,548,0,0,0,0,0,0,-1
Low, UVP_assignments_GNI_2_MC, Afghanistan,0,53, Td,0.03,0.59,2,2,548,0,0,0,0,0,0,-1
Low, UVP_assignments_GNI_2_MC, Afghanistan,0,54, Td,0,0,2,2,548,0,0,0,0,0,0,-1
Low, UVP_assignments_GNI_2_MC, Afghanistan,0,55, Td,0.01,0.14,2,2,548,0,0,0,0,0,0,-1
Low, UVP_assignments_GNI_2_MC, Afghanistan,0,56, Td,0.03,0.59,2,2,548,0,0,0,0,0,0,-1
Low, UVP_assignments_GNI_2_MC, Afghanistan,0,57, Td,-0.02,-0.44,2,2,548,0,0,0,0,0,0,-1
Low, UVP_assignments_GNI_2_MC, Afghanistan,0,58, Td,0.03,0.59,2,2,548,0,0,0,0,0,0,-1
Low, UVP_assignments_GNI_2_MC, Afghanistan,0,59, YF,0.37,0.59,2,2,548,0,0,0,0,0,0,-1
Low, UVP_assignments_GNI_2_MC, Afghanistan,0,60, YF,0.28,0.59,2,2,548,0,0,0,0,0,0,-1
Low, UVP_assignments_GNI_2_MC, Afghanistan,0,61, YF,0.41,0.59,2,2,548,0,0,0,0,0,0,-1
Low, UVP_assignments_GNI_2_MC, Afghanistan,0,62, YF,0.28,0.59,2,2,548,0,0,0,0,0,0,-1
Low, UVP_assignments_GNI_2_MC, Bangladesh,0,1, BCG,0,0,1,2,2327,0,0,0,0,0,0,-1
Low, UVP_assignments_GNI_2_MC, Bangladesh,0,2, BCG,0.09,0.23,1,2,2327,0,0,0,0,0,0,-1
Low, UVP_assignments_GNI_2_MC, Bangladesh,0,3, BCG,0,0,1,2,2327,0,0,0,0,0,0,-1
Low, UVP_assignments_GNI_2_MC, Bangladesh,0,4, BCG,0.13,0.23,1,2,2327,0,0,0,0,0,0,-1
Low, UVP_assignments_GNI_2_MC, Bangladesh,0,5, DT,0,0,1,2,2327,0,0,0,0,0,0,-1
Low, UVP_assignments_GNI_2_MC, Bangladesh,0,6, DT,0.08,0.23,1,2,2327,0,0,0,0,0,0,-1
Low, UVP_assignments_GNI_2_MC, Bangladesh,0,7, DTP,0.08,0.23,1,2,2327,0,0,0,0,0,0,-1
Low, UVP_assignments_GNI_2_MC, Bangladesh,0,8, DTP,0.09,0.23,1,2,2327,0,0,0,0,0,0,-1
Low, UVP_assignments_GNI_2_MC, Bangladesh,0,9, DTP-HepB-Hib,0.37,0.23,1,2,2327,0,0,0,0,0,0,-1
Low, UVP_assignments_GNI_2_MC, Bangladesh,0,10, DTP-HepB-Hib,0.54,0.23,1,2,2327,0,0,0,0,0,0,-1
Low, UVP_assignments_GNI_2_MC, Bangladesh,0,11, DTP-HepB-Hib,0.5,0.23,1,2,2327,0,0,0,0,0,0,-1
Low, UVP_assignments_GNI_2_MC, Bangladesh,0,12, DTP-HepB-Hib,0.56,0.23,1,2,2327,0,0,0,0,0,0,-1
Low, UVP_assignments_GNI_2_MC, Bangladesh,0,13, DTP-HepB-Hib,0.54,0.23,1,2,2327,0,0,0,0,0,0,-1
Low, UVP_assignments_GNI_2_MC, Bangladesh,0,14, DTP-HepB-Hib,0.38,0.23,1,2,2327,0,0,0,0,0,0,-1
Low, UVP_assignments_GNI_2_MC, Bangladesh,0,15, DTP-HepB-Hib,0.35,0.23,1,2,2327,0,0,0,0,0,0,-1
Low, UVP_assignments_GNI_2_MC, Bangladesh,0,16, DTP-HepB-Hib,0.38,0.23,1,2,2327,0,0,0,0,0,0,-1
Low, UVP_assignments_GNI_2_MC, Bangladesh,0,17, HPV,2.17,0.23,1,2,2327,0,0,0,0,0,0,-1
Low, UVP_assignments_GNI_2_MC, Bangladesh,0,18, HPV,2.13,0.23,1,2,2327,0,0,0,0,0,0,-1
Low, UVP_assignments_GNI_2_MC, Bangladesh,0,19, HepB,0.23,0.23,1,2,2327,0,0,0,0,0,0,-1
Low, UVP_assignments_GNI_2_MC, Bangladesh,0,20, HepB,0.28,0.23,1,2,2327,0,0,0,0,0,0,-1
Low, UVP_assignments_GNI_2_MC, Bangladesh,0,21, HepB,0.11,0.23,1,2,2327,0,0,0,0,0,0,-1
Low, UVP_assignments_GNI_2_MC, Bangladesh,0,22, HepB,0.12,0.23,1,2,2327,0,0,0,0,0,0,-1
Low, UVP_assignments_GNI_2_MC, Bangladesh,0,23, Hib,1.02,0.23,1,2,2327,0,0,0,0,0,0,-1
Low, UVP_assignments_GNI_2_MC, Bangladesh,0,24, IPV,0.99,0.23,1,2,2327,0,0,0,0,0,0,-1
Low, UVP_assignments_GNI_2_MC, Bangladesh,0,25, IPV,1.16,0.23,1,2,2327,0,0,0,0,0,0,-1
Low, UVP_assignments_GNI_2_MC, Bangladesh,0,26, IPV,1.46,0.23,1,2,2327,0,0,0,0,0,0,-1
Low, UVP_assignments_GNI_2_MC, Bangladesh,0,27, IPV,0.83,0.23,1,2,2327,0,0,0,0,0,0,-1
Low, UVP_assignments_GNI_2_MC, Bangladesh,0,28, IPV,1.1,0.23,1,2,2327,0,0,0,0,0,0,-1
Low, UVP_assignments_GNI_2_MC, Bangladesh,0,29, IPV,1.32,0.23,1,2,2327,0,0,0,0,0,0,-1
Low, UVP_assignments_GNI_2_MC, Bangladesh,0,30, MMR,0,0,1,2,2327,0,0,0,0,0,0,-1
Low, UVP_assignments_GNI_2_MC, Bangladesh,0,31, MMR,2.11,0.23,1,2,2327,0,0,0,0,0,0,-1
Low, UVP_assignments_GNI_2_MC, Bangladesh,0,32, MMR,1.39,0.23,1,2,2327,0,0,0,0,0,0,-1
Low, UVP_assignments_GNI_2_MC, Bangladesh,0,33, MMR,0.69,0.23,1,2,2327,0,0,0,0,0,0,-1
Low, UVP_assignments_GNI_2_MC, Bangladesh,0,34, OPV,0.09,0.23,1,2,2327,0,0,0,0,0,0,-1
Low, UVP_assignments_GNI_2_MC, Bangladesh,0,35, OPV,0.04,0.23,1,2,2327,0,0,0,0,0,0,-1
Low, UVP_assignments_GNI_2_MC, Bangladesh,0,36, OPV,0.06,0.23,1,2,2327,0,0,0,0,0,0,-1
Low, UVP_assignments_GNI_2_MC, Bangladesh,0,37, OPV,0.07,0.23,1,2,2327,0,0,0,0,0,0,-1
Low, UVP_assignments_GNI_2_MC, Bangladesh,0,38, OPV,0.06,0.23,1,2,2327,0,0,0,0,0,0,-1
Low, UVP_assignments_GNI_2_MC, Bangladesh,0,39, OPV,0.06,0.23,1,2,2327,0,0,0,0,0,0,-1
Low, UVP_assignments_GNI_2_MC, Bangladesh,0,40, OPV,0.09,0.23,1,2,2327,0,0,0,0,0,0,-1
Low, UVP_assignments_GNI_2_MC, Bangladesh,0,41, OPV,0.07,0.23,1,2,2327,0,0,0,0,0,0,-1
Low, UVP_assignments_GNI_2_MC, Bangladesh,0,42, OPV,0.08,0.23,1,2,2327,0,0,0,0,0,0,-1
Low, UVP_assignments_GNI_2_MC, Bangladesh,0,43, PCV,1.37,0.23,1,2,2327,0,0,0,0,0,0,-1
Low, UVP_assignments_GNI_2_MC, Bangladesh,0,44, PCV,1.44,0.23,1,2,2327,0,0,0,0,0,0,-1
Low, UVP_assignments_GNI_2_MC, Bangladesh,0,45, PCV,1.44,0.23,1,2,2327,0,0,0,0,0,0,-1
Low, UVP_assignments_GNI_2_MC, Bangladesh,0,46, PCV,1.63,0.23,1,2,2327,0,0,0,0,0,0,-1
Low, UVP_assignments_GNI_2_MC, Bangladesh,0,47, PCV,1.56,0.23,1,2,2327,0,0,0,0,0,0,-1
Low, UVP_assignments_GNI_2_MC, Bangladesh,0,48, PCV,1.37,0.23,1,2,2327,0,0,0,0,0,0,-1
Low, UVP_assignments_GNI_2_MC, Bangladesh,0,49, Rota,0.4,0.23,1,2,2327,0,0,0,0,0,0,-1
Low, UVP_assignments_GNI_2_MC, Bangladesh,0,50, Rota,0.45,0.23,1,2,2327,0,0,0,0,0,0,-1
Low, UVP_assignments_GNI_2_MC, Bangladesh,0,51, Rota,1.11,0.23,1,2,2327,0,0,0,0,0,0,-1
Low, UVP_assignments_GNI_2_MC, Bangladesh,0,52, Td,0.05,0.23,1,2,2327,0,0,0,0,0,0,-1
Low, UVP_assignments_GNI_2_MC, Bangladesh,0,53, Td,0.05,0.23,1,2,2327,0,0,0,0,0,0,-1
Low, UVP_assignments_GNI_2_MC, Bangladesh,0,54, Td,0,0,1,2,2327,0,0,0,0,0,0,-1
Low, UVP_assignments_GNI_2_MC, Bangladesh,0,55, Td,0.07,0.23,1,2,2327,0,0,0,0,0,0,-1
Low, UVP_assignments_GNI_2_MC, Bangladesh,0,56, Td,0.05,0.23,1,2,2327,0,0,0,0,0,0,-1
Low, UVP_assignments_GNI_2_MC, Bangladesh,0,57, Td,0.04,0.2,1,2,2327,0,0,0,0,0,0,-1
Low, UVP_assignments_GNI_2_MC, Bangladesh,0,58, Td,0.04,0.23,1,2,2327,0,0,0,0,0,0,-1
Low, UVP_assignments_GNI_2_MC, Bangladesh,0,59, YF,0.6,0.23,1,2,2327,0,0,0,0,0,0,-1
Low, UVP_assignments_GNI_2_MC, Bangladesh,0,60, YF,0.46,0.23,1,2,2327,0,0,0,0,0,0,-1
Low, UVP_assignments_GNI_2_MC, Bangladesh,0,61, YF,0.68,0.23,1,2,2327,0,0,0,0,0,0,-1
Low, UVP_assignments_GNI_2_MC, Bangladesh,0,62, YF,0.46,0.23,1,2,2327,0,0,0,0,0,0,-1
Low, UVP_assignments_GNI_2_MC, Benin,0,1, BCG,0,0,2,2,1551,0,0,0,0,0,0,-1
Low, UVP_assignments_GNI_2_MC, Benin,0,2, BCG,0.22,0.86,2,2,1551,0,0,0,0,0,0,-1
Low, UVP_assignments_GNI_2_MC, Benin,0,3, BCG,0,0,2,2,1551,0,0,0,0,0,0,-1
Low, UVP_assignments_GNI_2_MC, Benin,0,4, BCG,0.33,0.86,2,2,1551,0,0,0,0,0,0,-1
Low, UVP_assignments_GNI_2_MC, Benin,0,5, DT,0.12,0.52,2,2,1551,0,0,0,0,0,0,-1
Low, UVP_assignments_GNI_2_MC, Benin,0,6, DT,0.2,0.86,2,2,1551,0,0,0,0,0,0,-1
Low, UVP_assignments_GNI_2_MC, Benin,0,7, DTP,0.2,0.86,2,2,1551,0,0,0,0,0,0,-1
Low, UVP_assignments_GNI_2_MC, Benin,0,8, DTP,0.22,0.86,2,2,1551,0,0,0,0,0,0,-1
Low, UVP_assignments_GNI_2_MC, Benin,0,9, DTP-HepB-Hib,0.92,0.86,2,2,1551,0,0,0,0,0,0,-1
Low, UVP_assignments_GNI_2_MC, Benin,0,10, DTP-HepB-Hib,1.36,0.86,2,2,1551,0,0,0,0,0,0,-1
Low, UVP_assignments_GNI_2_MC, Benin,0,11, DTP-HepB-Hib,1.24,0.86,2,2,1551,0,0,0,0,0,0,-1
Low, UVP_assignments_GNI_2_MC, Benin,0,12, DTP-HepB-Hib,1.4,0.86,2,2,1551,0,0,0,0,0,0,-1
Low, UVP_assignments_GNI_2_MC, Benin,0,13, DTP-HepB-Hib,1.36,0.86,2,2,1551,0,0,0,0,0,0,-1
Low, UVP_assignments_GNI_2_MC, Benin,0,14, DTP-HepB-Hib,0.96,0.86,2,2,1551,0,0,0,0,0,0,-1
Low, UVP_assignments_GNI_2_MC, Benin,0,15, DTP-HepB-Hib,0.88,0.86,2,2,1551,0,0,0,0,0,0,-1
Low, UVP_assignments_GNI_2_MC, Benin,0,16, DTP-HepB-Hib,0.94,0.86,2,2,1551,0,0,0,0,0,0,-1
Low, UVP_assignments_GNI_2_MC, Benin,0,17, HPV,5.42,0.86,2,2,1551,0,0,0,0,0,0,-1
Low, UVP_assignments_GNI_2_MC, Benin,0,18, HPV,5.31,0.86,2,2,1551,0,0,0,0,0,0,-1
Low, UVP_assignments_GNI_2_MC, Benin,0,19, HepB,0.58,0.86,2,2,1551,0,0,0,0,0,0,-1
Low, UVP_assignments_GNI_2_MC, Benin,0,20, HepB,0.71,0.86,2,2,1551,0,0,0,0,0,0,-1
Low, UVP_assignments_GNI_2_MC, Benin,0,21, HepB,0.28,0.86,2,2,1551,0,0,0,0,0,0,-1
Low, UVP_assignments_GNI_2_MC, Benin,0,22, HepB,0.29,0.86,2,2,1551,0,0,0,0,0,0,-1
Low, UVP_assignments_GNI_2_MC, Benin,0,23, Hib,2.54,0.86,2,2,1551,0,0,0,0,0,0,-1
Low, UVP_assignments_GNI_2_MC, Benin,0,24, IPV,0,0,2,2,1551,0,0,0,0,0,0,-1
Low, UVP_assignments_GNI_2_MC, Benin,0,25, IPV,2.89,0.86,2,2,1551,0,0,0,0,0,0,-1
Low, UVP_assignments_GNI_2_MC, Benin,0,26, IPV,3.66,0.86,2,2,1551,0,0,0,0,0,0,-1
Low, UVP_assignments_GNI_2_MC, Benin,0,27, IPV,2.06,0.86,2,2,1551,0,0,0,0,0,0,-1
Low, UVP_assignments_GNI_2_MC, Benin,0,28, IPV,0,0,2,2,1551,0,0,0,0,0,0,-1
Low, UVP_assignments_GNI_2_MC, Benin,0,29, IPV,3.3,0.86,2,2,1551,0,0,0,0,0,0,-1
Low, UVP_assignments_GNI_2_MC, Benin,0,30, MMR,1.46,0.75,2,2,1551,0,0,0,0,0,0,-1
Low, UVP_assignments_GNI_2_MC, Benin,0,31, MMR,5.27,0.86,2,2,1551,0,0,0,0,0,0,-1
Low, UVP_assignments_GNI_2_MC, Benin,0,32, MMR,3.48,0.86,2,2,1551,0,0,0,0,0,0,-1
Low, UVP_assignments_GNI_2_MC, Benin,0,33, MMR,1.73,0.86,2,2,1551,0,0,0,0,0,0,-1
Low, UVP_assignments_GNI_2_MC, Benin,0,34, OPV,0.21,0.86,2,2,1551,0,0,0,0,0,0,-1
Low, UVP_assignments_GNI_2_MC, Benin,0,35, OPV,0.11,0.86,2,2,1551,0,0,0,0,0,0,-1
Low, UVP_assignments_GNI_2_MC, Benin,0,36, OPV,0.15,0.86,2,2,1551,0,0,0,0,0,0,-1
Low, UVP_assignments_GNI_2_MC, Benin,0,37, OPV,0.17,0.86,2,2,1551,0,0,0,0,0,0,-1
Low, UVP_assignments_GNI_2_MC, Benin,0,38, OPV,0.14,0.86,2,2,1551,0,0,0,0,0,0,-1
Low, UVP_assignments_GNI_2_MC, Benin,0,39, OPV,0.15,0.86,2,2,1551,0,0,0,0,0,0,-1
Low, UVP_assignments_GNI_2_MC, Benin,0,40, OPV,0.22,0.86,2,2,1551,0,0,0,0,0,0,-1
Low, UVP_assignments_GNI_2_MC, Benin,0,41, OPV,0.17,0.86,2,2,1551,0,0,0,0,0,0,-1
Low, UVP_assignments_GNI_2_MC, Benin,0,42, OPV,0.2,0.86,2,2,1551,0,0,0,0,0,0,-1
Low, UVP_assignments_GNI_2_MC, Benin,0,43, PCV,3.42,0.86,2,2,1551,0,0,0,0,0,0,-1
Low, UVP_assignments_GNI_2_MC, Benin,0,44, PCV,3.6,0.86,2,2,1551,0,0,0,0,0,0,-1
Low, UVP_assignments_GNI_2_MC, Benin,0,45, PCV,3.6,0.86,2,2,1551,0,0,0,0,0,0,-1
Low, UVP_assignments_GNI_2_MC, Benin,0,46, PCV,4.07,0.86,2,2,1551,0,0,0,0,0,0,-1
Low, UVP_assignments_GNI_2_MC, Benin,0,47, PCV,3.89,0.86,2,2,1551,0,0,0,0,0,0,-1
Low, UVP_assignments_GNI_2_MC, Benin,0,48, PCV,3.42,0.86,2,2,1551,0,0,0,0,0,0,-1
Low, UVP_assignments_GNI_2_MC, Benin,0,49, Rota,1,0.86,2,2,1551,0,0,0,0,0,0,-1
Low, UVP_assignments_GNI_2_MC, Benin,0,50, Rota,1.12,0.86,2,2,1551,0,0,0,0,0,0,-1
Low, UVP_assignments_GNI_2_MC, Benin,0,51, Rota,2.77,0.86,2,2,1551,0,0,0,0,0,0,-1
Low, UVP_assignments_GNI_2_MC, Benin,0,52, Td,0.13,0.86,2,2,1551,0,0,0,0,0,0,-1
Low, UVP_assignments_GNI_2_MC, Benin,0,53, Td,0.13,0.86,2,2,1551,0,0,0,0,0,0,-1
Low, UVP_assignments_GNI_2_MC, Benin,0,54, Td,0,0,2,2,1551,0,0,0,0,0,0,-1
Low, UVP_assignments_GNI_2_MC, Benin,0,55, Td,0.13,0.7,2,2,1551,0,0,0,0,0,0,-1
Low, UVP_assignments_GNI_2_MC, Benin,0,56, Td,0.12,0.86,2,2,1551,0,0,0,0,0,0,-1
Low, UVP_assignments_GNI_2_MC, Benin,0,57, Td,0.07,0.49,2,2,1551,0,0,0,0,0,0,-1
Low, UVP_assignments_GNI_2_MC, Benin,0,58, Td,0.11,0.86,2,2,1551,0,0,0,0,0,0,-1
Low, UVP_assignments_GNI_2_MC, Benin,0,59, YF,1.51,0.86,2,2,1551,0,0,0,0,0,0,-1
Low, UVP_assignments_GNI_2_MC, Benin,0,60, YF,1.14,0.86,2,2,1551,0,0,0,0,0,0,-1
Low, UVP_assignments_GNI_2_MC, Benin,0,61, YF,1.7,0.86,2,2,1551,0,0,0,0,0,0,-1
Low, UVP_assignments_GNI_2_MC, Benin,0,62, YF,1.14,0.86,2,2,1551,0,0,0,0,0,0,-1
Low, UVP_assignments_GNI_2_MC, 'Burkina Faso',0,1, BCG,0,0,2,2,988,0,0,0,0,0,0,-1
Low, UVP_assignments_GNI_2_MC, 'Burkina Faso',0,2, BCG,0.13,0.77,2,2,988,0,0,0,0,0,0,-1
Low, UVP_assignments_GNI_2_MC, 'Burkina Faso',0,3, BCG,0,0,2,2,988,0,0,0,0,0,0,-1
Low, UVP_assignments_GNI_2_MC, 'Burkina Faso',0,4, BCG,0.19,0.77,2,2,988,0,0,0,0,0,0,-1
Low, UVP_assignments_GNI_2_MC, 'Burkina Faso',0,5, DT,0.04,0.24,2,2,988,0,0,0,0,0,0,-1
Low, UVP_assignments_GNI_2_MC, 'Burkina Faso',0,6, DT,0.12,0.77,2,2,988,0,0,0,0,0,0,-1
Low, UVP_assignments_GNI_2_MC, 'Burkina Faso',0,7, DTP,0.12,0.77,2,2,988,0,0,0,0,0,0,-1
Low, UVP_assignments_GNI_2_MC, 'Burkina Faso',0,8, DTP,0.13,0.77,2,2,988,0,0,0,0,0,0,-1
Low, UVP_assignments_GNI_2_MC, 'Burkina Faso',0,9, DTP-HepB-Hib,0.53,0.77,2,2,988,0,0,0,0,0,0,-1
Low, UVP_assignments_GNI_2_MC, 'Burkina Faso',0,10, DTP-HepB-Hib,0.78,0.77,2,2,988,0,0,0,0,0,0,-1
Low, UVP_assignments_GNI_2_MC, 'Burkina Faso',0,11, DTP-HepB-Hib,0.71,0.77,2,2,988,0,0,0,0,0,0,-1
Low, UVP_assignments_GNI_2_MC, 'Burkina Faso',0,12, DTP-HepB-Hib,0.81,0.77,2,2,988,0,0,0,0,0,0,-1
Low, UVP_assignments_GNI_2_MC, 'Burkina Faso',0,13, DTP-HepB-Hib,0.78,0.77,2,2,988,0,0,0,0,0,0,-1
Low, UVP_assignments_GNI_2_MC, 'Burkina Faso',0,14, DTP-HepB-Hib,0.55,0.77,2,2,988,0,0,0,0,0,0,-1
Low, UVP_assignments_GNI_2_MC, 'Burkina Faso',0,15, DTP-HepB-Hib,0.51,0.77,2,2,988,0,0,0,0,0,0,-1
Low, UVP_assignments_GNI_2_MC, 'Burkina Faso',0,16, DTP-HepB-Hib,0.54,0.77,2,2,988,0,0,0,0,0,0,-1
Low, UVP_assignments_GNI_2_MC, 'Burkina Faso',0,17, HPV,3.12,0.77,2,2,988,0,0,0,0,0,0,-1
Low, UVP_assignments_GNI_2_MC, 'Burkina Faso',0,18, HPV,3.05,0.77,2,2,988,0,0,0,0,0,0,-1
Low, UVP_assignments_GNI_2_MC, 'Burkina Faso',0,19, HepB,0.33,0.77,2,2,988,0,0,0,0,0,0,-1
Low, UVP_assignments_GNI_2_MC, 'Burkina Faso',0,20, HepB,0.41,0.77,2,2,988,0,0,0,0,0,0,-1
Low, UVP_assignments_GNI_2_MC, 'Burkina Faso',0,21, HepB,0.16,0.77,2,2,988,0,0,0,0,0,0,-1
Low, UVP_assignments_GNI_2_MC, 'Burkina Faso',0,22, HepB,0.17,0.77,2,2,988,0,0,0,0,0,0,-1
Low, UVP_assignments_GNI_2_MC, 'Burkina Faso',0,23, Hib,1.46,0.77,2,2,988,0,0,0,0,0,0,-1
Low, UVP_assignments_GNI_2_MC, 'Burkina Faso',0,24, IPV,0,0,2,2,988,0,0,0,0,0,0,-1
Low, UVP_assignments_GNI_2_MC, 'Burkina Faso',0,25, IPV,1.66,0.77,2,2,988,0,0,0,0,0,0,-1
Low, UVP_assignments_GNI_2_MC, 'Burkina Faso',0,26, IPV,2.1,0.77,2,2,988,0,0,0,0,0,0,-1
Low, UVP_assignments_GNI_2_MC, 'Burkina Faso',0,27, IPV,1.19,0.77,2,2,988,0,0,0,0,0,0,-1
Low, UVP_assignments_GNI_2_MC, 'Burkina Faso',0,28, IPV,0,0,2,2,988,0,0,0,0,0,0,-1
Low, UVP_assignments_GNI_2_MC, 'Burkina Faso',0,29, IPV,1.9,0.77,2,2,988,0,0,0,0,0,0,-1
Low, UVP_assignments_GNI_2_MC, 'Burkina Faso',0,30, MMR,0.76,0.61,2,2,988,0,0,0,0,0,0,-1
Low, UVP_assignments_GNI_2_MC, 'Burkina Faso',0,31, MMR,3.03,0.77,2,2,988,0,0,0,0,0,0,-1
Low, UVP_assignments_GNI_2_MC, 'Burkina Faso',0,32, MMR,2,0.77,2,2,988,0,0,0,0,0,0,-1
Low, UVP_assignments_GNI_2_MC, 'Burkina Faso',0,33, MMR,1,0.77,2,2,988,0,0,0,0,0,0,-1
Low, UVP_assignments_GNI_2_MC, 'Burkina Faso',0,34, OPV,0.12,0.77,2,2,988,0,0,0,0,0,0,-1
Low, UVP_assignments_GNI_2_MC, 'Burkina Faso',0,35, OPV,0.06,0.77,2,2,988,0,0,0,0,0,0,-1
Low, UVP_assignments_GNI_2_MC, 'Burkina Faso',0,36, OPV,0.09,0.77,2,2,988,0,0,0,0,0,0,-1
Low, UVP_assignments_GNI_2_MC, 'Burkina Faso',0,37, OPV,0.1,0.77,2,2,988,0,0,0,0,0,0,-1
Low, UVP_assignments_GNI_2_MC, 'Burkina Faso',0,38, OPV,0.08,0.77,2,2,988,0,0,0,0,0,0,-1
Low, UVP_assignments_GNI_2_MC, 'Burkina Faso',0,39, OPV,0.09,0.77,2,2,988,0,0,0,0,0,0,-1
Low, UVP_assignments_GNI_2_MC, 'Burkina Faso',0,40, OPV,0.13,0.77,2,2,988,0,0,0,0,0,0,-1
Low, UVP_assignments_GNI_2_MC, 'Burkina Faso',0,41, OPV,0.1,0.77,2,2,988,0,0,0,0,0,0,-1
Low, UVP_assignments_GNI_2_MC, 'Burkina Faso',0,42, OPV,0.12,0.77,2,2,988,0,0,0,0,0,0,-1
Low, UVP_assignments_GNI_2_MC, 'Burkina Faso',0,43, PCV,1.97,0.77,2,2,988,0,0,0,0,0,0,-1
Low, UVP_assignments_GNI_2_MC, 'Burkina Faso',0,44, PCV,2.07,0.77,2,2,988,0,0,0,0,0,0,-1
Low, UVP_assignments_GNI_2_MC, 'Burkina Faso',0,45, PCV,2.07,0.77,2,2,988,0,0,0,0,0,0,-1
Low, UVP_assignments_GNI_2_MC, 'Burkina Faso',0,46, PCV,2.34,0.77,2,2,988,0,0,0,0,0,0,-1
Low, UVP_assignments_GNI_2_MC, 'Burkina Faso',0,47, PCV,2.24,0.77,2,2,988,0,0,0,0,0,0,-1
Low, UVP_assignments_GNI_2_MC, 'Burkina Faso',0,48, PCV,1.97,0.77,2,2,988,0,0,0,0,0,0,-1
Low, UVP_assignments_GNI_2_MC, 'Burkina Faso',0,49, Rota,0.58,0.77,2,2,988,0,0,0,0,0,0,-1
Low, UVP_assignments_GNI_2_MC, 'Burkina Faso',0,50, Rota,0.64,0.77,2,2,988,0,0,0,0,0,0,-1
Low, UVP_assignments_GNI_2_MC, 'Burkina Faso',0,51, Rota,1.59,0.77,2,2,988,0,0,0,0,0,0,-1
Low, UVP_assignments_GNI_2_MC, 'Burkina Faso',0,52, Td,0.07,0.77,2,2,988,0,0,0,0,0,0,-1
Low, UVP_assignments_GNI_2_MC, 'Burkina Faso',0,53, Td,0.07,0.77,2,2,988,0,0,0,0,0,0,-1
Low, UVP_assignments_GNI_2_MC, 'Burkina Faso',0,54, Td,0,0,2,2,988,0,0,0,0,0,0,-1
Low, UVP_assignments_GNI_2_MC, 'Burkina Faso',0,55, Td,0.06,0.52,2,2,988,0,0,0,0,0,0,-1
Low, UVP_assignments_GNI_2_MC, 'Burkina Faso',0,56, Td,0.07,0.77,2,2,988,0,0,0,0,0,0,-1
Low, UVP_assignments_GNI_2_MC, 'Burkina Faso',0,57, Td,0.02,0.2,2,2,988,0,0,0,0,0,0,-1
Low, UVP_assignments_GNI_2_MC, 'Burkina Faso',0,58, Td,0.06,0.77,2,2,988,0,0,0,0,0,0,-1
Low, UVP_assignments_GNI_2_MC, 'Burkina Faso',0,59, YF,0.87,0.77,2,2,988,0,0,0,0,0,0,-1
Low, UVP_assignments_GNI_2_MC, 'Burkina Faso',0,60, YF,0.66,0.77,2,2,988,0,0,0,0,0,0,-1
Low, UVP_assignments_GNI_2_MC, 'Burkina Faso',0,61, YF,0.98,0.77,2,2,988,0,0,0,0,0,0,-1
Low, UVP_assignments_GNI_2_MC, 'Burkina Faso',0,62, YF,0.66,0.77,2,2,988,0,0,0,0,0,0,-1
Low, UVP_assignments_GNI_2_MC, Burundi,0,1, BCG,0,0,2,2,270,0,0,0,0,0,0,-1
Low, UVP_assignments_GNI_2_MC, Burundi,0,2, BCG,0.01,0.17,2,2,270,0,0,0,0,0,0,-1
Low, UVP_assignments_GNI_2_MC, Burundi,0,3, BCG,0,0,2,2,270,0,0,0,0,0,0,-1
Low, UVP_assignments_GNI_2_MC, Burundi,0,4, BCG,0.01,0.17,2,2,270,0,0,0,0,0,0,-1
Low, UVP_assignments_GNI_2_MC, Burundi,0,5, DT,-0.07,-1.77,2,2,270,0,0,0,0,0,0,-1
Low, UVP_assignments_GNI_2_MC, Burundi,0,6, DT,0.01,0.17,2,2,270,0,0,0,0,0,0,-1
Low, UVP_assignments_GNI_2_MC, Burundi,0,7, DTP,0.01,0.17,2,2,270,0,0,0,0,0,0,-1
Low, UVP_assignments_GNI_2_MC, Burundi,0,8, DTP,0.01,0.17,2,2,270,0,0,0,0,0,0,-1
Low, UVP_assignments_GNI_2_MC, Burundi,0,9, DTP-HepB-Hib,0.03,0.17,2,2,270,0,0,0,0,0,0,-1
Low, UVP_assignments_GNI_2_MC, Burundi,0,10, DTP-HepB-Hib,0.05,0.17,2,2,270,0,0,0,0,0,0,-1
Low, UVP_assignments_GNI_2_MC, Burundi,0,11, DTP-HepB-Hib,0.04,0.17,2,2,270,0,0,0,0,0,0,-1
Low, UVP_assignments_GNI_2_MC, Burundi,0,12, DTP-HepB-Hib,0.05,0.17,2,2,270,0,0,0,0,0,0,-1
Low, UVP_assignments_GNI_2_MC, Burundi,0,13, DTP-HepB-Hib,0.05,0.17,2,2,270,0,0,0,0,0,0,-1
Low, UVP_assignments_GNI_2_MC, Burundi,0,14, DTP-HepB-Hib,0.03,0.17,2,2,270,0,0,0,0,0,0,-1
Low, UVP_assignments_GNI_2_MC, Burundi,0,15, DTP-HepB-Hib,0.03,0.17,2,2,270,0,0,0,0,0,0,-1
Low, UVP_assignments_GNI_2_MC, Burundi,0,16, DTP-HepB-Hib,0.03,0.17,2,2,270,0,0,0,0,0,0,-1
Low, UVP_assignments_GNI_2_MC, Burundi,0,17, HPV,0.18,0.17,2,2,270,0,0,0,0,0,0,-1
Low, UVP_assignments_GNI_2_MC, Burundi,0,18, HPV,0.18,0.17,2,2,270,0,0,0,0,0,0,-1
Low, UVP_assignments_GNI_2_MC, Burundi,0,19, HepB,0.02,0.17,2,2,270,0,0,0,0,0,0,-1
Low, UVP_assignments_GNI_2_MC, Burundi,0,20, HepB,0.02,0.17,2,2,270,0,0,0,0,0,0,-1
Low, UVP_assignments_GNI_2_MC, Burundi,0,21, HepB,0.01,0.17,2,2,270,0,0,0,0,0,0,-1
Low, UVP_assignments_GNI_2_MC, Burundi,0,22, HepB,0.01,0.17,2,2,270,0,0,0,0,0,0,-1
Low, UVP_assignments_GNI_2_MC, Burundi,0,23, Hib,0.09,0.17,2,2,270,0,0,0,0,0,0,-1
Low, UVP_assignments_GNI_2_MC, Burundi,0,24, IPV,0,0,2,2,270,0,0,0,0,0,0,-1
Low, UVP_assignments_GNI_2_MC, Burundi,0,25, IPV,0.1,0.17,2,2,270,0,0,0,0,0,0,-1
Low, UVP_assignments_GNI_2_MC, Burundi,0,26, IPV,0.12,0.17,2,2,270,0,0,0,0,0,0,-1
Low, UVP_assignments_GNI_2_MC, Burundi,0,27, IPV,0.07,0.17,2,2,270,0,0,0,0,0,0,-1
Low, UVP_assignments_GNI_2_MC, Burundi,0,28, IPV,0,0,2,2,270,0,0,0,0,0,0,-1
Low, UVP_assignments_GNI_2_MC, Burundi,0,29, IPV,0.11,0.17,2,2,270,0,0,0,0,0,0,-1
Low, UVP_assignments_GNI_2_MC, Burundi,0,30, MMR,-0.14,-0.43,2,2,270,0,0,0,0,0,0,-1
Low, UVP_assignments_GNI_2_MC, Burundi,0,31, MMR,0.18,0.17,2,2,270,0,0,0,0,0,0,-1
Low, UVP_assignments_GNI_2_MC, Burundi,0,32, MMR,0.12,0.17,2,2,270,0,0,0,0,0,0,-1
Low, UVP_assignments_GNI_2_MC, Burundi,0,33, MMR,0.06,0.17,2,2,270,0,0,0,0,0,0,-1
Low, UVP_assignments_GNI_2_MC, Burundi,0,34, OPV,0.01,0.17,2,2,270,0,0,0,0,0,0,-1
Low, UVP_assignments_GNI_2_MC, Burundi,0,35, OPV,0,0.17,2,2,270,0,0,0,0,0,0,-1
Low, UVP_assignments_GNI_2_MC, Burundi,0,36, OPV,0.01,0.17,2,2,270,0,0,0,0,0,0,-1
Low, UVP_assignments_GNI_2_MC, Burundi,0,37, OPV,0.01,0.17,2,2,270,0,0,0,0,0,0,-1
Low, UVP_assignments_GNI_2_MC, Burundi,0,38, OPV,0,0.17,2,2,270,0,0,0,0,0,0,-1
Low, UVP_assignments_GNI_2_MC, Burundi,0,39, OPV,0.01,0.17,2,2,270,0,0,0,0,0,0,-1
Low, UVP_assignments_GNI_2_MC, Burundi,0,40, OPV,0.01,0.17,2,2,270,0,0,0,0,0,0,-1
Low, UVP_assignments_GNI_2_MC, Burundi,0,41, OPV,0.01,0.17,2,2,270,0,0,0,0,0,0,-1
Low, UVP_assignments_GNI_2_MC, Burundi,0,42, OPV,0.01,0.17,2,2,270,0,0,0,0,0,0,-1
Low, UVP_assignments_GNI_2_MC, Burundi,0,43, PCV,0.12,0.17,2,2,270,0,0,0,0,0,0,-1
Low, UVP_assignments_GNI_2_MC, Burundi,0,44, PCV,0.12,0.17,2,2,270,0,0,0,0,0,0,-1
Low, UVP_assignments_GNI_2_MC, Burundi,0,45, PCV,0.12,0.17,2,2,270,0,0,0,0,0,0,-1
Low, UVP_assignments_GNI_2_MC, Burundi,0,46, PCV,0.14,0.17,2,2,270,0,0,0,0,0,0,-1
Low, UVP_assignments_GNI_2_MC, Burundi,0,47, PCV,0.13,0.17,2,2,270,0,0,0,0,0,0,-1
Low, UVP_assignments_GNI_2_MC, Burundi,0,48, PCV,0.12,0.17,2,2,270,0,0,0,0,0,0,-1
Low, UVP_assignments_GNI_2_MC, Burundi,0,49, Rota,0.03,0.17,2,2,270,0,0,0,0,0,0,-1
Low, UVP_assignments_GNI_2_MC, Burundi,0,50, Rota,0.04,0.17,2,2,270,0,0,0,0,0,0,-1
Low, UVP_assignments_GNI_2_MC, Burundi,0,51, Rota,0.09,0.17,2,2,270,0,0,0,0,0,0,-1
Low, UVP_assignments_GNI_2_MC, Burundi,0,52, Td,0,0.17,2,2,270,0,0,0,0,0,0,-1
Low, UVP_assignments_GNI_2_MC, Burundi,0,53, Td,0,0.17,2,2,270,0,0,0,0,0,0,-1
Low, UVP_assignments_GNI_2_MC, Burundi,0,54, Td,0,0,2,2,270,0,0,0,0,0,0,-1
Low, UVP_assignments_GNI_2_MC, Burundi,0,55, Td,-0.03,-0.75,2,2,270,0,0,0,0,0,0,-1
Low, UVP_assignments_GNI_2_MC, Burundi,0,56, Td,0,0.17,2,2,270,0,0,0,0,0,0,-1
Low, UVP_assignments_GNI_2_MC, Burundi,0,57, Td,-0.05,-1.93,2,2,270,0,0,0,0,0,0,-1
Low, UVP_assignments_GNI_2_MC, Burundi,0,58, Td,0,0.17,2,2,270,0,0,0,0,0,0,-1
Low, UVP_assignments_GNI_2_MC, Burundi,0,59, YF,0.05,0.17,2,2,270,0,0,0,0,0,0,-1
Low, UVP_assignments_GNI_2_MC, Burundi,0,60, YF,0.04,0.17,2,2,270,0,0,0,0,0,0,-1
Low, UVP_assignments_GNI_2_MC, Burundi,0,61, YF,0.06,0.17,2,2,270,0,0,0,0,0,0,-1
Low, UVP_assignments_GNI_2_MC, Burundi,0,62, YF,0.04,0.17,2,2,270,0,0,0,0,0,0,-1
Low, UVP_assignments_GNI_2_MC, CAR,0,1, BCG,0,0,2,2,557,0,0,0,0,0,0,-1
Low, UVP_assignments_GNI_2_MC, CAR,0,2, BCG,0.06,0.6,2,2,557,0,0,0,0,0,0,-1
Low, UVP_assignments_GNI_2_MC, CAR,0,3, BCG,0,0,2,2,557,0,0,0,0,0,0,-1
Low, UVP_assignments_GNI_2_MC, CAR,0,4, BCG,0.08,0.6,2,2,557,0,0,0,0,0,0,-1
Low, UVP_assignments_GNI_2_MC, CAR,0,5, DT,-0.03,-0.34,2,2,557,0,0,0,0,0,0,-1
Low, UVP_assignments_GNI_2_MC, CAR,0,6, DT,0.05,0.6,2,2,557,0,0,0,0,0,0,-1
Low, UVP_assignments_GNI_2_MC, CAR,0,7, DTP,0.05,0.6,2,2,557,0,0,0,0,0,0,-1
Low, UVP_assignments_GNI_2_MC, CAR,0,8, DTP,0.06,0.6,2,2,557,0,0,0,0,0,0,-1
Low, UVP_assignments_GNI_2_MC, CAR,0,9, DTP-HepB-Hib,0.23,0.6,2,2,557,0,0,0,0,0,0,-1
Low, UVP_assignments_GNI_2_MC, CAR,0,10, DTP-HepB-Hib,0.34,0.6,2,2,557,0,0,0,0,0,0,-1
Low, UVP_assignments_GNI_2_MC, CAR,0,11, DTP-HepB-Hib,0.31,0.6,2,2,557,0,0,0,0,0,0,-1
Low, UVP_assignments_GNI_2_MC, CAR,0,12, DTP-HepB-Hib,0.35,0.6,2,2,557,0,0,0,0,0,0,-1
Low, UVP_assignments_GNI_2_MC, CAR,0,13, DTP-HepB-Hib,0.34,0.6,2,2,557,0,0,0,0,0,0,-1
Low, UVP_assignments_GNI_2_MC, CAR,0,14, DTP-HepB-Hib,0.24,0.6,2,2,557,0,0,0,0,0,0,-1
Low, UVP_assignments_GNI_2_MC, CAR,0,15, DTP-HepB-Hib,0.22,0.6,2,2,557,0,0,0,0,0,0,-1
Low, UVP_assignments_GNI_2_MC, CAR,0,16, DTP-HepB-Hib,0.24,0.6,2,2,557,0,0,0,0,0,0,-1
Low, UVP_assignments_GNI_2_MC, CAR,0,17, HPV,1.36,0.6,2,2,557,0,0,0,0,0,0,-1
Low, UVP_assignments_GNI_2_MC, CAR,0,18, HPV,1.33,0.6,2,2,557,0,0,0,0,0,0,-1
Low, UVP_assignments_GNI_2_MC, CAR,0,19, HepB,0.14,0.6,2,2,557,0,0,0,0,0,0,-1
Low, UVP_assignments_GNI_2_MC, CAR,0,20, HepB,0.18,0.6,2,2,557,0,0,0,0,0,0,-1
Low, UVP_assignments_GNI_2_MC, CAR,0,21, HepB,0.07,0.6,2,2,557,0,0,0,0,0,0,-1
Low, UVP_assignments_GNI_2_MC, CAR,0,22, HepB,0.07,0.6,2,2,557,0,0,0,0,0,0,-1
Low, UVP_assignments_GNI_2_MC, CAR,0,23, Hib,0.64,0.6,2,2,557,0,0,0,0,0,0,-1
Low, UVP_assignments_GNI_2_MC, CAR,0,24, IPV,0,0,2,2,557,0,0,0,0,0,0,-1
Low, UVP_assignments_GNI_2_MC, CAR,0,25, IPV,0.72,0.6,2,2,557,0,0,0,0,0,0,-1
Low, UVP_assignments_GNI_2_MC, CAR,0,26, IPV,0.92,0.6,2,2,557,0,0,0,0,0,0,-1
Low, UVP_assignments_GNI_2_MC, CAR,0,27, IPV,0.52,0.6,2,2,557,0,0,0,0,0,0,-1
Low, UVP_assignments_GNI_2_MC, CAR,0,28, IPV,0,0,2,2,557,0,0,0,0,0,0,-1
Low, UVP_assignments_GNI_2_MC, CAR,0,29, IPV,0.83,0.6,2,2,557,0,0,0,0,0,0,-1
Low, UVP_assignments_GNI_2_MC, CAR,0,30, MMR,0.22,0.31,2,2,557,0,0,0,0,0,0,-1
Low, UVP_assignments_GNI_2_MC, CAR,0,31, MMR,1.32,0.6,2,2,557,0,0,0,0,0,0,-1
Low, UVP_assignments_GNI_2_MC, CAR,0,32, MMR,0.87,0.6,2,2,557,0,0,0,0,0,0,-1
Low, UVP_assignments_GNI_2_MC, CAR,0,33, MMR,0.43,0.6,2,2,557,0,0,0,0,0,0,-1
Low, UVP_assignments_GNI_2_MC, CAR,0,34, OPV,0.05,0.6,2,2,557,0,0,0,0,0,0,-1
Low, UVP_assignments_GNI_2_MC, CAR,0,35, OPV,0.03,0.6,2,2,557,0,0,0,0,0,0,-1
Low, UVP_assignments_GNI_2_MC, CAR,0,36, OPV,0.04,0.6,2,2,557,0,0,0,0,0,0,-1
Low, UVP_assignments_GNI_2_MC, CAR,0,37, OPV,0.04,0.6,2,2,557,0,0,0,0,0,0,-1
Low, UVP_assignments_GNI_2_MC, CAR,0,38, OPV,0.04,0.6,2,2,557,0,0,0,0,0,0,-1
Low, UVP_assignments_GNI_2_MC, CAR,0,39, OPV,0.04,0.6,2,2,557,0,0,0,0,0,0,-1
Low, UVP_assignments_GNI_2_MC, CAR,0,40, OPV,0.06,0.6,2,2,557,0,0,0,0,0,0,-1
Low, UVP_assignments_GNI_2_MC, CAR,0,41, OPV,0.04,0.6,2,2,557,0,0,0,0,0,0,-1
Low, UVP_assignments_GNI_2_MC, CAR,0,42, OPV,0.05,0.6,2,2,557,0,0,0,0,0,0,-1
Low, UVP_assignments_GNI_2_MC, CAR,0,43, PCV,0.86,0.6,2,2,557,0,0,0,0,0,0,-1
Low, UVP_assignments_GNI_2_MC, CAR,0,44, PCV,0.9,0.6,2,2,557,0,0,0,0,0,0,-1
Low, UVP_assignments_GNI_2_MC, CAR,0,45, PCV,0.9,0.6,2,2,557,0,0,0,0,0,0,-1
Low, UVP_assignments_GNI_2_MC, CAR,0,46, PCV,1.02,0.6,2,2,557,0,0,0,0,0,0,-1
Low, UVP_assignments_GNI_2_MC, CAR,0,47, PCV,0.98,0.6,2,2,557,0,0,0,0,0,0,-1
Low, UVP_assignments_GNI_2_MC, CAR,0,48, PCV,0.86,0.6,2,2,557,0,0,0,0,0,0,-1
Low, UVP_assignments_GNI_2_MC, CAR,0,49, Rota,0.25,0.6,2,2,557,0,0,0,0,0,0,-1
Low, UVP_assignments_GNI_2_MC, CAR,0,50, Rota,0.28,0.6,2,2,557,0,0,0,0,0,0,-1
Low, UVP_assignments_GNI_2_MC, CAR,0,51, Rota,0.7,0.6,2,2,557,0,0,0,0,0,0,-1
Low, UVP_assignments_GNI_2_MC, CAR,0,52, Td,0.03,0.6,2,2,557,0,0,0,0,0,0,-1
Low, UVP_assignments_GNI_2_MC, CAR,0,53, Td,0.03,0.6,2,2,557,0,0,0,0,0,0,-1
Low, UVP_assignments_GNI_2_MC, CAR,0,54, Td,0,0,2,2,557,0,0,0,0,0,0,-1
Low, UVP_assignments_GNI_2_MC, CAR,0,55, Td,0.01,0.15,2,2,557,0,0,0,0,0,0,-1
Low, UVP_assignments_GNI_2_MC, CAR,0,56, Td,0.03,0.6,2,2,557,0,0,0,0,0,0,-1
Low, UVP_assignments_GNI_2_MC, CAR,0,57, Td,-0.02,-0.42,2,2,557,0,0,0,0,0,0,-1
Low, UVP_assignments_GNI_2_MC, CAR,0,58, Td,0.03,0.6,2,2,557,0,0,0,0,0,0,-1
Low, UVP_assignments_GNI_2_MC, CAR,0,59, YF,0.38,0.6,2,2,557,0,0,0,0,0,0,-1
Low, UVP_assignments_GNI_2_MC, CAR,0,60, YF,0.29,0.6,2,2,557,0,0,0,0,0,0,-1
Low, UVP_assignments_GNI_2_MC, CAR,0,61, YF,0.43,0.6,2,2,557,0,0,0,0,0,0,-1
Low, UVP_assignments_GNI_2_MC, CAR,0,62, YF,0.29,0.6,2,2,557,0,0,0,0,0,0,-1
Low, UVP_assignments_GNI_2_MC, Cambodia,0,1, BCG,0,0,2,2,1750,0,0,0,0,0,0,-1
Low, UVP_assignments_GNI_2_MC, Cambodia,0,2, BCG,0.26,0.87,2,2,1750,0,0,0,0,0,0,-1
Low, UVP_assignments_GNI_2_MC, Cambodia,0,3, BCG,0,0,2,2,1750,0,0,0,0,0,0,-1
Low, UVP_assignments_GNI_2_MC, Cambodia,0,4, BCG,0.38,0.87,2,2,1750,0,0,0,0,0,0,-1
Low, UVP_assignments_GNI_2_MC, Cambodia,0,5, DT,0.15,0.57,2,2,1750,0,0,0,0,0,0,-1
Low, UVP_assignments_GNI_2_MC, Cambodia,0,6, DT,0.23,0.87,2,2,1750,0,0,0,0,0,0,-1
Low, UVP_assignments_GNI_2_MC, Cambodia,0,7, DTP,0.23,0.87,2,2,1750,0,0,0,0,0,0,-1
Low, UVP_assignments_GNI_2_MC, Cambodia,0,8, DTP,0.26,0.87,2,2,1750,0,0,0,0,0,0,-1
Low, UVP_assignments_GNI_2_MC, Cambodia,0,9, DTP-HepB-Hib,1.06,0.87,2,2,1750,0,0,0,0,0,0,-1
Low, UVP_assignments_GNI_2_MC, Cambodia,0,10, DTP-HepB-Hib,1.56,0.87,2,2,1750,0,0,0,0,0,0,-1
Low, UVP_assignments_GNI_2_MC, Cambodia,0,11, DTP-HepB-Hib,1.42,0.87,2,2,1750,0,0,0,0,0,0,-1
Low, UVP_assignments_GNI_2_MC, Cambodia,0,12, DTP-HepB-Hib,1.61,0.87,2,2,1750,0,0,0,0,0,0,-1
Low, UVP_assignments_GNI_2_MC, Cambodia,0,13, DTP-HepB-Hib,1.56,0.87,2,2,1750,0,0,0,0,0,0,-1
Low, UVP_assignments_GNI_2_MC, Cambodia,0,14, DTP-HepB-Hib,1.1,0.87,2,2,1750,0,0,0,0,0,0,-1
Low, UVP_assignments_GNI_2_MC, Cambodia,0,15, DTP-HepB-Hib,1.02,0.87,2,2,1750,0,0,0,0,0,0,-1
Low, UVP_assignments_GNI_2_MC, Cambodia,0,16, DTP-HepB-Hib,1.08,0.87,2,2,1750,0,0,0,0,0,0,-1
Low, UVP_assignments_GNI_2_MC, Cambodia,0,17, HPV,6.24,0.87,2,2,1750,0,0,0,0,0,0,-1
Low, UVP_assignments_GNI_2_MC, Cambodia,0,18, HPV,6.1,0.87,2,2,1750,0,0,0,0,0,0,-1
Low, UVP_assignments_GNI_2_MC, Cambodia,0,19, HepB,0.66,0.87,2,2,1750,0,0,0,0,0,0,-1
Low, UVP_assignments_GNI_2_MC, Cambodia,0,20, HepB,0.81,0.87,2,2,1750,0,0,0,0,0,0,-1
Low, UVP_assignments_GNI_2_MC, Cambodia,0,21, HepB,0.33,0.87,2,2,1750,0,0,0,0,0,0,-1
Low, UVP_assignments_GNI_2_MC, Cambodia,0,22, HepB,0.34,0.87,2,2,1750,0,0,0,0,0,0,-1
Low, UVP_assignments_GNI_2_MC, Cambodia,0,23, Hib,2.91,0.87,2,2,1750,0,0,0,0,0,0,-1
Low, UVP_assignments_GNI_2_MC, Cambodia,0,24, IPV,0,0,2,2,1750,0,0,0,0,0,0,-1
Low, UVP_assignments_GNI_2_MC, Cambodia,0,25, IPV,3.32,0.87,2,2,1750,0,0,0,0,0,0,-1
Low, UVP_assignments_GNI_2_MC, Cambodia,0,26, IPV,4.2,0.87,2,2,1750,0,0,0,0,0,0,-1
Low, UVP_assignments_GNI_2_MC, Cambodia,0,27, IPV,2.37,0.87,2,2,1750,0,0,0,0,0,0,-1
Low, UVP_assignments_GNI_2_MC, Cambodia,0,28, IPV,0,0,2,2,1750,0,0,0,0,0,0,-1
Low, UVP_assignments_GNI_2_MC, Cambodia,0,29, IPV,3.8,0.87,2,2,1750,0,0,0,0,0,0,-1
Low, UVP_assignments_GNI_2_MC, Cambodia,0,30, MMR,1.71,0.78,2,2,1750,0,0,0,0,0,0,-1
Low, UVP_assignments_GNI_2_MC, Cambodia,0,31, MMR,6.06,0.87,2,2,1750,0,0,0,0,0,0,-1
Low, UVP_assignments_GNI_2_MC, Cambodia,0,32, MMR,4,0.87,2,2,1750,0,0,0,0,0,0,-1
Low, UVP_assignments_GNI_2_MC, Cambodia,0,33, MMR,1.99,0.87,2,2,1750,0,0,0,0,0,0,-1
Low, UVP_assignments_GNI_2_MC, Cambodia,0,34, OPV,0.24,0.87,2,2,1750,0,0,0,0,0,0,-1
Low, UVP_assignments_GNI_2_MC, Cambodia,0,35, OPV,0.12,0.87,2,2,1750,0,0,0,0,0,0,-1
Low, UVP_assignments_GNI_2_MC, Cambodia,0,36, OPV,0.18,0.87,2,2,1750,0,0,0,0,0,0,-1
Low, UVP_assignments_GNI_2_MC, Cambodia,0,37, OPV,0.19,0.87,2,2,1750,0,0,0,0,0,0,-1
Low, UVP_assignments_GNI_2_MC, Cambodia,0,38, OPV,0.16,0.87,2,2,1750,0,0,0,0,0,0,-1
Low, UVP_assignments_GNI_2_MC, Cambodia,0,39, OPV,0.18,0.87,2,2,1750,0,0,0,0,0,0,-1
Low, UVP_assignments_GNI_2_MC, Cambodia,0,40, OPV,0.26,0.87,2,2,1750,0,0,0,0,0,0,-1
Low, UVP_assignments_GNI_2_MC, Cambodia,0,41, OPV,0.19,0.87,2,2,1750,0,0,0,0,0,0,-1
Low, UVP_assignments_GNI_2_MC, Cambodia,0,42, OPV,0.23,0.87,2,2,1750,0,0,0,0,0,0,-1
Low, UVP_assignments_GNI_2_MC, Cambodia,0,43, PCV,3.93,0.87,2,2,1750,0,0,0,0,0,0,-1
Low, UVP_assignments_GNI_2_MC, Cambodia,0,44, PCV,4.13,0.87,2,2,1750,0,0,0,0,0,0,-1
Low, UVP_assignments_GNI_2_MC, Cambodia,0,45, PCV,4.13,0.87,2,2,1750,0,0,0,0,0,0,-1
Low, UVP_assignments_GNI_2_MC, Cambodia,0,46, PCV,4.68,0.87,2,2,1750,0,0,0,0,0,0,-1
Low, UVP_assignments_GNI_2_MC, Cambodia,0,47, PCV,4.47,0.87,2,2,1750,0,0,0,0,0,0,-1
Low, UVP_assignments_GNI_2_MC, Cambodia,0,48, PCV,3.93,0.87,2,2,1750,0,0,0,0,0,0,-1
Low, UVP_assignments_GNI_2_MC, Cambodia,0,49, Rota,1.15,0.87,2,2,1750,0,0,0,0,0,0,-1
Low, UVP_assignments_GNI_2_MC, Cambodia,0,50, Rota,1.29,0.87,2,2,1750,0,0,0,0,0,0,-1
Low, UVP_assignments_GNI_2_MC, Cambodia,0,51, Rota,3.19,0.87,2,2,1750,0,0,0,0,0,0,-1
Low, UVP_assignments_GNI_2_MC, Cambodia,0,52, Td,0.15,0.87,2,2,1750,0,0,0,0,0,0,-1
Low, UVP_assignments_GNI_2_MC, Cambodia,0,53, Td,0.15,0.87,2,2,1750,0,0,0,0,0,0,-1
Low, UVP_assignments_GNI_2_MC, Cambodia,0,54, Td,0,0,2,2,1750,0,0,0,0,0,0,-1
Low, UVP_assignments_GNI_2_MC, Cambodia,0,55, Td,0.16,0.73,2,2,1750,0,0,0,0,0,0,-1
Low, UVP_assignments_GNI_2_MC, Cambodia,0,56, Td,0.14,0.87,2,2,1750,0,0,0,0,0,0,-1
Low, UVP_assignments_GNI_2_MC, Cambodia,0,57, Td,0.09,0.55,2,2,1750,0,0,0,0,0,0,-1
Low, UVP_assignments_GNI_2_MC, Cambodia,0,58, Td,0.12,0.87,2,2,1750,0,0,0,0,0,0,-1
Low, UVP_assignments_GNI_2_MC, Cambodia,0,59, YF,1.74,0.87,2,2,1750,0,0,0,0,0,0,-1
Low, UVP_assignments_GNI_2_MC, Cambodia,0,60, YF,1.31,0.87,2,2,1750,0,0,0,0,0,0,-1
Low, UVP_assignments_GNI_2_MC, Cambodia,0,61, YF,1.95,0.87,2,2,1750,0,0,0,0,0,0,-1
Low, UVP_assignments_GNI_2_MC, Cambodia,0,62, YF,1.31,0.87,2,2,1750,0,0,0,0,0,0,-1
Low, UVP_assignments_GNI_2_MC, Cameroon,0,1, BCG,0,0,2,2,1730,0,0,0,0,0,0,-1
Low, UVP_assignments_GNI_2_MC, Cameroon,0,2, BCG,0.25,0.87,2,2,1730,0,0,0,0,0,0,-1
Low, UVP_assignments_GNI_2_MC, Cameroon,0,3, BCG,0,0,2,2,1730,0,0,0,0,0,0,-1
Low, UVP_assignments_GNI_2_MC, Cameroon,0,4, BCG,0.37,0.87,2,2,1730,0,0,0,0,0,0,-1
Low, UVP_assignments_GNI_2_MC, Cameroon,0,5, DT,0.15,0.57,2,2,1730,0,0,0,0,0,0,-1
Low, UVP_assignments_GNI_2_MC, Cameroon,0,6, DT,0.23,0.87,2,2,1730,0,0,0,0,0,0,-1
Low, UVP_assignments_GNI_2_MC, Cameroon,0,7, DTP,0.23,0.87,2,2,1730,0,0,0,0,0,0,-1
Low, UVP_assignments_GNI_2_MC, Cameroon,0,8, DTP,0.25,0.87,2,2,1730,0,0,0,0,0,0,-1
Low, UVP_assignments_GNI_2_MC, Cameroon,0,9, DTP-HepB-Hib,1.04,0.87,2,2,1730,0,0,0,0,0,0,-1
Low, UVP_assignments_GNI_2_MC, Cameroon,0,10, DTP-HepB-Hib,1.54,0.87,2,2,1730,0,0,0,0,0,0,-1
Low, UVP_assignments_GNI_2_MC, Cameroon,0,11, DTP-HepB-Hib,1.4,0.87,2,2,1730,0,0,0,0,0,0,-1
Low, UVP_assignments_GNI_2_MC, Cameroon,0,12, DTP-HepB-Hib,1.59,0.87,2,2,1730,0,0,0,0,0,0,-1
Low, UVP_assignments_GNI_2_MC, Cameroon,0,13, DTP-HepB-Hib,1.54,0.87,2,2,1730,0,0,0,0,0,0,-1
Low, UVP_assignments_GNI_2_MC, Cameroon,0,14, DTP-HepB-Hib,1.08,0.87,2,2,1730,0,0,0,0,0,0,-1
Low, UVP_assignments_GNI_2_MC, Cameroon,0,15, DTP-HepB-Hib,1,0.87,2,2,1730,0,0,0,0,0,0,-1
Low, UVP_assignments_GNI_2_MC, Cameroon,0,16, DTP-HepB-Hib,1.07,0.87,2,2,1730,0,0,0,0,0,0,-1
Low, UVP_assignments_GNI_2_MC, Cameroon,0,17, HPV,6.15,0.87,2,2,1730,0,0,0,0,0,0,-1
Low, UVP_assignments_GNI_2_MC, Cameroon,0,18, HPV,6.02,0.87,2,2,1730,0,0,0,0,0,0,-1
Low, UVP_assignments_GNI_2_MC, Cameroon,0,19, HepB,0.66,0.87,2,2,1730,0,0,0,0,0,0,-1
Low, UVP_assignments_GNI_2_MC, Cameroon,0,20, HepB,0.8,0.87,2,2,1730,0,0,0,0,0,0,-1
Low, UVP_assignments_GNI_2_MC, Cameroon,0,21, HepB,0.32,0.87,2,2,1730,0,0,0,0,0,0,-1
Low, UVP_assignments_GNI_2_MC, Cameroon,0,22, HepB,0.33,0.87,2,2,1730,0,0,0,0,0,0,-1
Low, UVP_assignments_GNI_2_MC, Cameroon,0,23, Hib,2.88,0.87,2,2,1730,0,0,0,0,0,0,-1
Low, UVP_assignments_GNI_2_MC, Cameroon,0,24, IPV,0,0,2,2,1730,0,0,0,0,0,0,-1
Low, UVP_assignments_GNI_2_MC, Cameroon,0,25, IPV,3.28,0.87,2,2,1730,0,0,0,0,0,0,-1
Low, UVP_assignments_GNI_2_MC, Cameroon,0,26, IPV,4.15,0.87,2,2,1730,0,0,0,0,0,0,-1
Low, UVP_assignments_GNI_2_MC, Cameroon,0,27, IPV,2.34,0.87,2,2,1730,0,0,0,0,0,0,-1
Low, UVP_assignments_GNI_2_MC, Cameroon,0,28, IPV,0,0,2,2,1730,0,0,0,0,0,0,-1
Low, UVP_assignments_GNI_2_MC, Cameroon,0,29, IPV,3.75,0.87,2,2,1730,0,0,0,0,0,0,-1
Low, UVP_assignments_GNI_2_MC, Cameroon,0,30, MMR,1.69,0.78,2,2,1730,0,0,0,0,0,0,-1
Low, UVP_assignments_GNI_2_MC, Cameroon,0,31, MMR,5.98,0.87,2,2,1730,0,0,0,0,0,0,-1
Low, UVP_assignments_GNI_2_MC, Cameroon,0,32, MMR,3.95,0.87,2,2,1730,0,0,0,0,0,0,-1
Low, UVP_assignments_GNI_2_MC, Cameroon,0,33, MMR,1.97,0.87,2,2,1730,0,0,0,0,0,0,-1
Low, UVP_assignments_GNI_2_MC, Cameroon,0,34, OPV,0.24,0.87,2,2,1730,0,0,0,0,0,0,-1
Low, UVP_assignments_GNI_2_MC, Cameroon,0,35, OPV,0.12,0.87,2,2,1730,0,0,0,0,0,0,-1
Low, UVP_assignments_GNI_2_MC, Cameroon,0,36, OPV,0.17,0.87,2,2,1730,0,0,0,0,0,0,-1
Low, UVP_assignments_GNI_2_MC, Cameroon,0,37, OPV,0.19,0.87,2,2,1730,0,0,0,0,0,0,-1
Low, UVP_assignments_GNI_2_MC, Cameroon,0,38, OPV,0.16,0.87,2,2,1730,0,0,0,0,0,0,-1
Low, UVP_assignments_GNI_2_MC, Cameroon,0,39, OPV,0.17,0.87,2,2,1730,0,0,0,0,0,0,-1
Low, UVP_assignments_GNI_2_MC, Cameroon,0,40, OPV,0.25,0.87,2,2,1730,0,0,0,0,0,0,-1
Low, UVP_assignments_GNI_2_MC, Cameroon,0,41, OPV,0.19,0.87,2,2,1730,0,0,0,0,0,0,-1
Low, UVP_assignments_GNI_2_MC, Cameroon,0,42, OPV,0.23,0.87,2,2,1730,0,0,0,0,0,0,-1
Low, UVP_assignments_GNI_2_MC, Cameroon,0,43, PCV,3.88,0.87,2,2,1730,0,0,0,0,0,0,-1
Low, UVP_assignments_GNI_2_MC, Cameroon,0,44, PCV,4.08,0.87,2,2,1730,0,0,0,0,0,0,-1
Low, UVP_assignments_GNI_2_MC, Cameroon,0,45, PCV,4.08,0.87,2,2,1730,0,0,0,0,0,0,-1
Low, UVP_assignments_GNI_2_MC, Cameroon,0,46, PCV,4.62,0.87,2,2,1730,0,0,0,0,0,0,-1
Low, UVP_assignments_GNI_2_MC, Cameroon,0,47, PCV,4.42,0.87,2,2,1730,0,0,0,0,0,0,-1
Low, UVP_assignments_GNI_2_MC, Cameroon,0,48, PCV,3.88,0.87,2,2,1730,0,0,0,0,0,0,-1
Low, UVP_assignments_GNI_2_MC, Cameroon,0,49, Rota,1.14,0.87,2,2,1730,0,0,0,0,0,0,-1
Low, UVP_assignments_GNI_2_MC, Cameroon,0,50, Rota,1.27,0.87,2,2,1730,0,0,0,0,0,0,-1
Low, UVP_assignments_GNI_2_MC, Cameroon,0,51, Rota,3.14,0.87,2,2,1730,0,0,0,0,0,0,-1
Low, UVP_assignments_GNI_2_MC, Cameroon,0,52, Td,0.15,0.87,2,2,1730,0,0,0,0,0,0,-1
Low, UVP_assignments_GNI_2_MC, Cameroon,0,53, Td,0.15,0.87,2,2,1730,0,0,0,0,0,0,-1
Low, UVP_assignments_GNI_2_MC, Cameroon,0,54, Td,0,0,2,2,1730,0,0,0,0,0,0,-1
Low, UVP_assignments_GNI_2_MC, Cameroon,0,55, Td,0.16,0.73,2,2,1730,0,0,0,0,0,0,-1
Low, UVP_assignments_GNI_2_MC, Cameroon,0,56, Td,0.13,0.87,2,2,1730,0,0,0,0,0,0,-1
Low, UVP_assignments_GNI_2_MC, Cameroon,0,57, Td,0.08,0.54,2,2,1730,0,0,0,0,0,0,-1
Low, UVP_assignments_GNI_2_MC, Cameroon,0,58, Td,0.12,0.87,2,2,1730,0,0,0,0,0,0,-1
Low, UVP_assignments_GNI_2_MC, Cameroon,0,59, YF,1.71,0.87,2,2,1730,0,0,0,0,0,0,-1
Low, UVP_assignments_GNI_2_MC, Cameroon,0,60, YF,1.3,0.87,2,2,1730,0,0,0,0,0,0,-1
Low, UVP_assignments_GNI_2_MC, Cameroon,0,61, YF,1.93,0.87,2,2,1730,0,0,0,0,0,0,-1
Low, UVP_assignments_GNI_2_MC, Cameroon,0,62, YF,1.3,0.87,2,2,1730,0,0,0,0,0,0,-1
Low, UVP_assignments_GNI_2_MC, Chad,0,1, BCG,0,0,2,2,744,0,0,0,0,0,0,-1
Low, UVP_assignments_GNI_2_MC, Chad,0,2, BCG,0.09,0.7,2,2,744,0,0,0,0,0,0,-1
Low, UVP_assignments_GNI_2_MC, Chad,0,3, BCG,0,0,2,2,744,0,0,0,0,0,0,-1
Low, UVP_assignments_GNI_2_MC, Chad,0,4, BCG,0.13,0.7,2,2,744,0,0,0,0,0,0,-1
Low, UVP_assignments_GNI_2_MC, Chad,0,5, DT,0,-0.01,2,2,744,0,0,0,0,0,0,-1
Low, UVP_assignments_GNI_2_MC, Chad,0,6, DT,0.08,0.7,2,2,744,0,0,0,0,0,0,-1
Low, UVP_assignments_GNI_2_MC, Chad,0,7, DTP,0.08,0.7,2,2,744,0,0,0,0,0,0,-1
Low, UVP_assignments_GNI_2_MC, Chad,0,8, DTP,0.09,0.7,2,2,744,0,0,0,0,0,0,-1
Low, UVP_assignments_GNI_2_MC, Chad,0,9, DTP-HepB-Hib,0.36,0.7,2,2,744,0,0,0,0,0,0,-1
Low, UVP_assignments_GNI_2_MC, Chad,0,10, DTP-HepB-Hib,0.53,0.7,2,2,744,0,0,0,0,0,0,-1
Low, UVP_assignments_GNI_2_MC, Chad,0,11, DTP-HepB-Hib,0.48,0.7,2,2,744,0,0,0,0,0,0,-1
Low, UVP_assignments_GNI_2_MC, Chad,0,12, DTP-HepB-Hib,0.55,0.7,2,2,744,0,0,0,0,0,0,-1
Low, UVP_assignments_GNI_2_MC, Chad,0,13, DTP-HepB-Hib,0.53,0.7,2,2,744,0,0,0,0,0,0,-1
Low, UVP_assignments_GNI_2_MC, Chad,0,14, DTP-HepB-Hib,0.37,0.7,2,2,744,0,0,0,0,0,0,-1
Low, UVP_assignments_GNI_2_MC, Chad,0,15, DTP-HepB-Hib,0.35,0.7,2,2,744,0,0,0,0,0,0,-1
Low, UVP_assignments_GNI_2_MC, Chad,0,16, DTP-HepB-Hib,0.37,0.7,2,2,744,0,0,0,0,0,0,-1
Low, UVP_assignments_GNI_2_MC, Chad,0,17, HPV,2.12,0.7,2,2,744,0,0,0,0,0,0,-1
Low, UVP_assignments_GNI_2_MC, Chad,0,18, HPV,2.08,0.7,2,2,744,0,0,0,0,0,0,-1
Low, UVP_assignments_GNI_2_MC, Chad,0,19, HepB,0.23,0.7,2,2,744,0,0,0,0,0,0,-1
Low, UVP_assignments_GNI_2_MC, Chad,0,20, HepB,0.28,0.7,2,2,744,0,0,0,0,0,0,-1
Low, UVP_assignments_GNI_2_MC, Chad,0,21, HepB,0.11,0.7,2,2,744,0,0,0,0,0,0,-1
Low, UVP_assignments_GNI_2_MC, Chad,0,22, HepB,0.12,0.7,2,2,744,0,0,0,0,0,0,-1
Low, UVP_assignments_GNI_2_MC, Chad,0,23, Hib,0.99,0.7,2,2,744,0,0,0,0,0,0,-1
Low, UVP_assignments_GNI_2_MC, Chad,0,24, IPV,0,0,2,2,744,0,0,0,0,0,0,-1
Low, UVP_assignments_GNI_2_MC, Chad,0,25, IPV,1.13,0.7,2,2,744,0,0,0,0,0,0,-1
Low, UVP_assignments_GNI_2_MC, Chad,0,26, IPV,1.43,0.7,2,2,744,0,0,0,0,0,0,-1
Low, UVP_assignments_GNI_2_MC, Chad,0,27, IPV,0.81,0.7,2,2,744,0,0,0,0,0,0,-1
Low, UVP_assignments_GNI_2_MC, Chad,0,28, IPV,0,0,2,2,744,0,0,0,0,0,0,-1
Low, UVP_assignments_GNI_2_MC, Chad,0,29, IPV,1.29,0.7,2,2,744,0,0,0,0,0,0,-1
Low, UVP_assignments_GNI_2_MC, Chad,0,30, MMR,0.45,0.48,2,2,744,0,0,0,0,0,0,-1
Low, UVP_assignments_GNI_2_MC, Chad,0,31, MMR,2.06,0.7,2,2,744,0,0,0,0,0,0,-1
Low, UVP_assignments_GNI_2_MC, Chad,0,32, MMR,1.36,0.7,2,2,744,0,0,0,0,0,0,-1
Low, UVP_assignments_GNI_2_MC, Chad,0,33, MMR,0.68,0.7,2,2,744,0,0,0,0,0,0,-1
Low, UVP_assignments_GNI_2_MC, Chad,0,34, OPV,0.08,0.7,2,2,744,0,0,0,0,0,0,-1
Low, UVP_assignments_GNI_2_MC, Chad,0,35, OPV,0.04,0.7,2,2,744,0,0,0,0,0,0,-1
Low, UVP_assignments_GNI_2_MC, Chad,0,36, OPV,0.06,0.7,2,2,744,0,0,0,0,0,0,-1
Low, UVP_assignments_GNI_2_MC, Chad,0,37, OPV,0.06,0.7,2,2,744,0,0,0,0,0,0,-1
Low, UVP_assignments_GNI_2_MC, Chad,0,38, OPV,0.06,0.7,2,2,744,0,0,0,0,0,0,-1
Low, UVP_assignments_GNI_2_MC, Chad,0,39, OPV,0.06,0.7,2,2,744,0,0,0,0,0,0,-1
Low, UVP_assignments_GNI_2_MC, Chad,0,40, OPV,0.09,0.7,2,2,744,0,0,0,0,0,0,-1
Low, UVP_assignments_GNI_2_MC, Chad,0,41, OPV,0.06,0.7,2,2,744,0,0,0,0,0,0,-1
Low, UVP_assignments_GNI_2_MC, Chad,0,42, OPV,0.08,0.7,2,2,744,0,0,0,0,0,0,-1
Low, UVP_assignments_GNI_2_MC, Chad,0,43, PCV,1.34,0.7,2,2,744,0,0,0,0,0,0,-1
Low, UVP_assignments_GNI_2_MC, Chad,0,44, PCV,1.41,0.7,2,2,744,0,0,0,0,0,0,-1
Low, UVP_assignments_GNI_2_MC, Chad,0,45, PCV,1.41,0.7,2,2,744,0,0,0,0,0,0,-1
Low, UVP_assignments_GNI_2_MC, Chad,0,46, PCV,1.59,0.7,2,2,744,0,0,0,0,0,0,-1
Low, UVP_assignments_GNI_2_MC, Chad,0,47, PCV,1.52,0.7,2,2,744,0,0,0,0,0,0,-1
Low, UVP_assignments_GNI_2_MC, Chad,0,48, PCV,1.34,0.7,2,2,744,0,0,0,0,0,0,-1
Low, UVP_assignments_GNI_2_MC, Chad,0,49, Rota,0.39,0.7,2,2,744,0,0,0,0,0,0,-1
Low, UVP_assignments_GNI_2_MC, Chad,0,50, Rota,0.44,0.7,2,2,744,0,0,0,0,0,0,-1
Low, UVP_assignments_GNI_2_MC, Chad,0,51, Rota,1.08,0.7,2,2,744,0,0,0,0,0,0,-1
Low, UVP_assignments_GNI_2_MC, Chad,0,52, Td,0.05,0.7,2,2,744,0,0,0,0,0,0,-1
Low, UVP_assignments_GNI_2_MC, Chad,0,53, Td,0.05,0.7,2,2,744,0,0,0,0,0,0,-1
Low, UVP_assignments_GNI_2_MC, Chad,0,54, Td,0,0,2,2,744,0,0,0,0,0,0,-1
Low, UVP_assignments_GNI_2_MC, Chad,0,55, Td,0.03,0.36,2,2,744,0,0,0,0,0,0,-1
Low, UVP_assignments_GNI_2_MC, Chad,0,56, Td,0.05,0.7,2,2,744,0,0,0,0,0,0,-1
Low, UVP_assignments_GNI_2_MC, Chad,0,57, Td,0,-0.06,2,2,744,0,0,0,0,0,0,-1
Low, UVP_assignments_GNI_2_MC, Chad,0,58, Td,0.04,0.7,2,2,744,0,0,0,0,0,0,-1
Low, UVP_assignments_GNI_2_MC, Chad,0,59, YF,0.59,0.7,2,2,744,0,0,0,0,0,0,-1
Low, UVP_assignments_GNI_2_MC, Chad,0,60, YF,0.45,0.7,2,2,744,0,0,0,0,0,0,-1
Low, UVP_assignments_GNI_2_MC, Chad,0,61, YF,0.66,0.7,2,2,744,0,0,0,0,0,0,-1
Low, UVP_assignments_GNI_2_MC, Chad,0,62, YF,0.45,0.7,2,2,744,0,0,0,0,0,0,-1
Low, UVP_assignments_GNI_2_MC, Comoros,0,1, BCG,0,0,2,2,1427,0,0,0,0,0,0,-1
Low, UVP_assignments_GNI_2_MC, Comoros,0,2, BCG,0.2,0.84,2,2,1427,0,0,0,0,0,0,-1
Low, UVP_assignments_GNI_2_MC, Comoros,0,3, BCG,0,0,2,2,1427,0,0,0,0,0,0,-1
Low, UVP_assignments_GNI_2_MC, Comoros,0,4, BCG,0.3,0.84,2,2,1427,0,0,0,0,0,0,-1
Low, UVP_assignments_GNI_2_MC, Comoros,0,5, DT,0.1,0.48,2,2,1427,0,0,0,0,0,0,-1
Low, UVP_assignments_GNI_2_MC, Comoros,0,6, DT,0.18,0.84,2,2,1427,0,0,0,0,0,0,-1
Low, UVP_assignments_GNI_2_MC, Comoros,0,7, DTP,0.18,0.84,2,2,1427,0,0,0,0,0,0,-1
Low, UVP_assignments_GNI_2_MC, Comoros,0,8, DTP,0.2,0.84,2,2,1427,0,0,0,0,0,0,-1
Low, UVP_assignments_GNI_2_MC, Comoros,0,9, DTP-HepB-Hib,0.83,0.84,2,2,1427,0,0,0,0,0,0,-1
Low, UVP_assignments_GNI_2_MC, Comoros,0,10, DTP-HepB-Hib,1.23,0.84,2,2,1427,0,0,0,0,0,0,-1
Low, UVP_assignments_GNI_2_MC, Comoros,0,11, DTP-HepB-Hib,1.12,0.84,2,2,1427,0,0,0,0,0,0,-1
Low, UVP_assignments_GNI_2_MC, Comoros,0,12, DTP-HepB-Hib,1.27,0.84,2,2,1427,0,0,0,0,0,0,-1
Low, UVP_assignments_GNI_2_MC, Comoros,0,13, DTP-HepB-Hib,1.23,0.84,2,2,1427,0,0,0,0,0,0,-1
Low, UVP_assignments_GNI_2_MC, Comoros,0,14, DTP-HepB-Hib,0.87,0.84,2,2,1427,0,0,0,0,0,0,-1
Low, UVP_assignments_GNI_2_MC, Comoros,0,15, DTP-HepB-Hib,0.8,0.84,2,2,1427,0,0,0,0,0,0,-1
Low, UVP_assignments_GNI_2_MC, Comoros,0,16, DTP-HepB-Hib,0.85,0.84,2,2,1427,0,0,0,0,0,0,-1
Low, UVP_assignments_GNI_2_MC, Comoros,0,17, HPV,4.91,0.84,2,2,1427,0,0,0,0,0,0,-1
Low, UVP_assignments_GNI_2_MC, Comoros,0,18, HPV,4.81,0.84,2,2,1427,0,0,0,0,0,0,-1
Low, UVP_assignments_GNI_2_MC, Comoros,0,19, HepB,0.52,0.84,2,2,1427,0,0,0,0,0,0,-1
Low, UVP_assignments_GNI_2_MC, Comoros,0,20, HepB,0.64,0.84,2,2,1427,0,0,0,0,0,0,-1
Low, UVP_assignments_GNI_2_MC, Comoros,0,21, HepB,0.26,0.84,2,2,1427,0,0,0,0,0,0,-1
Low, UVP_assignments_GNI_2_MC, Comoros,0,22, HepB,0.27,0.84,2,2,1427,0,0,0,0,0,0,-1
Low, UVP_assignments_GNI_2_MC, Comoros,0,23, Hib,2.3,0.84,2,2,1427,0,0,0,0,0,0,-1
Low, UVP_assignments_GNI_2_MC, Comoros,0,24, IPV,0,0,2,2,1427,0,0,0,0,0,0,-1
Low, UVP_assignments_GNI_2_MC, Comoros,0,25, IPV,2.62,0.84,2,2,1427,0,0,0,0,0,0,-1
Low, UVP_assignments_GNI_2_MC, Comoros,0,26, IPV,3.31,0.84,2,2,1427,0,0,0,0,0,0,-1
Low, UVP_assignments_GNI_2_MC, Comoros,0,27, IPV,1.87,0.84,2,2,1427,0,0,0,0,0,0,-1
Low, UVP_assignments_GNI_2_MC, Comoros,0,28, IPV,0,0,2,2,1427,0,0,0,0,0,0,-1
Low, UVP_assignments_GNI_2_MC, Comoros,0,29, IPV,2.99,0.84,2,2,1427,0,0,0,0,0,0,-1
Low, UVP_assignments_GNI_2_MC, Comoros,0,30, MMR,1.31,0.73,2,2,1427,0,0,0,0,0,0,-1
Low, UVP_assignments_GNI_2_MC, Comoros,0,31, MMR,4.77,0.84,2,2,1427,0,0,0,0,0,0,-1
Low, UVP_assignments_GNI_2_MC, Comoros,0,32, MMR,3.15,0.84,2,2,1427,0,0,0,0,0,0,-1
Low, UVP_assignments_GNI_2_MC, Comoros,0,33, MMR,1.57,0.84,2,2,1427,0,0,0,0,0,0,-1
Low, UVP_assignments_GNI_2_MC, Comoros,0,34, OPV,0.19,0.84,2,2,1427,0,0,0,0,0,0,-1
Low, UVP_assignments_GNI_2_MC, Comoros,0,35, OPV,0.1,0.84,2,2,1427,0,0,0,0,0,0,-1
Low, UVP_assignments_GNI_2_MC, Comoros,0,36, OPV,0.14,0.84,2,2,1427,0,0,0,0,0,0,-1
Low, UVP_assignments_GNI_2_MC, Comoros,0,37, OPV,0.15,0.84,2,2,1427,0,0,0,0,0,0,-1
Low, UVP_assignments_GNI_2_MC, Comoros,0,38, OPV,0.13,0.84,2,2,1427,0,0,0,0,0,0,-1
Low, UVP_assignments_GNI_2_MC, Comoros,0,39, OPV,0.14,0.84,2,2,1427,0,0,0,0,0,0,-1
Low, UVP_assignments_GNI_2_MC, Comoros,0,40, OPV,0.2,0.84,2,2,1427,0,0,0,0,0,0,-1
Low, UVP_assignments_GNI_2_MC, Comoros,0,41, OPV,0.15,0.84,2,2,1427,0,0,0,0,0,0,-1
Low, UVP_assignments_GNI_2_MC, Comoros,0,42, OPV,0.18,0.84,2,2,1427,0,0,0,0,0,0,-1
Low, UVP_assignments_GNI_2_MC, Comoros,0,43, PCV,3.1,0.84,2,2,1427,0,0,0,0,0,0,-1
Low, UVP_assignments_GNI_2_MC, Comoros,0,44, PCV,3.26,0.84,2,2,1427,0,0,0,0,0,0,-1
Low, UVP_assignments_GNI_2_MC, Comoros,0,45, PCV,3.26,0.84,2,2,1427,0,0,0,0,0,0,-1
Low, UVP_assignments_GNI_2_MC, Comoros,0,46, PCV,3.69,0.84,2,2,1427,0,0,0,0,0,0,-1
Low, UVP_assignments_GNI_2_MC, Comoros,0,47, PCV,3.52,0.84,2,2,1427,0,0,0,0,0,0,-1
Low, UVP_assignments_GNI_2_MC, Comoros,0,48, PCV,3.1,0.84,2,2,1427,0,0,0,0,0,0,-1
Low, UVP_assignments_GNI_2_MC, Comoros,0,49, Rota,0.91,0.84,2,2,1427,0,0,0,0,0,0,-1
Low, UVP_assignments_GNI_2_MC, Comoros,0,50, Rota,1.01,0.84,2,2,1427,0,0,0,0,0,0,-1
Low, UVP_assignments_GNI_2_MC, Comoros,0,51, Rota,2.51,0.84,2,2,1427,0,0,0,0,0,0,-1
Low, UVP_assignments_GNI_2_MC, Comoros,0,52, Td,0.12,0.84,2,2,1427,0,0,0,0,0,0,-1
Low, UVP_assignments_GNI_2_MC, Comoros,0,53, Td,0.12,0.84,2,2,1427,0,0,0,0,0,0,-1
Low, UVP_assignments_GNI_2_MC, Comoros,0,54, Td,0,0,2,2,1427,0,0,0,0,0,0,-1
Low, UVP_assignments_GNI_2_MC, Comoros,0,55, Td,0.12,0.67,2,2,1427,0,0,0,0,0,0,-1
Low, UVP_assignments_GNI_2_MC, Comoros,0,56, Td,0.11,0.84,2,2,1427,0,0,0,0,0,0,-1
Low, UVP_assignments_GNI_2_MC, Comoros,0,57, Td,0.06,0.45,2,2,1427,0,0,0,0,0,0,-1
Low, UVP_assignments_GNI_2_MC, Comoros,0,58, Td,0.1,0.84,2,2,1427,0,0,0,0,0,0,-1
Low, UVP_assignments_GNI_2_MC, Comoros,0,59, YF,1.37,0.84,2,2,1427,0,0,0,0,0,0,-1
Low, UVP_assignments_GNI_2_MC, Comoros,0,60, YF,1.04,0.84,2,2,1427,0,0,0,0,0,0,-1
Low, UVP_assignments_GNI_2_MC, Comoros,0,61, YF,1.54,0.84,2,2,1427,0,0,0,0,0,0,-1
Low, UVP_assignments_GNI_2_MC, Comoros,0,62, YF,1.04,0.84,2,2,1427,0,0,0,0,0,0,-1
Low, UVP_assignments_GNI_2_MC, Congo,0,1, BCG,0,0,1,2,2704,0,0,0,0,0,0,-1
Low, UVP_assignments_GNI_2_MC, Congo,0,2, BCG,0.15,0.34,1,2,2704,0,0,0,0,0,0,-1
Low, UVP_assignments_GNI_2_MC, Congo,0,3, BCG,0,0,1,2,2704,0,0,0,0,0,0,-1
Low, UVP_assignments_GNI_2_MC, Congo,0,4, BCG,0.23,0.34,1,2,2704,0,0,0,0,0,0,-1
Low, UVP_assignments_GNI_2_MC, Congo,0,5, DT,0,0,1,2,2704,0,0,0,0,0,0,-1
Low, UVP_assignments_GNI_2_MC, Congo,0,6, DT,0.14,0.34,1,2,2704,0,0,0,0,0,0,-1
Low, UVP_assignments_GNI_2_MC, Congo,0,7, DTP,0.14,0.34,1,2,2704,0,0,0,0,0,0,-1
Low, UVP_assignments_GNI_2_MC, Congo,0,8, DTP,0.15,0.34,1,2,2704,0,0,0,0,0,0,-1
Low, UVP_assignments_GNI_2_MC, Congo,0,9, DTP-HepB-Hib,0.63,0.34,1,2,2704,0,0,0,0,0,0,-1
Low, UVP_assignments_GNI_2_MC, Congo,0,10, DTP-HepB-Hib,0.93,0.34,1,2,2704,0,0,0,0,0,0,-1
Low, UVP_assignments_GNI_2_MC, Congo,0,11, DTP-HepB-Hib,0.85,0.34,1,2,2704,0,0,0,0,0,0,-1
Low, UVP_assignments_GNI_2_MC, Congo,0,12, DTP-HepB-Hib,0.96,0.34,1,2,2704,0,0,0,0,0,0,-1
Low, UVP_assignments_GNI_2_MC, Congo,0,13, DTP-HepB-Hib,0.93,0.34,1,2,2704,0,0,0,0,0,0,-1
Low, UVP_assignments_GNI_2_MC, Congo,0,14, DTP-HepB-Hib,0.65,0.34,1,2,2704,0,0,0,0,0,0,-1
Low, UVP_assignments_GNI_2_MC, Congo,0,15, DTP-HepB-Hib,0.61,0.34,1,2,2704,0,0,0,0,0,0,-1
Low, UVP_assignments_GNI_2_MC, Congo,0,16, DTP-HepB-Hib,0.65,0.34,1,2,2704,0,0,0,0,0,0,-1
Low, UVP_assignments_GNI_2_MC, Congo,0,17, HPV,3.72,0.34,1,2,2704,0,0,0,0,0,0,-1
Low, UVP_assignments_GNI_2_MC, Congo,0,18, HPV,3.64,0.34,1,2,2704,0,0,0,0,0,0,-1
Low, UVP_assignments_GNI_2_MC, Congo,0,19, HepB,0.4,0.34,1,2,2704,0,0,0,0,0,0,-1
Low, UVP_assignments_GNI_2_MC, Congo,0,20, HepB,0.48,0.34,1,2,2704,0,0,0,0,0,0,-1
Low, UVP_assignments_GNI_2_MC, Congo,0,21, HepB,0.19,0.34,1,2,2704,0,0,0,0,0,0,-1
Low, UVP_assignments_GNI_2_MC, Congo,0,22, HepB,0.2,0.34,1,2,2704,0,0,0,0,0,0,-1
Low, UVP_assignments_GNI_2_MC, Congo,0,23, Hib,1.74,0.34,1,2,2704,0,0,0,0,0,0,-1
Low, UVP_assignments_GNI_2_MC, Congo,0,24, IPV,1.69,0.34,1,2,2704,0,0,0,0,0,0,-1
Low, UVP_assignments_GNI_2_MC, Congo,0,25, IPV,1.98,0.34,1,2,2704,0,0,0,0,0,0,-1
Low, UVP_assignments_GNI_2_MC, Congo,0,26, IPV,2.51,0.34,1,2,2704,0,0,0,0,0,0,-1
Low, UVP_assignments_GNI_2_MC, Congo,0,27, IPV,1.41,0.34,1,2,2704,0,0,0,0,0,0,-1
Low, UVP_assignments_GNI_2_MC, Congo,0,28, IPV,1.88,0.34,1,2,2704,0,0,0,0,0,0,-1
Low, UVP_assignments_GNI_2_MC, Congo,0,29, IPV,2.26,0.34,1,2,2704,0,0,0,0,0,0,-1
Low, UVP_assignments_GNI_2_MC, Congo,0,30, MMR,0,0,1,2,2704,0,0,0,0,0,0,-1
Low, UVP_assignments_GNI_2_MC, Congo,0,31, MMR,3.61,0.34,1,2,2704,0,0,0,0,0,0,-1
Low, UVP_assignments_GNI_2_MC, Congo,0,32, MMR,2.38,0.34,1,2,2704,0,0,0,0,0,0,-1
Low, UVP_assignments_GNI_2_MC, Congo,0,33, MMR,1.19,0.34,1,2,2704,0,0,0,0,0,0,-1
Low, UVP_assignments_GNI_2_MC, Congo,0,34, OPV,0.15,0.34,1,2,2704,0,0,0,0,0,0,-1
Low, UVP_assignments_GNI_2_MC, Congo,0,35, OPV,0.07,0.34,1,2,2704,0,0,0,0,0,0,-1
Low, UVP_assignments_GNI_2_MC, Congo,0,36, OPV,0.11,0.34,1,2,2704,0,0,0,0,0,0,-1
Low, UVP_assignments_GNI_2_MC, Congo,0,37, OPV,0.11,0.34,1,2,2704,0,0,0,0,0,0,-1
Low, UVP_assignments_GNI_2_MC, Congo,0,38, OPV,0.1,0.34,1,2,2704,0,0,0,0,0,0,-1
Low, UVP_assignments_GNI_2_MC, Congo,0,39, OPV,0.11,0.34,1,2,2704,0,0,0,0,0,0,-1
Low, UVP_assignments_GNI_2_MC, Congo,0,40, OPV,0.15,0.34,1,2,2704,0,0,0,0,0,0,-1
Low, UVP_assignments_GNI_2_MC, Congo,0,41, OPV,0.11,0.34,1,2,2704,0,0,0,0,0,0,-1
Low, UVP_assignments_GNI_2_MC, Congo,0,42, OPV,0.14,0.34,1,2,2704,0,0,0,0,0,0,-1
Low, UVP_assignments_GNI_2_MC, Congo,0,43, PCV,2.34,0.34,1,2,2704,0,0,0,0,0,0,-1
Low, UVP_assignments_GNI_2_MC, Congo,0,44, PCV,2.46,0.34,1,2,2704,0,0,0,0,0,0,-1
Low, UVP_assignments_GNI_2_MC, Congo,0,45, PCV,2.46,0.34,1,2,2704,0,0,0,0,0,0,-1
Low, UVP_assignments_GNI_2_MC, Congo,0,46, PCV,2.79,0.34,1,2,2704,0,0,0,0,0,0,-1
Low, UVP_assignments_GNI_2_MC, Congo,0,47, PCV,2.67,0.34,1,2,2704,0,0,0,0,0,0,-1
Low, UVP_assignments_GNI_2_MC, Congo,0,48, PCV,2.34,0.34,1,2,2704,0,0,0,0,0,0,-1
Low, UVP_assignments_GNI_2_MC, Congo,0,49, Rota,0.69,0.34,1,2,2704,0,0,0,0,0,0,-1
Low, UVP_assignments_GNI_2_MC, Congo,0,50, Rota,0.77,0.34,1,2,2704,0,0,0,0,0,0,-1
Low, UVP_assignments_GNI_2_MC, Congo,0,51, Rota,1.9,0.34,1,2,2704,0,0,0,0,0,0,-1
Low, UVP_assignments_GNI_2_MC, Congo,0,52, Td,0.09,0.34,1,2,2704,0,0,0,0,0,0,-1
Low, UVP_assignments_GNI_2_MC, Congo,0,53, Td,0.09,0.34,1,2,2704,0,0,0,0,0,0,-1
Low, UVP_assignments_GNI_2_MC, Congo,0,54, Td,0,0,1,2,2704,0,0,0,0,0,0,-1
Low, UVP_assignments_GNI_2_MC, Congo,0,55, Td,0.11,0.34,1,2,2704,0,0,0,0,0,0,-1
Low, UVP_assignments_GNI_2_MC, Congo,0,56, Td,0.08,0.34,1,2,2704,0,0,0,0,0,0,-1
Low, UVP_assignments_GNI_2_MC, Congo,0,57, Td,0.07,0.31,1,2,2704,0,0,0,0,0,0,-1
Low, UVP_assignments_GNI_2_MC, Congo,0,58, Td,0.07,0.34,1,2,2704,0,0,0,0,0,0,-1
Low, UVP_assignments_GNI_2_MC, Congo,0,59, YF,1.03,0.34,1,2,2704,0,0,0,0,0,0,-1
Low, UVP_assignments_GNI_2_MC, Congo,0,60, YF,0.78,0.34,1,2,2704,0,0,0,0,0,0,-1
Low, UVP_assignments_GNI_2_MC, Congo,0,61, YF,1.16,0.34,1,2,2704,0,0,0,0,0,0,-1
Low, UVP_assignments_GNI_2_MC, Congo,0,62, YF,0.78,0.34,1,2,2704,0,0,0,0,0,0,-1
Low, UVP_assignments_GNI_2_MC, 'Côte d'Ivoire',0,1, BCG,0,0,1,2,2646,0,0,0,0,0,0,-1
Low, UVP_assignments_GNI_2_MC, 'Côte d'Ivoire',0,2, BCG,0.14,0.32,1,2,2646,0,0,0,0,0,0,-1
Low, UVP_assignments_GNI_2_MC, 'Côte d'Ivoire',0,3, BCG,0,0,1,2,2646,0,0,0,0,0,0,-1
Low, UVP_assignments_GNI_2_MC, 'Côte d'Ivoire',0,4, BCG,0.21,0.32,1,2,2646,0,0,0,0,0,0,-1
Low, UVP_assignments_GNI_2_MC, 'Côte d'Ivoire',0,5, DT,0,0,1,2,2646,0,0,0,0,0,0,-1
Low, UVP_assignments_GNI_2_MC, 'Côte d'Ivoire',0,6, DT,0.13,0.32,1,2,2646,0,0,0,0,0,0,-1
Low, UVP_assignments_GNI_2_MC, 'Côte d'Ivoire',0,7, DTP,0.13,0.32,1,2,2646,0,0,0,0,0,0,-1
Low, UVP_assignments_GNI_2_MC, 'Côte d'Ivoire',0,8, DTP,0.14,0.32,1,2,2646,0,0,0,0,0,0,-1
Low, UVP_assignments_GNI_2_MC, 'Côte d'Ivoire',0,9, DTP-HepB-Hib,0.59,0.32,1,2,2646,0,0,0,0,0,0,-1
Low, UVP_assignments_GNI_2_MC, 'Côte d'Ivoire',0,10, DTP-HepB-Hib,0.87,0.32,1,2,2646,0,0,0,0,0,0,-1
Low, UVP_assignments_GNI_2_MC, 'Côte d'Ivoire',0,11, DTP-HepB-Hib,0.79,0.32,1,2,2646,0,0,0,0,0,0,-1
Low, UVP_assignments_GNI_2_MC, 'Côte d'Ivoire',0,12, DTP-HepB-Hib,0.9,0.32,1,2,2646,0,0,0,0,0,0,-1
Low, UVP_assignments_GNI_2_MC, 'Côte d'Ivoire',0,13, DTP-HepB-Hib,0.87,0.32,1,2,2646,0,0,0,0,0,0,-1
Low, UVP_assignments_GNI_2_MC, 'Côte d'Ivoire',0,14, DTP-HepB-Hib,0.61,0.32,1,2,2646,0,0,0,0,0,0,-1
Low, UVP_assignments_GNI_2_MC, 'Côte d'Ivoire',0,15, DTP-HepB-Hib,0.57,0.32,1,2,2646,0,0,0,0,0,0,-1
Low, UVP_assignments_GNI_2_MC, 'Côte d'Ivoire',0,16, DTP-HepB-Hib,0.6,0.32,1,2,2646,0,0,0,0,0,0,-1
Low, UVP_assignments_GNI_2_MC, 'Côte d'Ivoire',0,17, HPV,3.48,0.32,1,2,2646,0,0,0,0,0,0,-1
Low, UVP_assignments_GNI_2_MC, 'Côte d'Ivoire',0,18, HPV,3.4,0.32,1,2,2646,0,0,0,0,0,0,-1
Low, UVP_assignments_GNI_2_MC, 'Côte d'Ivoire',0,19, HepB,0.37,0.32,1,2,2646,0,0,0,0,0,0,-1
Low, UVP_assignments_GNI_2_MC, 'Côte d'Ivoire',0,20, HepB,0.45,0.32,1,2,2646,0,0,0,0,0,0,-1
Low, UVP_assignments_GNI_2_MC, 'Côte d'Ivoire',0,21, HepB,0.18,0.32,1,2,2646,0,0,0,0,0,0,-1
Low, UVP_assignments_GNI_2_MC, 'Côte d'Ivoire',0,22, HepB,0.19,0.32,1,2,2646,0,0,0,0,0,0,-1
Low, UVP_assignments_GNI_2_MC, 'Côte d'Ivoire',0,23, Hib,1.62,0.32,1,2,2646,0,0,0,0,0,0,-1
Low, UVP_assignments_GNI_2_MC, 'Côte d'Ivoire',0,24, IPV,1.58,0.32,1,2,2646,0,0,0,0,0,0,-1
Low, UVP_assignments_GNI_2_MC, 'Côte d'Ivoire',0,25, IPV,1.85,0.32,1,2,2646,0,0,0,0,0,0,-1
Low, UVP_assignments_GNI_2_MC, 'Côte d'Ivoire',0,26, IPV,2.34,0.32,1,2,2646,0,0,0,0,0,0,-1
Low, UVP_assignments_GNI_2_MC, 'Côte d'Ivoire',0,27, IPV,1.32,0.32,1,2,2646,0,0,0,0,0,0,-1
Low, UVP_assignments_GNI_2_MC, 'Côte d'Ivoire',0,28, IPV,1.76,0.32,1,2,2646,0,0,0,0,0,0,-1
Low, UVP_assignments_GNI_2_MC, 'Côte d'Ivoire',0,29, IPV,2.12,0.32,1,2,2646,0,0,0,0,0,0,-1
Low, UVP_assignments_GNI_2_MC, 'Côte d'Ivoire',0,30, MMR,0,0,1,2,2646,0,0,0,0,0,0,-1
Low, UVP_assignments_GNI_2_MC, 'Côte d'Ivoire',0,31, MMR,3.38,0.32,1,2,2646,0,0,0,0,0,0,-1
Low, UVP_assignments_GNI_2_MC, 'Côte d'Ivoire',0,32, MMR,2.23,0.32,1,2,2646,0,0,0,0,0,0,-1
Low, UVP_assignments_GNI_2_MC, 'Côte d'Ivoire',0,33, MMR,1.11,0.32,1,2,2646,0,0,0,0,0,0,-1
Low, UVP_assignments_GNI_2_MC, 'Côte d'Ivoire',0,34, OPV,0.14,0.32,1,2,2646,0,0,0,0,0,0,-1
Low, UVP_assignments_GNI_2_MC, 'Côte d'Ivoire',0,35, OPV,0.07,0.32,1,2,2646,0,0,0,0,0,0,-1
Low, UVP_assignments_GNI_2_MC, 'Côte d'Ivoire',0,36, OPV,0.1,0.32,1,2,2646,0,0,0,0,0,0,-1
Low, UVP_assignments_GNI_2_MC, 'Côte d'Ivoire',0,37, OPV,0.11,0.32,1,2,2646,0,0,0,0,0,0,-1
Low, UVP_assignments_GNI_2_MC, 'Côte d'Ivoire',0,38, OPV,0.09,0.32,1,2,2646,0,0,0,0,0,0,-1
Low, UVP_assignments_GNI_2_MC, 'Côte d'Ivoire',0,39, OPV,0.1,0.32,1,2,2646,0,0,0,0,0,0,-1
Low, UVP_assignments_GNI_2_MC, 'Côte d'Ivoire',0,40, OPV,0.14,0.32,1,2,2646,0,0,0,0,0,0,-1
Low, UVP_assignments_GNI_2_MC, 'Côte d'Ivoire',0,41, OPV,0.11,0.32,1,2,2646,0,0,0,0,0,0,-1
Low, UVP_assignments_GNI_2_MC, 'Côte d'Ivoire',0,42, OPV,0.13,0.32,1,2,2646,0,0,0,0,0,0,-1
Low, UVP_assignments_GNI_2_MC, 'Côte d'Ivoire',0,43, PCV,2.19,0.32,1,2,2646,0,0,0,0,0,0,-1
Low, UVP_assignments_GNI_2_MC, 'Côte d'Ivoire',0,44, PCV,2.31,0.32,1,2,2646,0,0,0,0,0,0,-1
Low, UVP_assignments_GNI_2_MC, 'Côte d'Ivoire',0,45, PCV,2.31,0.32,1,2,2646,0,0,0,0,0,0,-1
Low, UVP_assignments_GNI_2_MC, 'Côte d'Ivoire',0,46, PCV,2.61,0.32,1,2,2646,0,0,0,0,0,0,-1
Low, UVP_assignments_GNI_2_MC, 'Côte d'Ivoire',0,47, PCV,2.49,0.32,1,2,2646,0,0,0,0,0,0,-1
Low, UVP_assignments_GNI_2_MC, 'Côte d'Ivoire',0,48, PCV,2.19,0.32,1,2,2646,0,0,0,0,0,0,-1
Low, UVP_assignments_GNI_2_MC, 'Côte d'Ivoire',0,49, Rota,0.64,0.32,1,2,2646,0,0,0,0,0,0,-1
Low, UVP_assignments_GNI_2_MC, 'Côte d'Ivoire',0,50, Rota,0.72,0.32,1,2,2646,0,0,0,0,0,0,-1
Low, UVP_assignments_GNI_2_MC, 'Côte d'Ivoire',0,51, Rota,1.78,0.32,1,2,2646,0,0,0,0,0,0,-1
Low, UVP_assignments_GNI_2_MC, 'Côte d'Ivoire',0,52, Td,0.08,0.32,1,2,2646,0,0,0,0,0,0,-1
Low, UVP_assignments_GNI_2_MC, 'Côte d'Ivoire',0,53, Td,0.08,0.32,1,2,2646,0,0,0,0,0,0,-1
Low, UVP_assignments_GNI_2_MC, 'Côte d'Ivoire',0,54, Td,0,0,1,2,2646,0,0,0,0,0,0,-1
Low, UVP_assignments_GNI_2_MC, 'Côte d'Ivoire',0,55, Td,0.11,0.32,1,2,2646,0,0,0,0,0,0,-1
Low, UVP_assignments_GNI_2_MC, 'Côte d'Ivoire',0,56, Td,0.08,0.32,1,2,2646,0,0,0,0,0,0,-1
Low, UVP_assignments_GNI_2_MC, 'Côte d'Ivoire',0,57, Td,0.07,0.3,1,2,2646,0,0,0,0,0,0,-1
Low, UVP_assignments_GNI_2_MC, 'Côte d'Ivoire',0,58, Td,0.07,0.32,1,2,2646,0,0,0,0,0,0,-1
Low, UVP_assignments_GNI_2_MC, 'Côte d'Ivoire',0,59, YF,0.97,0.32,1,2,2646,0,0,0,0,0,0,-1
Low, UVP_assignments_GNI_2_MC, 'Côte d'Ivoire',0,60, YF,0.73,0.32,1,2,2646,0,0,0,0,0,0,-1
Low, UVP_assignments_GNI_2_MC, 'Côte d'Ivoire',0,61, YF,1.09,0.32,1,2,2646,0,0,0,0,0,0,-1
Low, UVP_assignments_GNI_2_MC, 'Côte d'Ivoire',0,62, YF,0.73,0.32,1,2,2646,0,0,0,0,0,0,-1
Low, UVP_assignments_GNI_2_MC, DRC,0,1, BCG,0,0,2,2,622,0,0,0,0,0,0,-1
Low, UVP_assignments_GNI_2_MC, DRC,0,2, BCG,0.07,0.64,2,2,622,0,0,0,0,0,0,-1
Low, UVP_assignments_GNI_2_MC, DRC,0,3, BCG,0,0,2,2,622,0,0,0,0,0,0,-1
Low, UVP_assignments_GNI_2_MC, DRC,0,4, BCG,0.1,0.64,2,2,622,0,0,0,0,0,0,-1
Low, UVP_assignments_GNI_2_MC, DRC,0,5, DT,-0.02,-0.2,2,2,622,0,0,0,0,0,0,-1
Low, UVP_assignments_GNI_2_MC, DRC,0,6, DT,0.06,0.64,2,2,622,0,0,0,0,0,0,-1
Low, UVP_assignments_GNI_2_MC, DRC,0,7, DTP,0.06,0.64,2,2,622,0,0,0,0,0,0,-1
Low, UVP_assignments_GNI_2_MC, DRC,0,8, DTP,0.07,0.64,2,2,622,0,0,0,0,0,0,-1
Low, UVP_assignments_GNI_2_MC, DRC,0,9, DTP-HepB-Hib,0.28,0.64,2,2,622,0,0,0,0,0,0,-1
Low, UVP_assignments_GNI_2_MC, DRC,0,10, DTP-HepB-Hib,0.41,0.64,2,2,622,0,0,0,0,0,0,-1
Low, UVP_assignments_GNI_2_MC, DRC,0,11, DTP-HepB-Hib,0.37,0.64,2,2,622,0,0,0,0,0,0,-1
Low, UVP_assignments_GNI_2_MC, DRC,0,12, DTP-HepB-Hib,0.42,0.64,2,2,622,0,0,0,0,0,0,-1
Low, UVP_assignments_GNI_2_MC, DRC,0,13, DTP-HepB-Hib,0.41,0.64,2,2,622,0,0,0,0,0,0,-1
Low, UVP_assignments_GNI_2_MC, DRC,0,14, DTP-HepB-Hib,0.29,0.64,2,2,622,0,0,0,0,0,0,-1
Low, UVP_assignments_GNI_2_MC, DRC,0,15, DTP-HepB-Hib,0.26,0.64,2,2,622,0,0,0,0,0,0,-1
Low, UVP_assignments_GNI_2_MC, DRC,0,16, DTP-HepB-Hib,0.28,0.64,2,2,622,0,0,0,0,0,0,-1
Low, UVP_assignments_GNI_2_MC, DRC,0,17, HPV,1.62,0.64,2,2,622,0,0,0,0,0,0,-1
Low, UVP_assignments_GNI_2_MC, DRC,0,18, HPV,1.59,0.64,2,2,622,0,0,0,0,0,0,-1
Low, UVP_assignments_GNI_2_MC, DRC,0,19, HepB,0.17,0.64,2,2,622,0,0,0,0,0,0,-1
Low, UVP_assignments_GNI_2_MC, DRC,0,20, HepB,0.21,0.64,2,2,622,0,0,0,0,0,0,-1
Low, UVP_assignments_GNI_2_MC, DRC,0,21, HepB,0.08,0.64,2,2,622,0,0,0,0,0,0,-1
Low, UVP_assignments_GNI_2_MC, DRC,0,22, HepB,0.09,0.64,2,2,622,0,0,0,0,0,0,-1
Low, UVP_assignments_GNI_2_MC, DRC,0,23, Hib,0.76,0.64,2,2,622,0,0,0,0,0,0,-1
Low, UVP_assignments_GNI_2_MC, DRC,0,24, IPV,0,0,2,2,622,0,0,0,0,0,0,-1
Low, UVP_assignments_GNI_2_MC, DRC,0,25, IPV,0.87,0.64,2,2,622,0,0,0,0,0,0,-1
Low, UVP_assignments_GNI_2_MC, DRC,0,26, IPV,1.09,0.64,2,2,622,0,0,0,0,0,0,-1
Low, UVP_assignments_GNI_2_MC, DRC,0,27, IPV,0.62,0.64,2,2,622,0,0,0,0,0,0,-1
Low, UVP_assignments_GNI_2_MC, DRC,0,28, IPV,0,0,2,2,622,0,0,0,0,0,0,-1
Low, UVP_assignments_GNI_2_MC, DRC,0,29, IPV,0.99,0.64,2,2,622,0,0,0,0,0,0,-1
Low, UVP_assignments_GNI_2_MC, DRC,0,30, MMR,0.3,0.38,2,2,622,0,0,0,0,0,0,-1
Low, UVP_assignments_GNI_2_MC, DRC,0,31, MMR,1.58,0.64,2,2,622,0,0,0,0,0,0,-1
Low, UVP_assignments_GNI_2_MC, DRC,0,32, MMR,1.04,0.64,2,2,622,0,0,0,0,0,0,-1
Low, UVP_assignments_GNI_2_MC, DRC,0,33, MMR,0.52,0.64,2,2,622,0,0,0,0,0,0,-1
Low, UVP_assignments_GNI_2_MC, DRC,0,34, OPV,0.06,0.64,2,2,622,0,0,0,0,0,0,-1
Low, UVP_assignments_GNI_2_MC, DRC,0,35, OPV,0.03,0.64,2,2,622,0,0,0,0,0,0,-1
Low, UVP_assignments_GNI_2_MC, DRC,0,36, OPV,0.05,0.64,2,2,622,0,0,0,0,0,0,-1
Low, UVP_assignments_GNI_2_MC, DRC,0,37, OPV,0.05,0.64,2,2,622,0,0,0,0,0,0,-1
Low, UVP_assignments_GNI_2_MC, DRC,0,38, OPV,0.04,0.64,2,2,622,0,0,0,0,0,0,-1
Low, UVP_assignments_GNI_2_MC, DRC,0,39, OPV,0.05,0.64,2,2,622,0,0,0,0,0,0,-1
Low, UVP_assignments_GNI_2_MC, DRC,0,40, OPV,0.07,0.64,2,2,622,0,0,0,0,0,0,-1
Low, UVP_assignments_GNI_2_MC, DRC,0,41, OPV,0.05,0.64,2,2,622,0,0,0,0,0,0,-1
Low, UVP_assignments_GNI_2_MC, DRC,0,42, OPV,0.06,0.64,2,2,622,0,0,0,0,0,0,-1
Low, UVP_assignments_GNI_2_MC, DRC,0,43, PCV,1.02,0.64,2,2,622,0,0,0,0,0,0,-1
Low, UVP_assignments_GNI_2_MC, DRC,0,44, PCV,1.08,0.64,2,2,622,0,0,0,0,0,0,-1
Low, UVP_assignments_GNI_2_MC, DRC,0,45, PCV,1.08,0.64,2,2,622,0,0,0,0,0,0,-1
Low, UVP_assignments_GNI_2_MC, DRC,0,46, PCV,1.22,0.64,2,2,622,0,0,0,0,0,0,-1
Low, UVP_assignments_GNI_2_MC, DRC,0,47, PCV,1.17,0.64,2,2,622,0,0,0,0,0,0,-1
Low, UVP_assignments_GNI_2_MC, DRC,0,48, PCV,1.02,0.64,2,2,622,0,0,0,0,0,0,-1
Low, UVP_assignments_GNI_2_MC, DRC,0,49, Rota,0.3,0.64,2,2,622,0,0,0,0,0,0,-1
Low, UVP_assignments_GNI_2_MC, DRC,0,50, Rota,0.34,0.64,2,2,622,0,0,0,0,0,0,-1
Low, UVP_assignments_GNI_2_MC, DRC,0,51, Rota,0.83,0.64,2,2,622,0,0,0,0,0,0,-1
Low, UVP_assignments_GNI_2_MC, DRC,0,52, Td,0.04,0.64,2,2,622,0,0,0,0,0,0,-1
Low, UVP_assignments_GNI_2_MC, DRC,0,53, Td,0.04,0.64,2,2,622,0,0,0,0,0,0,-1
Low, UVP_assignments_GNI_2_MC, DRC,0,54, Td,0,0,2,2,622,0,0,0,0,0,0,-1
Low, UVP_assignments_GNI_2_MC, DRC,0,55, Td,0.02,0.24,2,2,622,0,0,0,0,0,0,-1
Low, UVP_assignments_GNI_2_MC, DRC,0,56, Td,0.04,0.64,2,2,622,0,0,0,0,0,0,-1
Low, UVP_assignments_GNI_2_MC, DRC,0,57, Td,-0.02,-0.27,2,2,622,0,0,0,0,0,0,-1
Low, UVP_assignments_GNI_2_MC, DRC,0,58, Td,0.03,0.64,2,2,622,0,0,0,0,0,0,-1
Low, UVP_assignments_GNI_2_MC, DRC,0,59, YF,0.45,0.64,2,2,622,0,0,0,0,0,0,-1
Low, UVP_assignments_GNI_2_MC, DRC,0,60, YF,0.34,0.64,2,2,622,0,0,0,0,0,0,-1
Low, UVP_assignments_GNI_2_MC, DRC,0,61, YF,0.51,0.64,2,2,622,0,0,0,0,0,0,-1
Low, UVP_assignments_GNI_2_MC, DRC,0,62, YF,0.34,0.64,2,2,622,0,0,0,0,0,0,-1
Low, UVP_assignments_GNI_2_MC, Djibouti,0,1, BCG,0,0,1,2,3869,0,0,0,0,0,0,-1
Low, UVP_assignments_GNI_2_MC, Djibouti,0,2, BCG,0.35,0.54,1,2,3869,0,0,0,0,0,0,-1
Low, UVP_assignments_GNI_2_MC, Djibouti,0,3, BCG,0,0,1,2,3869,0,0,0,0,0,0,-1
Low, UVP_assignments_GNI_2_MC, Djibouti,0,4, BCG,0.52,0.54,1,2,3869,0,0,0,0,0,0,-1
Low, UVP_assignments_GNI_2_MC, Djibouti,0,5, DT,0,0,1,2,3869,0,0,0,0,0,0,-1
Low, UVP_assignments_GNI_2_MC, Djibouti,0,6, DT,0.31,0.54,1,2,3869,0,0,0,0,0,0,-1
Low, UVP_assignments_GNI_2_MC, Djibouti,0,7, DTP,0.31,0.54,1,2,3869,0,0,0,0,0,0,-1
Low, UVP_assignments_GNI_2_MC, Djibouti,0,8, DTP,0.35,0.54,1,2,3869,0,0,0,0,0,0,-1
Low, UVP_assignments_GNI_2_MC, Djibouti,0,9, DTP-HepB-Hib,1.44,0.54,1,2,3869,0,0,0,0,0,0,-1
Low, UVP_assignments_GNI_2_MC, Djibouti,0,10, DTP-HepB-Hib,2.12,0.54,1,2,3869,0,0,0,0,0,0,-1
Low, UVP_assignments_GNI_2_MC, Djibouti,0,11, DTP-HepB-Hib,1.94,0.54,1,2,3869,0,0,0,0,0,0,-1
Low, UVP_assignments_GNI_2_MC, Djibouti,0,12, DTP-HepB-Hib,2.19,0.54,1,2,3869,0,0,0,0,0,0,-1
Low, UVP_assignments_GNI_2_MC, Djibouti,0,13, DTP-HepB-Hib,2.12,0.54,1,2,3869,0,0,0,0,0,0,-1
Low, UVP_assignments_GNI_2_MC, Djibouti,0,14, DTP-HepB-Hib,1.49,0.54,1,2,3869,0,0,0,0,0,0,-1
Low, UVP_assignments_GNI_2_MC, Djibouti,0,15, DTP-HepB-Hib,1.38,0.54,1,2,3869,0,0,0,0,0,0,-1
Low, UVP_assignments_GNI_2_MC, Djibouti,0,16, DTP-HepB-Hib,1.47,0.54,1,2,3869,0,0,0,0,0,0,-1
Low, UVP_assignments_GNI_2_MC, Djibouti,0,17, HPV,8.48,0.54,1,2,3869,0,0,0,0,0,0,-1
Low, UVP_assignments_GNI_2_MC, Djibouti,0,18, HPV,8.3,0.54,1,2,3869,0,0,0,0,0,0,-1
Low, UVP_assignments_GNI_2_MC, Djibouti,0,19, HepB,0.9,0.54,1,2,3869,0,0,0,0,0,0,-1
Low, UVP_assignments_GNI_2_MC, Djibouti,0,20, HepB,1.11,0.54,1,2,3869,0,0,0,0,0,0,-1
Low, UVP_assignments_GNI_2_MC, Djibouti,0,21, HepB,0.44,0.54,1,2,3869,0,0,0,0,0,0,-1
Low, UVP_assignments_GNI_2_MC, Djibouti,0,22, HepB,0.46,0.54,1,2,3869,0,0,0,0,0,0,-1
Low, UVP_assignments_GNI_2_MC, Djibouti,0,23, Hib,3.96,0.54,1,2,3869,0,0,0,0,0,0,-1
Low, UVP_assignments_GNI_2_MC, Djibouti,0,24, IPV,3.85,0.54,1,2,3869,0,0,0,0,0,0,-1
Low, UVP_assignments_GNI_2_MC, Djibouti,0,25, IPV,4.52,0.54,1,2,3869,0,0,0,0,0,0,-1
Low, UVP_assignments_GNI_2_MC, Djibouti,0,26, IPV,5.71,0.54,1,2,3869,0,0,0,0,0,0,-1
Low, UVP_assignments_GNI_2_MC, Djibouti,0,27, IPV,3.23,0.54,1,2,3869,0,0,0,0,0,0,-1
Low, UVP_assignments_GNI_2_MC, Djibouti,0,28, IPV,4.29,0.54,1,2,3869,0,0,0,0,0,0,-1
Low, UVP_assignments_GNI_2_MC, Djibouti,0,29, IPV,5.16,0.54,1,2,3869,0,0,0,0,0,0,-1
Low, UVP_assignments_GNI_2_MC, Djibouti,0,30, MMR,0,0,1,2,3869,0,0,0,0,0,0,-1
Low, UVP_assignments_GNI_2_MC, Djibouti,0,31, MMR,8.24,0.54,1,2,3869,0,0,0,0,0,0,-1
Low, UVP_assignments_GNI_2_MC, Djibouti,0,32, MMR,5.44,0.54,1,2,3869,0,0,0,0,0,0,-1
Low, UVP_assignments_GNI_2_MC, Djibouti,0,33, MMR,2.71,0.54,1,2,3869,0,0,0,0,0,0,-1
Low, UVP_assignments_GNI_2_MC, Djibouti,0,34, OPV,0.33,0.54,1,2,3869,0,0,0,0,0,0,-1
Low, UVP_assignments_GNI_2_MC, Djibouti,0,35, OPV,0.17,0.54,1,2,3869,0,0,0,0,0,0,-1
Low, UVP_assignments_GNI_2_MC, Djibouti,0,36, OPV,0.24,0.54,1,2,3869,0,0,0,0,0,0,-1
Low, UVP_assignments_GNI_2_MC, Djibouti,0,37, OPV,0.26,0.54,1,2,3869,0,0,0,0,0,0,-1
Low, UVP_assignments_GNI_2_MC, Djibouti,0,38, OPV,0.22,0.54,1,2,3869,0,0,0,0,0,0,-1
Low, UVP_assignments_GNI_2_MC, Djibouti,0,39, OPV,0.24,0.54,1,2,3869,0,0,0,0,0,0,-1
Low, UVP_assignments_GNI_2_MC, Djibouti,0,40, OPV,0.35,0.54,1,2,3869,0,0,0,0,0,0,-1
Low, UVP_assignments_GNI_2_MC, Djibouti,0,41, OPV,0.26,0.54,1,2,3869,0,0,0,0,0,0,-1
Low, UVP_assignments_GNI_2_MC, Djibouti,0,42, OPV,0.31,0.54,1,2,3869,0,0,0,0,0,0,-1
Low, UVP_assignments_GNI_2_MC, Djibouti,0,43, PCV,5.35,0.54,1,2,3869,0,0,0,0,0,0,-1
Low, UVP_assignments_GNI_2_MC, Djibouti,0,44, PCV,5.62,0.54,1,2,3869,0,0,0,0,0,0,-1
Low, UVP_assignments_GNI_2_MC, Djibouti,0,45, PCV,5.62,0.54,1,2,3869,0,0,0,0,0,0,-1
Low, UVP_assignments_GNI_2_MC, Djibouti,0,46, PCV,6.36,0.54,1,2,3869,0,0,0,0,0,0,-1
Low, UVP_assignments_GNI_2_MC, Djibouti,0,47, PCV,6.08,0.54,1,2,3869,0,0,0,0,0,0,-1
Low, UVP_assignments_GNI_2_MC, Djibouti,0,48, PCV,5.35,0.54,1,2,3869,0,0,0,0,0,0,-1
Low, UVP_assignments_GNI_2_MC, Djibouti,0,49, Rota,1.57,0.54,1,2,3869,0,0,0,0,0,0,-1
Low, UVP_assignments_GNI_2_MC, Djibouti,0,50, Rota,1.75,0.54,1,2,3869,0,0,0,0,0,0,-1
Low, UVP_assignments_GNI_2_MC, Djibouti,0,51, Rota,4.33,0.54,1,2,3869,0,0,0,0,0,0,-1
Low, UVP_assignments_GNI_2_MC, Djibouti,0,52, Td,0.2,0.54,1,2,3869,0,0,0,0,0,0,-1
Low, UVP_assignments_GNI_2_MC, Djibouti,0,53, Td,0.2,0.54,1,2,3869,0,0,0,0,0,0,-1
Low, UVP_assignments_GNI_2_MC, Djibouti,0,54, Td,0,0,1,2,3869,0,0,0,0,0,0,-1
Low, UVP_assignments_GNI_2_MC, Djibouti,0,55, Td,0.26,0.54,1,2,3869,0,0,0,0,0,0,-1
Low, UVP_assignments_GNI_2_MC, Djibouti,0,56, Td,0.18,0.54,1,2,3869,0,0,0,0,0,0,-1
Low, UVP_assignments_GNI_2_MC, Djibouti,0,57, Td,0.18,0.52,1,2,3869,0,0,0,0,0,0,-1
Low, UVP_assignments_GNI_2_MC, Djibouti,0,58, Td,0.17,0.54,1,2,3869,0,0,0,0,0,0,-1
Low, UVP_assignments_GNI_2_MC, Djibouti,0,59, YF,2.36,0.54,1,2,3869,0,0,0,0,0,0,-1
Low, UVP_assignments_GNI_2_MC, Djibouti,0,60, YF,1.79,0.54,1,2,3869,0,0,0,0,0,0,-1
Low, UVP_assignments_GNI_2_MC, Djibouti,0,61, YF,2.65,0.54,1,2,3869,0,0,0,0,0,0,-1
Low, UVP_assignments_GNI_2_MC, Djibouti,0,62, YF,1.79,0.54,1,2,3869,0,0,0,0,0,0,-1
Low, UVP_assignments_GNI_2_MC, Eritrea,0,1, BCG,0,0,2,2,678,0,0,0,0,0,0,-1
Low, UVP_assignments_GNI_2_MC, Eritrea,0,2, BCG,0.08,0.67,2,2,678,0,0,0,0,0,0,-1
Low, UVP_assignments_GNI_2_MC, Eritrea,0,3, BCG,0,0,2,2,678,0,0,0,0,0,0,-1
Low, UVP_assignments_GNI_2_MC, Eritrea,0,4, BCG,0.11,0.67,2,2,678,0,0,0,0,0,0,-1
Low, UVP_assignments_GNI_2_MC, Eritrea,0,5, DT,-0.01,-0.1,2,2,678,0,0,0,0,0,0,-1
Low, UVP_assignments_GNI_2_MC, Eritrea,0,6, DT,0.07,0.67,2,2,678,0,0,0,0,0,0,-1
Low, UVP_assignments_GNI_2_MC, Eritrea,0,7, DTP,0.07,0.67,2,2,678,0,0,0,0,0,0,-1
Low, UVP_assignments_GNI_2_MC, Eritrea,0,8, DTP,0.08,0.67,2,2,678,0,0,0,0,0,0,-1
Low, UVP_assignments_GNI_2_MC, Eritrea,0,9, DTP-HepB-Hib,0.31,0.67,2,2,678,0,0,0,0,0,0,-1
Low, UVP_assignments_GNI_2_MC, Eritrea,0,10, DTP-HepB-Hib,0.46,0.67,2,2,678,0,0,0,0,0,0,-1
Low, UVP_assignments_GNI_2_MC, Eritrea,0,11, DTP-HepB-Hib,0.42,0.67,2,2,678,0,0,0,0,0,0,-1
Low, UVP_assignments_GNI_2_MC, Eritrea,0,12, DTP-HepB-Hib,0.48,0.67,2,2,678,0,0,0,0,0,0,-1
Low, UVP_assignments_GNI_2_MC, Eritrea,0,13, DTP-HepB-Hib,0.46,0.67,2,2,678,0,0,0,0,0,0,-1
Low, UVP_assignments_GNI_2_MC, Eritrea,0,14, DTP-HepB-Hib,0.33,0.67,2,2,678,0,0,0,0,0,0,-1
Low, UVP_assignments_GNI_2_MC, Eritrea,0,15, DTP-HepB-Hib,0.3,0.67,2,2,678,0,0,0,0,0,0,-1
Low, UVP_assignments_GNI_2_MC, Eritrea,0,16, DTP-HepB-Hib,0.32,0.67,2,2,678,0,0,0,0,0,0,-1
Low, UVP_assignments_GNI_2_MC, Eritrea,0,17, HPV,1.85,0.67,2,2,678,0,0,0,0,0,0,-1
Low, UVP_assignments_GNI_2_MC, Eritrea,0,18, HPV,1.81,0.67,2,2,678,0,0,0,0,0,0,-1
Low, UVP_assignments_GNI_2_MC, Eritrea,0,19, HepB,0.2,0.67,2,2,678,0,0,0,0,0,0,-1
Low, UVP_assignments_GNI_2_MC, Eritrea,0,20, HepB,0.24,0.67,2,2,678,0,0,0,0,0,0,-1
Low, UVP_assignments_GNI_2_MC, Eritrea,0,21, HepB,0.1,0.67,2,2,678,0,0,0,0,0,0,-1
Low, UVP_assignments_GNI_2_MC, Eritrea,0,22, HepB,0.1,0.67,2,2,678,0,0,0,0,0,0,-1
Low, UVP_assignments_GNI_2_MC, Eritrea,0,23, Hib,0.87,0.67,2,2,678,0,0,0,0,0,0,-1
Low, UVP_assignments_GNI_2_MC, Eritrea,0,24, IPV,0,0,2,2,678,0,0,0,0,0,0,-1
Low, UVP_assignments_GNI_2_MC, Eritrea,0,25, IPV,0.99,0.67,2,2,678,0,0,0,0,0,0,-1
Low, UVP_assignments_GNI_2_MC, Eritrea,0,26, IPV,1.25,0.67,2,2,678,0,0,0,0,0,0,-1
Low, UVP_assignments_GNI_2_MC, Eritrea,0,27, IPV,0.71,0.67,2,2,678,0,0,0,0,0,0,-1
Low, UVP_assignments_GNI_2_MC, Eritrea,0,28, IPV,0,0,2,2,678,0,0,0,0,0,0,-1
Low, UVP_assignments_GNI_2_MC, Eritrea,0,29, IPV,1.13,0.67,2,2,678,0,0,0,0,0,0,-1
Low, UVP_assignments_GNI_2_MC, Eritrea,0,30, MMR,0.37,0.43,2,2,678,0,0,0,0,0,0,-1
Low, UVP_assignments_GNI_2_MC, Eritrea,0,31, MMR,1.8,0.67,2,2,678,0,0,0,0,0,0,-1
Low, UVP_assignments_GNI_2_MC, Eritrea,0,32, MMR,1.19,0.67,2,2,678,0,0,0,0,0,0,-1
Low, UVP_assignments_GNI_2_MC, Eritrea,0,33, MMR,0.59,0.67,2,2,678,0,0,0,0,0,0,-1
Low, UVP_assignments_GNI_2_MC, Eritrea,0,34, OPV,0.07,0.67,2,2,678,0,0,0,0,0,0,-1
Low, UVP_assignments_GNI_2_MC, Eritrea,0,35, OPV,0.04,0.67,2,2,678,0,0,0,0,0,0,-1
Low, UVP_assignments_GNI_2_MC, Eritrea,0,36, OPV,0.05,0.67,2,2,678,0,0,0,0,0,0,-1
Low, UVP_assignments_GNI_2_MC, Eritrea,0,37, OPV,0.06,0.67,2,2,678,0,0,0,0,0,0,-1
Low, UVP_assignments_GNI_2_MC, Eritrea,0,38, OPV,0.05,0.67,2,2,678,0,0,0,0,0,0,-1
Low, UVP_assignments_GNI_2_MC, Eritrea,0,39, OPV,0.05,0.67,2,2,678,0,0,0,0,0,0,-1
Low, UVP_assignments_GNI_2_MC, Eritrea,0,40, OPV,0.08,0.67,2,2,678,0,0,0,0,0,0,-1
Low, UVP_assignments_GNI_2_MC, Eritrea,0,41, OPV,0.06,0.67,2,2,678,0,0,0,0,0,0,-1
Low, UVP_assignments_GNI_2_MC, Eritrea,0,42, OPV,0.07,0.67,2,2,678,0,0,0,0,0,0,-1
Low, UVP_assignments_GNI_2_MC, Eritrea,0,43, PCV,1.17,0.67,2,2,678,0,0,0,0,0,0,-1
Low, UVP_assignments_GNI_2_MC, Eritrea,0,44, PCV,1.23,0.67,2,2,678,0,0,0,0,0,0,-1
Low, UVP_assignments_GNI_2_MC, Eritrea,0,45, PCV,1.23,0.67,2,2,678,0,0,0,0,0,0,-1
Low, UVP_assignments_GNI_2_MC, Eritrea,0,46, PCV,1.39,0.67,2,2,678,0,0,0,0,0,0,-1
Low, UVP_assignments_GNI_2_MC, Eritrea,0,47, PCV,1.33,0.67,2,2,678,0,0,0,0,0,0,-1
Low, UVP_assignments_GNI_2_MC, Eritrea,0,48, PCV,1.17,0.67,2,2,678,0,0,0,0,0,0,-1
Low, UVP_assignments_GNI_2_MC, Eritrea,0,49, Rota,0.34,0.67,2,2,678,0,0,0,0,0,0,-1
Low, UVP_assignments_GNI_2_MC, Eritrea,0,50, Rota,0.38,0.67,2,2,678,0,0,0,0,0,0,-1
Low, UVP_assignments_GNI_2_MC, Eritrea,0,51, Rota,0.95,0.67,2,2,678,0,0,0,0,0,0,-1
Low, UVP_assignments_GNI_2_MC, Eritrea,0,52, Td,0.04,0.67,2,2,678,0,0,0,0,0,0,-1
Low, UVP_assignments_GNI_2_MC, Eritrea,0,53, Td,0.04,0.67,2,2,678,0,0,0,0,0,0,-1
Low, UVP_assignments_GNI_2_MC, Eritrea,0,54, Td,0,0,2,2,678,0,0,0,0,0,0,-1
Low, UVP_assignments_GNI_2_MC, Eritrea,0,55, Td,0.03,0.3,2,2,678,0,0,0,0,0,0,-1
Low, UVP_assignments_GNI_2_MC, Eritrea,0,56, Td,0.04,0.67,2,2,678,0,0,0,0,0,0,-1
Low, UVP_assignments_GNI_2_MC, Eritrea,0,57, Td,-0.01,-0.17,2,2,678,0,0,0,0,0,0,-1
Low, UVP_assignments_GNI_2_MC, Eritrea,0,58, Td,0.04,0.67,2,2,678,0,0,0,0,0,0,-1
Low, UVP_assignments_GNI_2_MC, Eritrea,0,59, YF,0.52,0.67,2,2,678,0,0,0,0,0,0,-1
Low, UVP_assignments_GNI_2_MC, Eritrea,0,60, YF,0.39,0.67,2,2,678,0,0,0,0,0,0,-1
Low, UVP_assignments_GNI_2_MC, Eritrea,0,61, YF,0.58,0.67,2,2,678,0,0,0,0,0,0,-1
Low, UVP_assignments_GNI_2_MC, Eritrea,0,62, YF,0.39,0.67,2,2,678,0,0,0,0,0,0,-1
Low, UVP_assignments_GNI_2_MC, Ethiopia,0,1, BCG,0,0,2,2,882,0,0,0,0,0,0,-1
Low, UVP_assignments_GNI_2_MC, Ethiopia,0,2, BCG,0.11,0.75,2,2,882,0,0,0,0,0,0,-1
Low, UVP_assignments_GNI_2_MC, Ethiopia,0,3, BCG,0,0,2,2,882,0,0,0,0,0,0,-1
Low, UVP_assignments_GNI_2_MC, Ethiopia,0,4, BCG,0.16,0.75,2,2,882,0,0,0,0,0,0,-1
Low, UVP_assignments_GNI_2_MC, Ethiopia,0,5, DT,0.02,0.15,2,2,882,0,0,0,0,0,0,-1
Low, UVP_assignments_GNI_2_MC, Ethiopia,0,6, DT,0.1,0.75,2,2,882,0,0,0,0,0,0,-1
Low, UVP_assignments_GNI_2_MC, Ethiopia,0,7, DTP,0.1,0.75,2,2,882,0,0,0,0,0,0,-1
Low, UVP_assignments_GNI_2_MC, Ethiopia,0,8, DTP,0.11,0.75,2,2,882,0,0,0,0,0,0,-1
Low, UVP_assignments_GNI_2_MC, Ethiopia,0,9, DTP-HepB-Hib,0.46,0.75,2,2,882,0,0,0,0,0,0,-1
Low, UVP_assignments_GNI_2_MC, Ethiopia,0,10, DTP-HepB-Hib,0.67,0.75,2,2,882,0,0,0,0,0,0,-1
Low, UVP_assignments_GNI_2_MC, Ethiopia,0,11, DTP-HepB-Hib,0.61,0.75,2,2,882,0,0,0,0,0,0,-1
Low, UVP_assignments_GNI_2_MC, Ethiopia,0,12, DTP-HepB-Hib,0.7,0.75,2,2,882,0,0,0,0,0,0,-1
Low, UVP_assignments_GNI_2_MC, Ethiopia,0,13, DTP-HepB-Hib,0.67,0.75,2,2,882,0,0,0,0,0,0,-1
Low, UVP_assignments_GNI_2_MC, Ethiopia,0,14, DTP-HepB-Hib,0.47,0.75,2,2,882,0,0,0,0,0,0,-1
Low, UVP_assignments_GNI_2_MC, Ethiopia,0,15, DTP-HepB-Hib,0.44,0.75,2,2,882,0,0,0,0,0,0,-1
Low, UVP_assignments_GNI_2_MC, Ethiopia,0,16, DTP-HepB-Hib,0.47,0.75,2,2,882,0,0,0,0,0,0,-1
Low, UVP_assignments_GNI_2_MC, Ethiopia,0,17, HPV,2.69,0.75,2,2,882,0,0,0,0,0,0,-1
Low, UVP_assignments_GNI_2_MC, Ethiopia,0,18, HPV,2.63,0.75,2,2,882,0,0,0,0,0,0,-1
Low, UVP_assignments_GNI_2_MC, Ethiopia,0,19, HepB,0.29,0.75,2,2,882,0,0,0,0,0,0,-1
Low, UVP_assignments_GNI_2_MC, Ethiopia,0,20, HepB,0.35,0.75,2,2,882,0,0,0,0,0,0,-1
Low, UVP_assignments_GNI_2_MC, Ethiopia,0,21, HepB,0.14,0.75,2,2,882,0,0,0,0,0,0,-1
Low, UVP_assignments_GNI_2_MC, Ethiopia,0,22, HepB,0.15,0.75,2,2,882,0,0,0,0,0,0,-1
Low, UVP_assignments_GNI_2_MC, Ethiopia,0,23, Hib,1.26,0.75,2,2,882,0,0,0,0,0,0,-1
Low, UVP_assignments_GNI_2_MC, Ethiopia,0,24, IPV,0,0,2,2,882,0,0,0,0,0,0,-1
Low, UVP_assignments_GNI_2_MC, Ethiopia,0,25, IPV,1.43,0.75,2,2,882,0,0,0,0,0,0,-1
Low, UVP_assignments_GNI_2_MC, Ethiopia,0,26, IPV,1.81,0.75,2,2,882,0,0,0,0,0,0,-1
Low, UVP_assignments_GNI_2_MC, Ethiopia,0,27, IPV,1.02,0.75,2,2,882,0,0,0,0,0,0,-1
Low, UVP_assignments_GNI_2_MC, Ethiopia,0,28, IPV,0,0,2,2,882,0,0,0,0,0,0,-1
Low, UVP_assignments_GNI_2_MC, Ethiopia,0,29, IPV,1.64,0.75,2,2,882,0,0,0,0,0,0,-1
Low, UVP_assignments_GNI_2_MC, Ethiopia,0,30, MMR,0.62,0.56,2,2,882,0,0,0,0,0,0,-1
Low, UVP_assignments_GNI_2_MC, Ethiopia,0,31, MMR,2.61,0.75,2,2,882,0,0,0,0,0,0,-1
Low, UVP_assignments_GNI_2_MC, Ethiopia,0,32, MMR,1.72,0.75,2,2,882,0,0,0,0,0,0,-1
Low, UVP_assignments_GNI_2_MC, Ethiopia,0,33, MMR,0.86,0.75,2,2,882,0,0,0,0,0,0,-1
Low, UVP_assignments_GNI_2_MC, Ethiopia,0,34, OPV,0.11,0.75,2,2,882,0,0,0,0,0,0,-1
Low, UVP_assignments_GNI_2_MC, Ethiopia,0,35, OPV,0.05,0.75,2,2,882,0,0,0,0,0,0,-1
Low, UVP_assignments_GNI_2_MC, Ethiopia,0,36, OPV,0.08,0.75,2,2,882,0,0,0,0,0,0,-1
Low, UVP_assignments_GNI_2_MC, Ethiopia,0,37, OPV,0.08,0.75,2,2,882,0,0,0,0,0,0,-1
Low, UVP_assignments_GNI_2_MC, Ethiopia,0,38, OPV,0.07,0.75,2,2,882,0,0,0,0,0,0,-1
Low, UVP_assignments_GNI_2_MC, Ethiopia,0,39, OPV,0.08,0.75,2,2,882,0,0,0,0,0,0,-1
Low, UVP_assignments_GNI_2_MC, Ethiopia,0,40, OPV,0.11,0.75,2,2,882,0,0,0,0,0,0,-1
Low, UVP_assignments_GNI_2_MC, Ethiopia,0,41, OPV,0.08,0.75,2,2,882,0,0,0,0,0,0,-1
Low, UVP_assignments_GNI_2_MC, Ethiopia,0,42, OPV,0.1,0.75,2,2,882,0,0,0,0,0,0,-1
Low, UVP_assignments_GNI_2_MC, Ethiopia,0,43, PCV,1.69,0.75,2,2,882,0,0,0,0,0,0,-1
Low, UVP_assignments_GNI_2_MC, Ethiopia,0,44, PCV,1.78,0.75,2,2,882,0,0,0,0,0,0,-1
Low, UVP_assignments_GNI_2_MC, Ethiopia,0,45, PCV,1.78,0.75,2,2,882,0,0,0,0,0,0,-1
Low, UVP_assignments_GNI_2_MC, Ethiopia,0,46, PCV,2.02,0.75,2,2,882,0,0,0,0,0,0,-1
Low, UVP_assignments_GNI_2_MC, Ethiopia,0,47, PCV,1.93,0.75,2,2,882,0,0,0,0,0,0,-1
Low, UVP_assignments_GNI_2_MC, Ethiopia,0,48, PCV,1.69,0.75,2,2,882,0,0,0,0,0,0,-1
Low, UVP_assignments_GNI_2_MC, Ethiopia,0,49, Rota,0.5,0.75,2,2,882,0,0,0,0,0,0,-1
Low, UVP_assignments_GNI_2_MC, Ethiopia,0,50, Rota,0.56,0.75,2,2,882,0,0,0,0,0,0,-1
Low, UVP_assignments_GNI_2_MC, Ethiopia,0,51, Rota,1.37,0.75,2,2,882,0,0,0,0,0,0,-1
Low, UVP_assignments_GNI_2_MC, Ethiopia,0,52, Td,0.06,0.75,2,2,882,0,0,0,0,0,0,-1
Low, UVP_assignments_GNI_2_MC, Ethiopia,0,53, Td,0.06,0.75,2,2,882,0,0,0,0,0,0,-1
Low, UVP_assignments_GNI_2_MC, Ethiopia,0,54, Td,0,0,2,2,882,0,0,0,0,0,0,-1
Low, UVP_assignments_GNI_2_MC, Ethiopia,0,55, Td,0.05,0.46,2,2,882,0,0,0,0,0,0,-1
Low, UVP_assignments_GNI_2_MC, Ethiopia,0,56, Td,0.06,0.75,2,2,882,0,0,0,0,0,0,-1
Low, UVP_assignments_GNI_2_MC, Ethiopia,0,57, Td,0.01,0.1,2,2,882,0,0,0,0,0,0,-1
Low, UVP_assignments_GNI_2_MC, Ethiopia,0,58, Td,0.05,0.75,2,2,882,0,0,0,0,0,0,-1
Low, UVP_assignments_GNI_2_MC, Ethiopia,0,59, YF,0.75,0.75,2,2,882,0,0,0,0,0,0,-1
Low, UVP_assignments_GNI_2_MC, Ethiopia,0,60, YF,0.57,0.75,2,2,882,0,0,0,0,0,0,-1
Low, UVP_assignments_GNI_2_MC, Ethiopia,0,61, YF,0.84,0.75,2,2,882,0,0,0,0,0,0,-1
Low, UVP_assignments_GNI_2_MC, Ethiopia,0,62, YF,0.57,0.75,2,2,882,0,0,0,0,0,0,-1
Low, UVP_assignments_GNI_2_MC, Gambia,0,1, BCG,0,0,2,2,847,0,0,0,0,0,0,-1
Low, UVP_assignments_GNI_2_MC, Gambia,0,2, BCG,0.11,0.73,2,2,847,0,0,0,0,0,0,-1
Low, UVP_assignments_GNI_2_MC, Gambia,0,3, BCG,0,0,2,2,847,0,0,0,0,0,0,-1
Low, UVP_assignments_GNI_2_MC, Gambia,0,4, BCG,0.15,0.73,2,2,847,0,0,0,0,0,0,-1
Low, UVP_assignments_GNI_2_MC, Gambia,0,5, DT,0.01,0.12,2,2,847,0,0,0,0,0,0,-1
Low, UVP_assignments_GNI_2_MC, Gambia,0,6, DT,0.09,0.73,2,2,847,0,0,0,0,0,0,-1
Low, UVP_assignments_GNI_2_MC, Gambia,0,7, DTP,0.09,0.73,2,2,847,0,0,0,0,0,0,-1
Low, UVP_assignments_GNI_2_MC, Gambia,0,8, DTP,0.11,0.73,2,2,847,0,0,0,0,0,0,-1
Low, UVP_assignments_GNI_2_MC, Gambia,0,9, DTP-HepB-Hib,0.43,0.73,2,2,847,0,0,0,0,0,0,-1
Low, UVP_assignments_GNI_2_MC, Gambia,0,10, DTP-HepB-Hib,0.64,0.73,2,2,847,0,0,0,0,0,0,-1
Low, UVP_assignments_GNI_2_MC, Gambia,0,11, DTP-HepB-Hib,0.58,0.73,2,2,847,0,0,0,0,0,0,-1
Low, UVP_assignments_GNI_2_MC, Gambia,0,12, DTP-HepB-Hib,0.66,0.73,2,2,847,0,0,0,0,0,0,-1
Low, UVP_assignments_GNI_2_MC, Gambia,0,13, DTP-HepB-Hib,0.64,0.73,2,2,847,0,0,0,0,0,0,-1
Low, UVP_assignments_GNI_2_MC, Gambia,0,14, DTP-HepB-Hib,0.45,0.73,2,2,847,0,0,0,0,0,0,-1
Low, UVP_assignments_GNI_2_MC, Gambia,0,15, DTP-HepB-Hib,0.41,0.73,2,2,847,0,0,0,0,0,0,-1
Low, UVP_assignments_GNI_2_MC, Gambia,0,16, DTP-HepB-Hib,0.44,0.73,2,2,847,0,0,0,0,0,0,-1
Low, UVP_assignments_GNI_2_MC, Gambia,0,17, HPV,2.54,0.73,2,2,847,0,0,0,0,0,0,-1
Low, UVP_assignments_GNI_2_MC, Gambia,0,18, HPV,2.49,0.73,2,2,847,0,0,0,0,0,0,-1
Low, UVP_assignments_GNI_2_MC, Gambia,0,19, HepB,0.27,0.73,2,2,847,0,0,0,0,0,0,-1
Low, UVP_assignments_GNI_2_MC, Gambia,0,20, HepB,0.33,0.73,2,2,847,0,0,0,0,0,0,-1
Low, UVP_assignments_GNI_2_MC, Gambia,0,21, HepB,0.13,0.73,2,2,847,0,0,0,0,0,0,-1
Low, UVP_assignments_GNI_2_MC, Gambia,0,22, HepB,0.14,0.73,2,2,847,0,0,0,0,0,0,-1
Low, UVP_assignments_GNI_2_MC, Gambia,0,23, Hib,1.19,0.73,2,2,847,0,0,0,0,0,0,-1
Low, UVP_assignments_GNI_2_MC, Gambia,0,24, IPV,0,0,2,2,847,0,0,0,0,0,0,-1
Low, UVP_assignments_GNI_2_MC, Gambia,0,25, IPV,1.35,0.73,2,2,847,0,0,0,0,0,0,-1
Low, UVP_assignments_GNI_2_MC, Gambia,0,26, IPV,1.71,0.73,2,2,847,0,0,0,0,0,0,-1
Low, UVP_assignments_GNI_2_MC, Gambia,0,27, IPV,0.97,0.73,2,2,847,0,0,0,0,0,0,-1
Low, UVP_assignments_GNI_2_MC, Gambia,0,28, IPV,0,0,2,2,847,0,0,0,0,0,0,-1
Low, UVP_assignments_GNI_2_MC, Gambia,0,29, IPV,1.55,0.73,2,2,847,0,0,0,0,0,0,-1
Low, UVP_assignments_GNI_2_MC, Gambia,0,30, MMR,0.58,0.55,2,2,847,0,0,0,0,0,0,-1
Low, UVP_assignments_GNI_2_MC, Gambia,0,31, MMR,2.47,0.73,2,2,847,0,0,0,0,0,0,-1
Low, UVP_assignments_GNI_2_MC, Gambia,0,32, MMR,1.63,0.73,2,2,847,0,0,0,0,0,0,-1
Low, UVP_assignments_GNI_2_MC, Gambia,0,33, MMR,0.81,0.73,2,2,847,0,0,0,0,0,0,-1
Low, UVP_assignments_GNI_2_MC, Gambia,0,34, OPV,0.1,0.73,2,2,847,0,0,0,0,0,0,-1
Low, UVP_assignments_GNI_2_MC, Gambia,0,35, OPV,0.05,0.73,2,2,847,0,0,0,0,0,0,-1
Low, UVP_assignments_GNI_2_MC, Gambia,0,36, OPV,0.07,0.73,2,2,847,0,0,0,0,0,0,-1
Low, UVP_assignments_GNI_2_MC, Gambia,0,37, OPV,0.08,0.73,2,2,847,0,0,0,0,0,0,-1
Low, UVP_assignments_GNI_2_MC, Gambia,0,38, OPV,0.07,0.73,2,2,847,0,0,0,0,0,0,-1
Low, UVP_assignments_GNI_2_MC, Gambia,0,39, OPV,0.07,0.73,2,2,847,0,0,0,0,0,0,-1
Low, UVP_assignments_GNI_2_MC, Gambia,0,40, OPV,0.11,0.73,2,2,847,0,0,0,0,0,0,-1
Low, UVP_assignments_GNI_2_MC, Gambia,0,41, OPV,0.08,0.73,2,2,847,0,0,0,0,0,0,-1
Low, UVP_assignments_GNI_2_MC, Gambia,0,42, OPV,0.09,0.73,2,2,847,0,0,0,0,0,0,-1
Low, UVP_assignments_GNI_2_MC, Gambia,0,43, PCV,1.6,0.73,2,2,847,0,0,0,0,0,0,-1
Low, UVP_assignments_GNI_2_MC, Gambia,0,44, PCV,1.69,0.73,2,2,847,0,0,0,0,0,0,-1
Low, UVP_assignments_GNI_2_MC, Gambia,0,45, PCV,1.69,0.73,2,2,847,0,0,0,0,0,0,-1
Low, UVP_assignments_GNI_2_MC, Gambia,0,46, PCV,1.91,0.73,2,2,847,0,0,0,0,0,0,-1
Low, UVP_assignments_GNI_2_MC, Gambia,0,47, PCV,1.82,0.73,2,2,847,0,0,0,0,0,0,-1
Low, UVP_assignments_GNI_2_MC, Gambia,0,48, PCV,1.6,0.73,2,2,847,0,0,0,0,0,0,-1
Low, UVP_assignments_GNI_2_MC, Gambia,0,49, Rota,0.47,0.73,2,2,847,0,0,0,0,0,0,-1
Low, UVP_assignments_GNI_2_MC, Gambia,0,50, Rota,0.53,0.73,2,2,847,0,0,0,0,0,0,-1
Low, UVP_assignments_GNI_2_MC, Gambia,0,51, Rota,1.3,0.73,2,2,847,0,0,0,0,0,0,-1
Low, UVP_assignments_GNI_2_MC, Gambia,0,52, Td,0.06,0.73,2,2,847,0,0,0,0,0,0,-1
Low, UVP_assignments_GNI_2_MC, Gambia,0,53, Td,0.06,0.73,2,2,847,0,0,0,0,0,0,-1
Low, UVP_assignments_GNI_2_MC, Gambia,0,54, Td,0,0,2,2,847,0,0,0,0,0,0,-1
Low, UVP_assignments_GNI_2_MC, Gambia,0,55, Td,0.05,0.44,2,2,847,0,0,0,0,0,0,-1
Low, UVP_assignments_GNI_2_MC, Gambia,0,56, Td,0.06,0.73,2,2,847,0,0,0,0,0,0,-1
Low, UVP_assignments_GNI_2_MC, Gambia,0,57, Td,0,0.07,2,2,847,0,0,0,0,0,0,-1
Low, UVP_assignments_GNI_2_MC, Gambia,0,58, Td,0.05,0.73,2,2,847,0,0,0,0,0,0,-1
Low, UVP_assignments_GNI_2_MC, Gambia,0,59, YF,0.71,0.73,2,2,847,0,0,0,0,0,0,-1
Low, UVP_assignments_GNI_2_MC, Gambia,0,60, YF,0.54,0.73,2,2,847,0,0,0,0,0,0,-1
Low, UVP_assignments_GNI_2_MC, Gambia,0,61, YF,0.8,0.73,2,2,847,0,0,0,0,0,0,-1
Low, UVP_assignments_GNI_2_MC, Gambia,0,62, YF,0.54,0.73,2,2,847,0,0,0,0,0,0,-1
Low, UVP_assignments_GNI_2_MC, Ghana,0,1, BCG,0,0,1,2,2557,0,0,0,0,0,0,-1
Low, UVP_assignments_GNI_2_MC, Ghana,0,2, BCG,0.13,0.3,1,2,2557,0,0,0,0,0,0,-1
Low, UVP_assignments_GNI_2_MC, Ghana,0,3, BCG,0,0,1,2,2557,0,0,0,0,0,0,-1
Low, UVP_assignments_GNI_2_MC, Ghana,0,4, BCG,0.19,0.3,1,2,2557,0,0,0,0,0,0,-1
Low, UVP_assignments_GNI_2_MC, Ghana,0,5, DT,0,0,1,2,2557,0,0,0,0,0,0,-1
Low, UVP_assignments_GNI_2_MC, Ghana,0,6, DT,0.12,0.3,1,2,2557,0,0,0,0,0,0,-1
Low, UVP_assignments_GNI_2_MC, Ghana,0,7, DTP,0.12,0.3,1,2,2557,0,0,0,0,0,0,-1
Low, UVP_assignments_GNI_2_MC, Ghana,0,8, DTP,0.13,0.3,1,2,2557,0,0,0,0,0,0,-1
Low, UVP_assignments_GNI_2_MC, Ghana,0,9, DTP-HepB-Hib,0.53,0.3,1,2,2557,0,0,0,0,0,0,-1
Low, UVP_assignments_GNI_2_MC, Ghana,0,10, DTP-HepB-Hib,0.78,0.3,1,2,2557,0,0,0,0,0,0,-1
Low, UVP_assignments_GNI_2_MC, Ghana,0,11, DTP-HepB-Hib,0.71,0.3,1,2,2557,0,0,0,0,0,0,-1
Low, UVP_assignments_GNI_2_MC, Ghana,0,12, DTP-HepB-Hib,0.81,0.3,1,2,2557,0,0,0,0,0,0,-1
Low, UVP_assignments_GNI_2_MC, Ghana,0,13, DTP-HepB-Hib,0.78,0.3,1,2,2557,0,0,0,0,0,0,-1
Low, UVP_assignments_GNI_2_MC, Ghana,0,14, DTP-HepB-Hib,0.55,0.3,1,2,2557,0,0,0,0,0,0,-1
Low, UVP_assignments_GNI_2_MC, Ghana,0,15, DTP-HepB-Hib,0.51,0.3,1,2,2557,0,0,0,0,0,0,-1
Low, UVP_assignments_GNI_2_MC, Ghana,0,16, DTP-HepB-Hib,0.54,0.3,1,2,2557,0,0,0,0,0,0,-1
Low, UVP_assignments_GNI_2_MC, Ghana,0,17, HPV,3.11,0.3,1,2,2557,0,0,0,0,0,0,-1
Low, UVP_assignments_GNI_2_MC, Ghana,0,18, HPV,3.05,0.3,1,2,2557,0,0,0,0,0,0,-1
Low, UVP_assignments_GNI_2_MC, Ghana,0,19, HepB,0.33,0.3,1,2,2557,0,0,0,0,0,0,-1
Low, UVP_assignments_GNI_2_MC, Ghana,0,20, HepB,0.41,0.3,1,2,2557,0,0,0,0,0,0,-1
Low, UVP_assignments_GNI_2_MC, Ghana,0,21, HepB,0.16,0.3,1,2,2557,0,0,0,0,0,0,-1
Low, UVP_assignments_GNI_2_MC, Ghana,0,22, HepB,0.17,0.3,1,2,2557,0,0,0,0,0,0,-1
Low, UVP_assignments_GNI_2_MC, Ghana,0,23, Hib,1.45,0.3,1,2,2557,0,0,0,0,0,0,-1
Low, UVP_assignments_GNI_2_MC, Ghana,0,24, IPV,1.41,0.3,1,2,2557,0,0,0,0,0,0,-1
Low, UVP_assignments_GNI_2_MC, Ghana,0,25, IPV,1.66,0.3,1,2,2557,0,0,0,0,0,0,-1
Low, UVP_assignments_GNI_2_MC, Ghana,0,26, IPV,2.1,0.3,1,2,2557,0,0,0,0,0,0,-1
Low, UVP_assignments_GNI_2_MC, Ghana,0,27, IPV,1.18,0.3,1,2,2557,0,0,0,0,0,0,-1
Low, UVP_assignments_GNI_2_MC, Ghana,0,28, IPV,1.58,0.3,1,2,2557,0,0,0,0,0,0,-1
Low, UVP_assignments_GNI_2_MC, Ghana,0,29, IPV,1.89,0.3,1,2,2557,0,0,0,0,0,0,-1
Low, UVP_assignments_GNI_2_MC, Ghana,0,30, MMR,0,0,1,2,2557,0,0,0,0,0,0,-1
Low, UVP_assignments_GNI_2_MC, Ghana,0,31, MMR,3.02,0.3,1,2,2557,0,0,0,0,0,0,-1
Low, UVP_assignments_GNI_2_MC, Ghana,0,32, MMR,2,0.3,1,2,2557,0,0,0,0,0,0,-1
Low, UVP_assignments_GNI_2_MC, Ghana,0,33, MMR,0.99,0.3,1,2,2557,0,0,0,0,0,0,-1
Low, UVP_assignments_GNI_2_MC, Ghana,0,34, OPV,0.12,0.3,1,2,2557,0,0,0,0,0,0,-1
Low, UVP_assignments_GNI_2_MC, Ghana,0,35, OPV,0.06,0.3,1,2,2557,0,0,0,0,0,0,-1
Low, UVP_assignments_GNI_2_MC, Ghana,0,36, OPV,0.09,0.3,1,2,2557,0,0,0,0,0,0,-1
Low, UVP_assignments_GNI_2_MC, Ghana,0,37, OPV,0.09,0.3,1,2,2557,0,0,0,0,0,0,-1
Low, UVP_assignments_GNI_2_MC, Ghana,0,38, OPV,0.08,0.3,1,2,2557,0,0,0,0,0,0,-1
Low, UVP_assignments_GNI_2_MC, Ghana,0,39, OPV,0.09,0.3,1,2,2557,0,0,0,0,0,0,-1
Low, UVP_assignments_GNI_2_MC, Ghana,0,40, OPV,0.13,0.3,1,2,2557,0,0,0,0,0,0,-1
Low, UVP_assignments_GNI_2_MC, Ghana,0,41, OPV,0.09,0.3,1,2,2557,0,0,0,0,0,0,-1
Low, UVP_assignments_GNI_2_MC, Ghana,0,42, OPV,0.12,0.3,1,2,2557,0,0,0,0,0,0,-1
Low, UVP_assignments_GNI_2_MC, Ghana,0,43, PCV,1.96,0.3,1,2,2557,0,0,0,0,0,0,-1
Low, UVP_assignments_GNI_2_MC, Ghana,0,44, PCV,2.06,0.3,1,2,2557,0,0,0,0,0,0,-1
Low, UVP_assignments_GNI_2_MC, Ghana,0,45, PCV,2.06,0.3,1,2,2557,0,0,0,0,0,0,-1
Low, UVP_assignments_GNI_2_MC, Ghana,0,46, PCV,2.33,0.3,1,2,2557,0,0,0,0,0,0,-1
Low, UVP_assignments_GNI_2_MC, Ghana,0,47, PCV,2.23,0.3,1,2,2557,0,0,0,0,0,0,-1
Low, UVP_assignments_GNI_2_MC, Ghana,0,48, PCV,1.96,0.3,1,2,2557,0,0,0,0,0,0,-1
Low, UVP_assignments_GNI_2_MC, Ghana,0,49, Rota,0.58,0.3,1,2,2557,0,0,0,0,0,0,-1
Low, UVP_assignments_GNI_2_MC, Ghana,0,50, Rota,0.64,0.3,1,2,2557,0,0,0,0,0,0,-1
Low, UVP_assignments_GNI_2_MC, Ghana,0,51, Rota,1.59,0.3,1,2,2557,0,0,0,0,0,0,-1
Low, UVP_assignments_GNI_2_MC, Ghana,0,52, Td,0.07,0.3,1,2,2557,0,0,0,0,0,0,-1
Low, UVP_assignments_GNI_2_MC, Ghana,0,53, Td,0.07,0.3,1,2,2557,0,0,0,0,0,0,-1
Low, UVP_assignments_GNI_2_MC, Ghana,0,54, Td,0,0,1,2,2557,0,0,0,0,0,0,-1
Low, UVP_assignments_GNI_2_MC, Ghana,0,55, Td,0.09,0.3,1,2,2557,0,0,0,0,0,0,-1
Low, UVP_assignments_GNI_2_MC, Ghana,0,56, Td,0.07,0.3,1,2,2557,0,0,0,0,0,0,-1
Low, UVP_assignments_GNI_2_MC, Ghana,0,57, Td,0.06,0.27,1,2,2557,0,0,0,0,0,0,-1
Low, UVP_assignments_GNI_2_MC, Ghana,0,58, Td,0.06,0.3,1,2,2557,0,0,0,0,0,0,-1
Low, UVP_assignments_GNI_2_MC, Ghana,0,59, YF,0.87,0.3,1,2,2557,0,0,0,0,0,0,-1
Low, UVP_assignments_GNI_2_MC, Ghana,0,60, YF,0.66,0.3,1,2,2557,0,0,0,0,0,0,-1
Low, UVP_assignments_GNI_2_MC, Ghana,0,61, YF,0.97,0.3,1,2,2557,0,0,0,0,0,0,-1
Low, UVP_assignments_GNI_2_MC, Ghana,0,62, YF,0.66,0.3,1,2,2557,0,0,0,0,0,0,-1
Low, UVP_assignments_GNI_2_MC, Guinea,0,1, BCG,0,0,2,2,1242,0,0,0,0,0,0,-1
Low, UVP_assignments_GNI_2_MC, Guinea,0,2, BCG,0.17,0.82,2,2,1242,0,0,0,0,0,0,-1
Low, UVP_assignments_GNI_2_MC, Guinea,0,3, BCG,0,0,2,2,1242,0,0,0,0,0,0,-1
Low, UVP_assignments_GNI_2_MC, Guinea,0,4, BCG,0.25,0.82,2,2,1242,0,0,0,0,0,0,-1
Low, UVP_assignments_GNI_2_MC, Guinea,0,5, DT,0.07,0.4,2,2,1242,0,0,0,0,0,0,-1
Low, UVP_assignments_GNI_2_MC, Guinea,0,6, DT,0.15,0.82,2,2,1242,0,0,0,0,0,0,-1
Low, UVP_assignments_GNI_2_MC, Guinea,0,7, DTP,0.15,0.82,2,2,1242,0,0,0,0,0,0,-1
Low, UVP_assignments_GNI_2_MC, Guinea,0,8, DTP,0.17,0.82,2,2,1242,0,0,0,0,0,0,-1
Low, UVP_assignments_GNI_2_MC, Guinea,0,9, DTP-HepB-Hib,0.71,0.82,2,2,1242,0,0,0,0,0,0,-1
Low, UVP_assignments_GNI_2_MC, Guinea,0,10, DTP-HepB-Hib,1.04,0.82,2,2,1242,0,0,0,0,0,0,-1
Low, UVP_assignments_GNI_2_MC, Guinea,0,11, DTP-HepB-Hib,0.95,0.82,2,2,1242,0,0,0,0,0,0,-1
Low, UVP_assignments_GNI_2_MC, Guinea,0,12, DTP-HepB-Hib,1.08,0.82,2,2,1242,0,0,0,0,0,0,-1
Low, UVP_assignments_GNI_2_MC, Guinea,0,13, DTP-HepB-Hib,1.04,0.82,2,2,1242,0,0,0,0,0,0,-1
Low, UVP_assignments_GNI_2_MC, Guinea,0,14, DTP-HepB-Hib,0.73,0.82,2,2,1242,0,0,0,0,0,0,-1
Low, UVP_assignments_GNI_2_MC, Guinea,0,15, DTP-HepB-Hib,0.68,0.82,2,2,1242,0,0,0,0,0,0,-1
Low, UVP_assignments_GNI_2_MC, Guinea,0,16, DTP-HepB-Hib,0.72,0.82,2,2,1242,0,0,0,0,0,0,-1
Low, UVP_assignments_GNI_2_MC, Guinea,0,17, HPV,4.16,0.82,2,2,1242,0,0,0,0,0,0,-1
Low, UVP_assignments_GNI_2_MC, Guinea,0,18, HPV,4.07,0.82,2,2,1242,0,0,0,0,0,0,-1
Low, UVP_assignments_GNI_2_MC, Guinea,0,19, HepB,0.44,0.82,2,2,1242,0,0,0,0,0,0,-1
Low, UVP_assignments_GNI_2_MC, Guinea,0,20, HepB,0.54,0.82,2,2,1242,0,0,0,0,0,0,-1
Low, UVP_assignments_GNI_2_MC, Guinea,0,21, HepB,0.22,0.82,2,2,1242,0,0,0,0,0,0,-1
Low, UVP_assignments_GNI_2_MC, Guinea,0,22, HepB,0.23,0.82,2,2,1242,0,0,0,0,0,0,-1
Low, UVP_assignments_GNI_2_MC, Guinea,0,23, Hib,1.94,0.82,2,2,1242,0,0,0,0,0,0,-1
Low, UVP_assignments_GNI_2_MC, Guinea,0,24, IPV,0,0,2,2,1242,0,0,0,0,0,0,-1
Low, UVP_assignments_GNI_2_MC, Guinea,0,25, IPV,2.21,0.82,2,2,1242,0,0,0,0,0,0,-1
Low, UVP_assignments_GNI_2_MC, Guinea,0,26, IPV,2.8,0.82,2,2,1242,0,0,0,0,0,0,-1
Low, UVP_assignments_GNI_2_MC, Guinea,0,27, IPV,1.58,0.82,2,2,1242,0,0,0,0,0,0,-1
Low, UVP_assignments_GNI_2_MC, Guinea,0,28, IPV,0,0,2,2,1242,0,0,0,0,0,0,-1
Low, UVP_assignments_GNI_2_MC, Guinea,0,29, IPV,2.53,0.82,2,2,1242,0,0,0,0,0,0,-1
Low, UVP_assignments_GNI_2_MC, Guinea,0,30, MMR,1.07,0.69,2,2,1242,0,0,0,0,0,0,-1
Low, UVP_assignments_GNI_2_MC, Guinea,0,31, MMR,4.04,0.82,2,2,1242,0,0,0,0,0,0,-1
Low, UVP_assignments_GNI_2_MC, Guinea,0,32, MMR,2.67,0.82,2,2,1242,0,0,0,0,0,0,-1
Low, UVP_assignments_GNI_2_MC, Guinea,0,33, MMR,1.33,0.82,2,2,1242,0,0,0,0,0,0,-1
Low, UVP_assignments_GNI_2_MC, Guinea,0,34, OPV,0.16,0.82,2,2,1242,0,0,0,0,0,0,-1
Low, UVP_assignments_GNI_2_MC, Guinea,0,35, OPV,0.08,0.82,2,2,1242,0,0,0,0,0,0,-1
Low, UVP_assignments_GNI_2_MC, Guinea,0,36, OPV,0.12,0.82,2,2,1242,0,0,0,0,0,0,-1
Low, UVP_assignments_GNI_2_MC, Guinea,0,37, OPV,0.13,0.82,2,2,1242,0,0,0,0,0,0,-1
Low, UVP_assignments_GNI_2_MC, Guinea,0,38, OPV,0.11,0.82,2,2,1242,0,0,0,0,0,0,-1
Low, UVP_assignments_GNI_2_MC, Guinea,0,39, OPV,0.12,0.82,2,2,1242,0,0,0,0,0,0,-1
Low, UVP_assignments_GNI_2_MC, Guinea,0,40, OPV,0.17,0.82,2,2,1242,0,0,0,0,0,0,-1
Low, UVP_assignments_GNI_2_MC, Guinea,0,41, OPV,0.13,0.82,2,2,1242,0,0,0,0,0,0,-1
Low, UVP_assignments_GNI_2_MC, Guinea,0,42, OPV,0.15,0.82,2,2,1242,0,0,0,0,0,0,-1
Low, UVP_assignments_GNI_2_MC, Guinea,0,43, PCV,2.62,0.82,2,2,1242,0,0,0,0,0,0,-1
Low, UVP_assignments_GNI_2_MC, Guinea,0,44, PCV,2.76,0.82,2,2,1242,0,0,0,0,0,0,-1
Low, UVP_assignments_GNI_2_MC, Guinea,0,45, PCV,2.76,0.82,2,2,1242,0,0,0,0,0,0,-1
Low, UVP_assignments_GNI_2_MC, Guinea,0,46, PCV,3.12,0.82,2,2,1242,0,0,0,0,0,0,-1
Low, UVP_assignments_GNI_2_MC, Guinea,0,47, PCV,2.98,0.82,2,2,1242,0,0,0,0,0,0,-1
Low, UVP_assignments_GNI_2_MC, Guinea,0,48, PCV,2.62,0.82,2,2,1242,0,0,0,0,0,0,-1
Low, UVP_assignments_GNI_2_MC, Guinea,0,49, Rota,0.77,0.82,2,2,1242,0,0,0,0,0,0,-1
Low, UVP_assignments_GNI_2_MC, Guinea,0,50, Rota,0.86,0.82,2,2,1242,0,0,0,0,0,0,-1
Low, UVP_assignments_GNI_2_MC, Guinea,0,51, Rota,2.12,0.82,2,2,1242,0,0,0,0,0,0,-1
Low, UVP_assignments_GNI_2_MC, Guinea,0,52, Td,0.1,0.82,2,2,1242,0,0,0,0,0,0,-1
Low, UVP_assignments_GNI_2_MC, Guinea,0,53, Td,0.1,0.82,2,2,1242,0,0,0,0,0,0,-1
Low, UVP_assignments_GNI_2_MC, Guinea,0,54, Td,0,0,2,2,1242,0,0,0,0,0,0,-1
Low, UVP_assignments_GNI_2_MC, Guinea,0,55, Td,0.1,0.62,2,2,1242,0,0,0,0,0,0,-1
Low, UVP_assignments_GNI_2_MC, Guinea,0,56, Td,0.09,0.82,2,2,1242,0,0,0,0,0,0,-1
Low, UVP_assignments_GNI_2_MC, Guinea,0,57, Td,0.04,0.36,2,2,1242,0,0,0,0,0,0,-1
Low, UVP_assignments_GNI_2_MC, Guinea,0,58, Td,0.08,0.82,2,2,1242,0,0,0,0,0,0,-1
Low, UVP_assignments_GNI_2_MC, Guinea,0,59, YF,1.16,0.82,2,2,1242,0,0,0,0,0,0,-1
Low, UVP_assignments_GNI_2_MC, Guinea,0,60, YF,0.88,0.82,2,2,1242,0,0,0,0,0,0,-1
Low, UVP_assignments_GNI_2_MC, Guinea,0,61, YF,1.3,0.82,2,2,1242,0,0,0,0,0,0,-1
Low, UVP_assignments_GNI_2_MC, Guinea,0,62, YF,0.88,0.82,2,2,1242,0,0,0,0,0,0,-1
Low, UVP_assignments_GNI_2_MC, Guinea-Bissau,0,1, BCG,0,0,2,2,907,0,0,0,0,0,0,-1
Low, UVP_assignments_GNI_2_MC, Guinea-Bissau,0,2, BCG,0.12,0.75,2,2,907,0,0,0,0,0,0,-1
Low, UVP_assignments_GNI_2_MC, Guinea-Bissau,0,3, BCG,0,0,2,2,907,0,0,0,0,0,0,-1
Low, UVP_assignments_GNI_2_MC, Guinea-Bissau,0,4, BCG,0.17,0.75,2,2,907,0,0,0,0,0,0,-1
Low, UVP_assignments_GNI_2_MC, Guinea-Bissau,0,5, DT,0.02,0.18,2,2,907,0,0,0,0,0,0,-1
Low, UVP_assignments_GNI_2_MC, Guinea-Bissau,0,6, DT,0.1,0.75,2,2,907,0,0,0,0,0,0,-1
Low, UVP_assignments_GNI_2_MC, Guinea-Bissau,0,7, DTP,0.1,0.75,2,2,907,0,0,0,0,0,0,-1
Low, UVP_assignments_GNI_2_MC, Guinea-Bissau,0,8, DTP,0.12,0.75,2,2,907,0,0,0,0,0,0,-1
Low, UVP_assignments_GNI_2_MC, Guinea-Bissau,0,9, DTP-HepB-Hib,0.47,0.75,2,2,907,0,0,0,0,0,0,-1
Low, UVP_assignments_GNI_2_MC, Guinea-Bissau,0,10, DTP-HepB-Hib,0.7,0.75,2,2,907,0,0,0,0,0,0,-1
Low, UVP_assignments_GNI_2_MC, Guinea-Bissau,0,11, DTP-HepB-Hib,0.64,0.75,2,2,907,0,0,0,0,0,0,-1
Low, UVP_assignments_GNI_2_MC, Guinea-Bissau,0,12, DTP-HepB-Hib,0.72,0.75,2,2,907,0,0,0,0,0,0,-1
Low, UVP_assignments_GNI_2_MC, Guinea-Bissau,0,13, DTP-HepB-Hib,0.7,0.75,2,2,907,0,0,0,0,0,0,-1
Low, UVP_assignments_GNI_2_MC, Guinea-Bissau,0,14, DTP-HepB-Hib,0.49,0.75,2,2,907,0,0,0,0,0,0,-1
Low, UVP_assignments_GNI_2_MC, Guinea-Bissau,0,15, DTP-HepB-Hib,0.46,0.75,2,2,907,0,0,0,0,0,0,-1
Low, UVP_assignments_GNI_2_MC, Guinea-Bissau,0,16, DTP-HepB-Hib,0.49,0.75,2,2,907,0,0,0,0,0,0,-1
Low, UVP_assignments_GNI_2_MC, Guinea-Bissau,0,17, HPV,2.79,0.75,2,2,907,0,0,0,0,0,0,-1
Low, UVP_assignments_GNI_2_MC, Guinea-Bissau,0,18, HPV,2.73,0.75,2,2,907,0,0,0,0,0,0,-1
Low, UVP_assignments_GNI_2_MC, Guinea-Bissau,0,19, HepB,0.3,0.75,2,2,907,0,0,0,0,0,0,-1
Low, UVP_assignments_GNI_2_MC, Guinea-Bissau,0,20, HepB,0.36,0.75,2,2,907,0,0,0,0,0,0,-1
Low, UVP_assignments_GNI_2_MC, Guinea-Bissau,0,21, HepB,0.15,0.75,2,2,907,0,0,0,0,0,0,-1
Low, UVP_assignments_GNI_2_MC, Guinea-Bissau,0,22, HepB,0.15,0.75,2,2,907,0,0,0,0,0,0,-1
Low, UVP_assignments_GNI_2_MC, Guinea-Bissau,0,23, Hib,1.3,0.75,2,2,907,0,0,0,0,0,0,-1
Low, UVP_assignments_GNI_2_MC, Guinea-Bissau,0,24, IPV,0,0,2,2,907,0,0,0,0,0,0,-1
Low, UVP_assignments_GNI_2_MC, Guinea-Bissau,0,25, IPV,1.49,0.75,2,2,907,0,0,0,0,0,0,-1
Low, UVP_assignments_GNI_2_MC, Guinea-Bissau,0,26, IPV,1.88,0.75,2,2,907,0,0,0,0,0,0,-1
Low, UVP_assignments_GNI_2_MC, Guinea-Bissau,0,27, IPV,1.06,0.75,2,2,907,0,0,0,0,0,0,-1
Low, UVP_assignments_GNI_2_MC, Guinea-Bissau,0,28, IPV,0,0,2,2,907,0,0,0,0,0,0,-1
Low, UVP_assignments_GNI_2_MC, Guinea-Bissau,0,29, IPV,1.7,0.75,2,2,907,0,0,0,0,0,0,-1
Low, UVP_assignments_GNI_2_MC, Guinea-Bissau,0,30, MMR,0.66,0.58,2,2,907,0,0,0,0,0,0,-1
Low, UVP_assignments_GNI_2_MC, Guinea-Bissau,0,31, MMR,2.71,0.75,2,2,907,0,0,0,0,0,0,-1
Low, UVP_assignments_GNI_2_MC, Guinea-Bissau,0,32, MMR,1.79,0.75,2,2,907,0,0,0,0,0,0,-1
Low, UVP_assignments_GNI_2_MC, Guinea-Bissau,0,33, MMR,0.89,0.75,2,2,907,0,0,0,0,0,0,-1
Low, UVP_assignments_GNI_2_MC, Guinea-Bissau,0,34, OPV,0.11,0.75,2,2,907,0,0,0,0,0,0,-1
Low, UVP_assignments_GNI_2_MC, Guinea-Bissau,0,35, OPV,0.05,0.75,2,2,907,0,0,0,0,0,0,-1
Low, UVP_assignments_GNI_2_MC, Guinea-Bissau,0,36, OPV,0.08,0.75,2,2,907,0,0,0,0,0,0,-1
Low, UVP_assignments_GNI_2_MC, Guinea-Bissau,0,37, OPV,0.08,0.75,2,2,907,0,0,0,0,0,0,-1
Low, UVP_assignments_GNI_2_MC, Guinea-Bissau,0,38, OPV,0.07,0.75,2,2,907,0,0,0,0,0,0,-1
Low, UVP_assignments_GNI_2_MC, Guinea-Bissau,0,39, OPV,0.08,0.75,2,2,907,0,0,0,0,0,0,-1
Low, UVP_assignments_GNI_2_MC, Guinea-Bissau,0,40, OPV,0.12,0.75,2,2,907,0,0,0,0,0,0,-1
Low, UVP_assignments_GNI_2_MC, Guinea-Bissau,0,41, OPV,0.08,0.75,2,2,907,0,0,0,0,0,0,-1
Low, UVP_assignments_GNI_2_MC, Guinea-Bissau,0,42, OPV,0.1,0.75,2,2,907,0,0,0,0,0,0,-1
Low, UVP_assignments_GNI_2_MC, Guinea-Bissau,0,43, PCV,1.76,0.75,2,2,907,0,0,0,0,0,0,-1
Low, UVP_assignments_GNI_2_MC, Guinea-Bissau,0,44, PCV,1.85,0.75,2,2,907,0,0,0,0,0,0,-1
Low, UVP_assignments_GNI_2_MC, Guinea-Bissau,0,45, PCV,1.85,0.75,2,2,907,0,0,0,0,0,0,-1
Low, UVP_assignments_GNI_2_MC, Guinea-Bissau,0,46, PCV,2.09,0.75,2,2,907,0,0,0,0,0,0,-1
Low, UVP_assignments_GNI_2_MC, Guinea-Bissau,0,47, PCV,2,0.75,2,2,907,0,0,0,0,0,0,-1
Low, UVP_assignments_GNI_2_MC, Guinea-Bissau,0,48, PCV,1.76,0.75,2,2,907,0,0,0,0,0,0,-1
Low, UVP_assignments_GNI_2_MC, Guinea-Bissau,0,49, Rota,0.52,0.75,2,2,907,0,0,0,0,0,0,-1
Low, UVP_assignments_GNI_2_MC, Guinea-Bissau,0,50, Rota,0.58,0.75,2,2,907,0,0,0,0,0,0,-1
Low, UVP_assignments_GNI_2_MC, Guinea-Bissau,0,51, Rota,1.43,0.75,2,2,907,0,0,0,0,0,0,-1
Low, UVP_assignments_GNI_2_MC, Guinea-Bissau,0,52, Td,0.07,0.75,2,2,907,0,0,0,0,0,0,-1
Low, UVP_assignments_GNI_2_MC, Guinea-Bissau,0,53, Td,0.07,0.75,2,2,907,0,0,0,0,0,0,-1
Low, UVP_assignments_GNI_2_MC, Guinea-Bissau,0,54, Td,0,0,2,2,907,0,0,0,0,0,0,-1
Low, UVP_assignments_GNI_2_MC, Guinea-Bissau,0,55, Td,0.05,0.48,2,2,907,0,0,0,0,0,0,-1
Low, UVP_assignments_GNI_2_MC, Guinea-Bissau,0,56, Td,0.06,0.75,2,2,907,0,0,0,0,0,0,-1
Low, UVP_assignments_GNI_2_MC, Guinea-Bissau,0,57, Td,0.01,0.13,2,2,907,0,0,0,0,0,0,-1
Low, UVP_assignments_GNI_2_MC, Guinea-Bissau,0,58, Td,0.05,0.75,2,2,907,0,0,0,0,0,0,-1
Low, UVP_assignments_GNI_2_MC, Guinea-Bissau,0,59, YF,0.78,0.75,2,2,907,0,0,0,0,0,0,-1
Low, UVP_assignments_GNI_2_MC, Guinea-Bissau,0,60, YF,0.59,0.75,2,2,907,0,0,0,0,0,0,-1
Low, UVP_assignments_GNI_2_MC, Guinea-Bissau,0,61, YF,0.87,0.75,2,2,907,0,0,0,0,0,0,-1
Low, UVP_assignments_GNI_2_MC, Guinea-Bissau,0,62, YF,0.59,0.75,2,2,907,0,0,0,0,0,0,-1
Low, UVP_assignments_GNI_2_MC, Haiti,0,1, BCG,0,0,2,2,1560,0,0,0,0,0,0,-1
Low, UVP_assignments_GNI_2_MC, Haiti,0,2, BCG,0.23,0.86,2,2,1560,0,0,0,0,0,0,-1
Low, UVP_assignments_GNI_2_MC, Haiti,0,3, BCG,0,0,2,2,1560,0,0,0,0,0,0,-1
Low, UVP_assignments_GNI_2_MC, Haiti,0,4, BCG,0.33,0.86,2,2,1560,0,0,0,0,0,0,-1
Low, UVP_assignments_GNI_2_MC, Haiti,0,5, DT,0.12,0.52,2,2,1560,0,0,0,0,0,0,-1
Low, UVP_assignments_GNI_2_MC, Haiti,0,6, DT,0.2,0.86,2,2,1560,0,0,0,0,0,0,-1
Low, UVP_assignments_GNI_2_MC, Haiti,0,7, DTP,0.2,0.86,2,2,1560,0,0,0,0,0,0,-1
Low, UVP_assignments_GNI_2_MC, Haiti,0,8, DTP,0.23,0.86,2,2,1560,0,0,0,0,0,0,-1
Low, UVP_assignments_GNI_2_MC, Haiti,0,9, DTP-HepB-Hib,0.93,0.86,2,2,1560,0,0,0,0,0,0,-1
Low, UVP_assignments_GNI_2_MC, Haiti,0,10, DTP-HepB-Hib,1.37,0.86,2,2,1560,0,0,0,0,0,0,-1
Low, UVP_assignments_GNI_2_MC, Haiti,0,11, DTP-HepB-Hib,1.25,0.86,2,2,1560,0,0,0,0,0,0,-1
Low, UVP_assignments_GNI_2_MC, Haiti,0,12, DTP-HepB-Hib,1.41,0.86,2,2,1560,0,0,0,0,0,0,-1
Low, UVP_assignments_GNI_2_MC, Haiti,0,13, DTP-HepB-Hib,1.37,0.86,2,2,1560,0,0,0,0,0,0,-1
Low, UVP_assignments_GNI_2_MC, Haiti,0,14, DTP-HepB-Hib,0.96,0.86,2,2,1560,0,0,0,0,0,0,-1
Low, UVP_assignments_GNI_2_MC, Haiti,0,15, DTP-HepB-Hib,0.89,0.86,2,2,1560,0,0,0,0,0,0,-1
Low, UVP_assignments_GNI_2_MC, Haiti,0,16, DTP-HepB-Hib,0.95,0.86,2,2,1560,0,0,0,0,0,0,-1
Low, UVP_assignments_GNI_2_MC, Haiti,0,17, HPV,5.46,0.86,2,2,1560,0,0,0,0,0,0,-1
Low, UVP_assignments_GNI_2_MC, Haiti,0,18, HPV,5.34,0.86,2,2,1560,0,0,0,0,0,0,-1
Low, UVP_assignments_GNI_2_MC, Haiti,0,19, HepB,0.58,0.86,2,2,1560,0,0,0,0,0,0,-1
Low, UVP_assignments_GNI_2_MC, Haiti,0,20, HepB,0.71,0.86,2,2,1560,0,0,0,0,0,0,-1
Low, UVP_assignments_GNI_2_MC, Haiti,0,21, HepB,0.28,0.86,2,2,1560,0,0,0,0,0,0,-1
Low, UVP_assignments_GNI_2_MC, Haiti,0,22, HepB,0.3,0.86,2,2,1560,0,0,0,0,0,0,-1
Low, UVP_assignments_GNI_2_MC, Haiti,0,23, Hib,2.55,0.86,2,2,1560,0,0,0,0,0,0,-1
Low, UVP_assignments_GNI_2_MC, Haiti,0,24, IPV,0,0,2,2,1560,0,0,0,0,0,0,-1
Low, UVP_assignments_GNI_2_MC, Haiti,0,25, IPV,2.91,0.86,2,2,1560,0,0,0,0,0,0,-1
Low, UVP_assignments_GNI_2_MC, Haiti,0,26, IPV,3.68,0.86,2,2,1560,0,0,0,0,0,0,-1
Low, UVP_assignments_GNI_2_MC, Haiti,0,27, IPV,2.08,0.86,2,2,1560,0,0,0,0,0,0,-1
Low, UVP_assignments_GNI_2_MC, Haiti,0,28, IPV,0,0,2,2,1560,0,0,0,0,0,0,-1
Low, UVP_assignments_GNI_2_MC, Haiti,0,29, IPV,3.32,0.86,2,2,1560,0,0,0,0,0,0,-1
Low, UVP_assignments_GNI_2_MC, Haiti,0,30, MMR,1.47,0.75,2,2,1560,0,0,0,0,0,0,-1
Low, UVP_assignments_GNI_2_MC, Haiti,0,31, MMR,5.31,0.86,2,2,1560,0,0,0,0,0,0,-1
Low, UVP_assignments_GNI_2_MC, Haiti,0,32, MMR,3.5,0.86,2,2,1560,0,0,0,0,0,0,-1
Low, UVP_assignments_GNI_2_MC, Haiti,0,33, MMR,1.74,0.86,2,2,1560,0,0,0,0,0,0,-1
Low, UVP_assignments_GNI_2_MC, Haiti,0,34, OPV,0.21,0.86,2,2,1560,0,0,0,0,0,0,-1
Low, UVP_assignments_GNI_2_MC, Haiti,0,35, OPV,0.11,0.86,2,2,1560,0,0,0,0,0,0,-1
Low, UVP_assignments_GNI_2_MC, Haiti,0,36, OPV,0.15,0.86,2,2,1560,0,0,0,0,0,0,-1
Low, UVP_assignments_GNI_2_MC, Haiti,0,37, OPV,0.17,0.86,2,2,1560,0,0,0,0,0,0,-1
Low, UVP_assignments_GNI_2_MC, Haiti,0,38, OPV,0.14,0.86,2,2,1560,0,0,0,0,0,0,-1
Low, UVP_assignments_GNI_2_MC, Haiti,0,39, OPV,0.15,0.86,2,2,1560,0,0,0,0,0,0,-1
Low, UVP_assignments_GNI_2_MC, Haiti,0,40, OPV,0.23,0.86,2,2,1560,0,0,0,0,0,0,-1
Low, UVP_assignments_GNI_2_MC, Haiti,0,41, OPV,0.17,0.86,2,2,1560,0,0,0,0,0,0,-1
Low, UVP_assignments_GNI_2_MC, Haiti,0,42, OPV,0.2,0.86,2,2,1560,0,0,0,0,0,0,-1
Low, UVP_assignments_GNI_2_MC, Haiti,0,43, PCV,3.44,0.86,2,2,1560,0,0,0,0,0,0,-1
Low, UVP_assignments_GNI_2_MC, Haiti,0,44, PCV,3.62,0.86,2,2,1560,0,0,0,0,0,0,-1
Low, UVP_assignments_GNI_2_MC, Haiti,0,45, PCV,3.62,0.86,2,2,1560,0,0,0,0,0,0,-1
Low, UVP_assignments_GNI_2_MC, Haiti,0,46, PCV,4.1,0.86,2,2,1560,0,0,0,0,0,0,-1
Low, UVP_assignments_GNI_2_MC, Haiti,0,47, PCV,3.92,0.86,2,2,1560,0,0,0,0,0,0,-1
Low, UVP_assignments_GNI_2_MC, Haiti,0,48, PCV,3.44,0.86,2,2,1560,0,0,0,0,0,0,-1
Low, UVP_assignments_GNI_2_MC, Haiti,0,49, Rota,1.01,0.86,2,2,1560,0,0,0,0,0,0,-1
Low, UVP_assignments_GNI_2_MC, Haiti,0,50, Rota,1.13,0.86,2,2,1560,0,0,0,0,0,0,-1
Low, UVP_assignments_GNI_2_MC, Haiti,0,51, Rota,2.79,0.86,2,2,1560,0,0,0,0,0,0,-1
Low, UVP_assignments_GNI_2_MC, Haiti,0,52, Td,0.13,0.86,2,2,1560,0,0,0,0,0,0,-1
Low, UVP_assignments_GNI_2_MC, Haiti,0,53, Td,0.13,0.86,2,2,1560,0,0,0,0,0,0,-1
Low, UVP_assignments_GNI_2_MC, Haiti,0,54, Td,0,0,2,2,1560,0,0,0,0,0,0,-1
Low, UVP_assignments_GNI_2_MC, Haiti,0,55, Td,0.14,0.7,2,2,1560,0,0,0,0,0,0,-1
Low, UVP_assignments_GNI_2_MC, Haiti,0,56, Td,0.12,0.86,2,2,1560,0,0,0,0,0,0,-1
Low, UVP_assignments_GNI_2_MC, Haiti,0,57, Td,0.07,0.49,2,2,1560,0,0,0,0,0,0,-1
Low, UVP_assignments_GNI_2_MC, Haiti,0,58, Td,0.11,0.86,2,2,1560,0,0,0,0,0,0,-1
Low, UVP_assignments_GNI_2_MC, Haiti,0,59, YF,1.52,0.86,2,2,1560,0,0,0,0,0,0,-1
Low, UVP_assignments_GNI_2_MC, Haiti,0,60, YF,1.15,0.86,2,2,1560,0,0,0,0,0,0,-1
Low, UVP_assignments_GNI_2_MC, Haiti,0,61, YF,1.71,0.86,2,2,1560,0,0,0,0,0,0,-1
Low, UVP_assignments_GNI_2_MC, Haiti,0,62, YF,1.15,0.86,2,2,1560,0,0,0,0,0,0,-1
Low, UVP_assignments_GNI_2_MC, Kenya,0,1, BCG,0,0,1,2,2290,0,0,0,0,0,0,-1
Low, UVP_assignments_GNI_2_MC, Kenya,0,2, BCG,0.08,0.22,1,2,2290,0,0,0,0,0,0,-1
Low, UVP_assignments_GNI_2_MC, Kenya,0,3, BCG,0,0,1,2,2290,0,0,0,0,0,0,-1
Low, UVP_assignments_GNI_2_MC, Kenya,0,4, BCG,0.12,0.22,1,2,2290,0,0,0,0,0,0,-1
Low, UVP_assignments_GNI_2_MC, Kenya,0,5, DT,0,0,1,2,2290,0,0,0,0,0,0,-1
Low, UVP_assignments_GNI_2_MC, Kenya,0,6, DT,0.07,0.22,1,2,2290,0,0,0,0,0,0,-1
Low, UVP_assignments_GNI_2_MC, Kenya,0,7, DTP,0.07,0.22,1,2,2290,0,0,0,0,0,0,-1
Low, UVP_assignments_GNI_2_MC, Kenya,0,8, DTP,0.08,0.22,1,2,2290,0,0,0,0,0,0,-1
Low, UVP_assignments_GNI_2_MC, Kenya,0,9, DTP-HepB-Hib,0.34,0.22,1,2,2290,0,0,0,0,0,0,-1
Low, UVP_assignments_GNI_2_MC, Kenya,0,10, DTP-HepB-Hib,0.51,0.22,1,2,2290,0,0,0,0,0,0,-1
Low, UVP_assignments_GNI_2_MC, Kenya,0,11, DTP-HepB-Hib,0.46,0.22,1,2,2290,0,0,0,0,0,0,-1
Low, UVP_assignments_GNI_2_MC, Kenya,0,12, DTP-HepB-Hib,0.52,0.22,1,2,2290,0,0,0,0,0,0,-1
Low, UVP_assignments_GNI_2_MC, Kenya,0,13, DTP-HepB-Hib,0.51,0.22,1,2,2290,0,0,0,0,0,0,-1
Low, UVP_assignments_GNI_2_MC, Kenya,0,14, DTP-HepB-Hib,0.36,0.22,1,2,2290,0,0,0,0,0,0,-1
Low, UVP_assignments_GNI_2_MC, Kenya,0,15, DTP-HepB-Hib,0.33,0.22,1,2,2290,0,0,0,0,0,0,-1
Low, UVP_assignments_GNI_2_MC, Kenya,0,16, DTP-HepB-Hib,0.35,0.22,1,2,2290,0,0,0,0,0,0,-1
Low, UVP_assignments_GNI_2_MC, Kenya,0,17, HPV,2.03,0.22,1,2,2290,0,0,0,0,0,0,-1
Low, UVP_assignments_GNI_2_MC, Kenya,0,18, HPV,1.98,0.22,1,2,2290,0,0,0,0,0,0,-1
Low, UVP_assignments_GNI_2_MC, Kenya,0,19, HepB,0.22,0.22,1,2,2290,0,0,0,0,0,0,-1
Low, UVP_assignments_GNI_2_MC, Kenya,0,20, HepB,0.26,0.22,1,2,2290,0,0,0,0,0,0,-1
Low, UVP_assignments_GNI_2_MC, Kenya,0,21, HepB,0.11,0.22,1,2,2290,0,0,0,0,0,0,-1
Low, UVP_assignments_GNI_2_MC, Kenya,0,22, HepB,0.11,0.22,1,2,2290,0,0,0,0,0,0,-1
Low, UVP_assignments_GNI_2_MC, Kenya,0,23, Hib,0.95,0.22,1,2,2290,0,0,0,0,0,0,-1
Low, UVP_assignments_GNI_2_MC, Kenya,0,24, IPV,0.92,0.22,1,2,2290,0,0,0,0,0,0,-1
Low, UVP_assignments_GNI_2_MC, Kenya,0,25, IPV,1.08,0.22,1,2,2290,0,0,0,0,0,0,-1
Low, UVP_assignments_GNI_2_MC, Kenya,0,26, IPV,1.36,0.22,1,2,2290,0,0,0,0,0,0,-1
Low, UVP_assignments_GNI_2_MC, Kenya,0,27, IPV,0.77,0.22,1,2,2290,0,0,0,0,0,0,-1
Low, UVP_assignments_GNI_2_MC, Kenya,0,28, IPV,1.03,0.22,1,2,2290,0,0,0,0,0,0,-1
Low, UVP_assignments_GNI_2_MC, Kenya,0,29, IPV,1.23,0.22,1,2,2290,0,0,0,0,0,0,-1
Low, UVP_assignments_GNI_2_MC, Kenya,0,30, MMR,0,0,1,2,2290,0,0,0,0,0,0,-1
Low, UVP_assignments_GNI_2_MC, Kenya,0,31, MMR,1.97,0.22,1,2,2290,0,0,0,0,0,0,-1
Low, UVP_assignments_GNI_2_MC, Kenya,0,32, MMR,1.3,0.22,1,2,2290,0,0,0,0,0,0,-1
Low, UVP_assignments_GNI_2_MC, Kenya,0,33, MMR,0.65,0.22,1,2,2290,0,0,0,0,0,0,-1
Low, UVP_assignments_GNI_2_MC, Kenya,0,34, OPV,0.08,0.22,1,2,2290,0,0,0,0,0,0,-1
Low, UVP_assignments_GNI_2_MC, Kenya,0,35, OPV,0.04,0.22,1,2,2290,0,0,0,0,0,0,-1
Low, UVP_assignments_GNI_2_MC, Kenya,0,36, OPV,0.06,0.22,1,2,2290,0,0,0,0,0,0,-1
Low, UVP_assignments_GNI_2_MC, Kenya,0,37, OPV,0.06,0.22,1,2,2290,0,0,0,0,0,0,-1
Low, UVP_assignments_GNI_2_MC, Kenya,0,38, OPV,0.05,0.22,1,2,2290,0,0,0,0,0,0,-1
Low, UVP_assignments_GNI_2_MC, Kenya,0,39, OPV,0.06,0.22,1,2,2290,0,0,0,0,0,0,-1
Low, UVP_assignments_GNI_2_MC, Kenya,0,40, OPV,0.08,0.22,1,2,2290,0,0,0,0,0,0,-1
Low, UVP_assignments_GNI_2_MC, Kenya,0,41, OPV,0.06,0.22,1,2,2290,0,0,0,0,0,0,-1
Low, UVP_assignments_GNI_2_MC, Kenya,0,42, OPV,0.07,0.22,1,2,2290,0,0,0,0,0,0,-1
Low, UVP_assignments_GNI_2_MC, Kenya,0,43, PCV,1.28,0.22,1,2,2290,0,0,0,0,0,0,-1
Low, UVP_assignments_GNI_2_MC, Kenya,0,44, PCV,1.34,0.22,1,2,2290,0,0,0,0,0,0,-1
Low, UVP_assignments_GNI_2_MC, Kenya,0,45, PCV,1.34,0.22,1,2,2290,0,0,0,0,0,0,-1
Low, UVP_assignments_GNI_2_MC, Kenya,0,46, PCV,1.52,0.22,1,2,2290,0,0,0,0,0,0,-1
Low, UVP_assignments_GNI_2_MC, Kenya,0,47, PCV,1.45,0.22,1,2,2290,0,0,0,0,0,0,-1
Low, UVP_assignments_GNI_2_MC, Kenya,0,48, PCV,1.28,0.22,1,2,2290,0,0,0,0,0,0,-1
Low, UVP_assignments_GNI_2_MC, Kenya,0,49, Rota,0.37,0.22,1,2,2290,0,0,0,0,0,0,-1
Low, UVP_assignments_GNI_2_MC, Kenya,0,50, Rota,0.42,0.22,1,2,2290,0,0,0,0,0,0,-1
Low, UVP_assignments_GNI_2_MC, Kenya,0,51, Rota,1.03,0.22,1,2,2290,0,0,0,0,0,0,-1
Low, UVP_assignments_GNI_2_MC, Kenya,0,52, Td,0.05,0.22,1,2,2290,0,0,0,0,0,0,-1
Low, UVP_assignments_GNI_2_MC, Kenya,0,53, Td,0.05,0.22,1,2,2290,0,0,0,0,0,0,-1
Low, UVP_assignments_GNI_2_MC, Kenya,0,54, Td,0,0,1,2,2290,0,0,0,0,0,0,-1
Low, UVP_assignments_GNI_2_MC, Kenya,0,55, Td,0.06,0.22,1,2,2290,0,0,0,0,0,0,-1
Low, UVP_assignments_GNI_2_MC, Kenya,0,56, Td,0.04,0.22,1,2,2290,0,0,0,0,0,0,-1
Low, UVP_assignments_GNI_2_MC, Kenya,0,57, Td,0.04,0.19,1,2,2290,0,0,0,0,0,0,-1
Low, UVP_assignments_GNI_2_MC, Kenya,0,58, Td,0.04,0.22,1,2,2290,0,0,0,0,0,0,-1
Low, UVP_assignments_GNI_2_MC, Kenya,0,59, YF,0.56,0.22,1,2,2290,0,0,0,0,0,0,-1
Low, UVP_assignments_GNI_2_MC, Kenya,0,60, YF,0.43,0.22,1,2,2290,0,0,0,0,0,0,-1
Low, UVP_assignments_GNI_2_MC, Kenya,0,61, YF,0.63,0.22,1,2,2290,0,0,0,0,0,0,-1
Low, UVP_assignments_GNI_2_MC, Kenya,0,62, YF,0.43,0.22,1,2,2290,0,0,0,0,0,0,-1
Low, UVP_assignments_GNI_2_MC, Kyrgyzstan,0,1, BCG,0,0,2,2,1314,0,0,0,0,0,0,-1
Low, UVP_assignments_GNI_2_MC, Kyrgyzstan,0,2, BCG,0.18,0.83,2,2,1314,0,0,0,0,0,0,-1
Low, UVP_assignments_GNI_2_MC, Kyrgyzstan,0,3, BCG,0,0,2,2,1314,0,0,0,0,0,0,-1
Low, UVP_assignments_GNI_2_MC, Kyrgyzstan,0,4, BCG,0.27,0.83,2,2,1314,0,0,0,0,0,0,-1
Low, UVP_assignments_GNI_2_MC, Kyrgyzstan,0,5, DT,0.09,0.43,2,2,1314,0,0,0,0,0,0,-1
Low, UVP_assignments_GNI_2_MC, Kyrgyzstan,0,6, DT,0.16,0.83,2,2,1314,0,0,0,0,0,0,-1
Low, UVP_assignments_GNI_2_MC, Kyrgyzstan,0,7, DTP,0.16,0.83,2,2,1314,0,0,0,0,0,0,-1
Low, UVP_assignments_GNI_2_MC, Kyrgyzstan,0,8, DTP,0.18,0.83,2,2,1314,0,0,0,0,0,0,-1
Low, UVP_assignments_GNI_2_MC, Kyrgyzstan,0,9, DTP-HepB-Hib,0.76,0.83,2,2,1314,0,0,0,0,0,0,-1
Low, UVP_assignments_GNI_2_MC, Kyrgyzstan,0,10, DTP-HepB-Hib,1.11,0.83,2,2,1314,0,0,0,0,0,0,-1
Low, UVP_assignments_GNI_2_MC, Kyrgyzstan,0,11, DTP-HepB-Hib,1.02,0.83,2,2,1314,0,0,0,0,0,0,-1
Low, UVP_assignments_GNI_2_MC, Kyrgyzstan,0,12, DTP-HepB-Hib,1.15,0.83,2,2,1314,0,0,0,0,0,0,-1
Low, UVP_assignments_GNI_2_MC, Kyrgyzstan,0,13, DTP-HepB-Hib,1.11,0.83,2,2,1314,0,0,0,0,0,0,-1
Low, UVP_assignments_GNI_2_MC, Kyrgyzstan,0,14, DTP-HepB-Hib,0.78,0.83,2,2,1314,0,0,0,0,0,0,-1
Low, UVP_assignments_GNI_2_MC, Kyrgyzstan,0,15, DTP-HepB-Hib,0.73,0.83,2,2,1314,0,0,0,0,0,0,-1
Low, UVP_assignments_GNI_2_MC, Kyrgyzstan,0,16, DTP-HepB-Hib,0.77,0.83,2,2,1314,0,0,0,0,0,0,-1
Low, UVP_assignments_GNI_2_MC, Kyrgyzstan,0,17, HPV,4.45,0.83,2,2,1314,0,0,0,0,0,0,-1
Low, UVP_assignments_GNI_2_MC, Kyrgyzstan,0,18, HPV,4.36,0.83,2,2,1314,0,0,0,0,0,0,-1
Low, UVP_assignments_GNI_2_MC, Kyrgyzstan,0,19, HepB,0.47,0.83,2,2,1314,0,0,0,0,0,0,-1
Low, UVP_assignments_GNI_2_MC, Kyrgyzstan,0,20, HepB,0.58,0.83,2,2,1314,0,0,0,0,0,0,-1
Low, UVP_assignments_GNI_2_MC, Kyrgyzstan,0,21, HepB,0.23,0.83,2,2,1314,0,0,0,0,0,0,-1
Low, UVP_assignments_GNI_2_MC, Kyrgyzstan,0,22, HepB,0.24,0.83,2,2,1314,0,0,0,0,0,0,-1
Low, UVP_assignments_GNI_2_MC, Kyrgyzstan,0,23, Hib,2.08,0.83,2,2,1314,0,0,0,0,0,0,-1
Low, UVP_assignments_GNI_2_MC, Kyrgyzstan,0,24, IPV,0,0,2,2,1314,0,0,0,0,0,0,-1
Low, UVP_assignments_GNI_2_MC, Kyrgyzstan,0,25, IPV,2.37,0.83,2,2,1314,0,0,0,0,0,0,-1
Low, UVP_assignments_GNI_2_MC, Kyrgyzstan,0,26, IPV,3,0.83,2,2,1314,0,0,0,0,0,0,-1
Low, UVP_assignments_GNI_2_MC, Kyrgyzstan,0,27, IPV,1.69,0.83,2,2,1314,0,0,0,0,0,0,-1
Low, UVP_assignments_GNI_2_MC, Kyrgyzstan,0,28, IPV,0,0,2,2,1314,0,0,0,0,0,0,-1
Low, UVP_assignments_GNI_2_MC, Kyrgyzstan,0,29, IPV,2.71,0.83,2,2,1314,0,0,0,0,0,0,-1
Low, UVP_assignments_GNI_2_MC, Kyrgyzstan,0,30, MMR,1.16,0.71,2,2,1314,0,0,0,0,0,0,-1
Low, UVP_assignments_GNI_2_MC, Kyrgyzstan,0,31, MMR,4.33,0.83,2,2,1314,0,0,0,0,0,0,-1
Low, UVP_assignments_GNI_2_MC, Kyrgyzstan,0,32, MMR,2.86,0.83,2,2,1314,0,0,0,0,0,0,-1
Low, UVP_assignments_GNI_2_MC, Kyrgyzstan,0,33, MMR,1.42,0.83,2,2,1314,0,0,0,0,0,0,-1
Low, UVP_assignments_GNI_2_MC, Kyrgyzstan,0,34, OPV,0.17,0.83,2,2,1314,0,0,0,0,0,0,-1
Low, UVP_assignments_GNI_2_MC, Kyrgyzstan,0,35, OPV,0.09,0.83,2,2,1314,0,0,0,0,0,0,-1
Low, UVP_assignments_GNI_2_MC, Kyrgyzstan,0,36, OPV,0.13,0.83,2,2,1314,0,0,0,0,0,0,-1
Low, UVP_assignments_GNI_2_MC, Kyrgyzstan,0,37, OPV,0.14,0.83,2,2,1314,0,0,0,0,0,0,-1
Low, UVP_assignments_GNI_2_MC, Kyrgyzstan,0,38, OPV,0.12,0.83,2,2,1314,0,0,0,0,0,0,-1
Low, UVP_assignments_GNI_2_MC, Kyrgyzstan,0,39, OPV,0.13,0.83,2,2,1314,0,0,0,0,0,0,-1
Low, UVP_assignments_GNI_2_MC, Kyrgyzstan,0,40, OPV,0.18,0.83,2,2,1314,0,0,0,0,0,0,-1
Low, UVP_assignments_GNI_2_MC, Kyrgyzstan,0,41, OPV,0.14,0.83,2,2,1314,0,0,0,0,0,0,-1
Low, UVP_assignments_GNI_2_MC, Kyrgyzstan,0,42, OPV,0.16,0.83,2,2,1314,0,0,0,0,0,0,-1
Low, UVP_assignments_GNI_2_MC, Kyrgyzstan,0,43, PCV,2.81,0.83,2,2,1314,0,0,0,0,0,0,-1
Low, UVP_assignments_GNI_2_MC, Kyrgyzstan,0,44, PCV,2.95,0.83,2,2,1314,0,0,0,0,0,0,-1
Low, UVP_assignments_GNI_2_MC, Kyrgyzstan,0,45, PCV,2.95,0.83,2,2,1314,0,0,0,0,0,0,-1
Low, UVP_assignments_GNI_2_MC, Kyrgyzstan,0,46, PCV,3.34,0.83,2,2,1314,0,0,0,0,0,0,-1
Low, UVP_assignments_GNI_2_MC, Kyrgyzstan,0,47, PCV,3.19,0.83,2,2,1314,0,0,0,0,0,0,-1
Low, UVP_assignments_GNI_2_MC, Kyrgyzstan,0,48, PCV,2.81,0.83,2,2,1314,0,0,0,0,0,0,-1
Low, UVP_assignments_GNI_2_MC, Kyrgyzstan,0,49, Rota,0.82,0.83,2,2,1314,0,0,0,0,0,0,-1
Low, UVP_assignments_GNI_2_MC, Kyrgyzstan,0,50, Rota,0.92,0.83,2,2,1314,0,0,0,0,0,0,-1
Low, UVP_assignments_GNI_2_MC, Kyrgyzstan,0,51, Rota,2.27,0.83,2,2,1314,0,0,0,0,0,0,-1
Low, UVP_assignments_GNI_2_MC, Kyrgyzstan,0,52, Td,0.11,0.83,2,2,1314,0,0,0,0,0,0,-1
Low, UVP_assignments_GNI_2_MC, Kyrgyzstan,0,53, Td,0.11,0.83,2,2,1314,0,0,0,0,0,0,-1
Low, UVP_assignments_GNI_2_MC, Kyrgyzstan,0,54, Td,0,0,2,2,1314,0,0,0,0,0,0,-1
Low, UVP_assignments_GNI_2_MC, Kyrgyzstan,0,55, Td,0.1,0.64,2,2,1314,0,0,0,0,0,0,-1
Low, UVP_assignments_GNI_2_MC, Kyrgyzstan,0,56, Td,0.1,0.83,2,2,1314,0,0,0,0,0,0,-1
Low, UVP_assignments_GNI_2_MC, Kyrgyzstan,0,57, Td,0.05,0.4,2,2,1314,0,0,0,0,0,0,-1
Low, UVP_assignments_GNI_2_MC, Kyrgyzstan,0,58, Td,0.09,0.83,2,2,1314,0,0,0,0,0,0,-1
Low, UVP_assignments_GNI_2_MC, Kyrgyzstan,0,59, YF,1.24,0.83,2,2,1314,0,0,0,0,0,0,-1
Low, UVP_assignments_GNI_2_MC, Kyrgyzstan,0,60, YF,0.94,0.83,2,2,1314,0,0,0,0,0,0,-1
Low, UVP_assignments_GNI_2_MC, Kyrgyzstan,0,61, YF,1.39,0.83,2,2,1314,0,0,0,0,0,0,-1
Low, UVP_assignments_GNI_2_MC, Kyrgyzstan,0,62, YF,0.94,0.83,2,2,1314,0,0,0,0,0,0,-1
Low, UVP_assignments_GNI_2_MC, Laos,0,1, BCG,0,0,1,2,2758,0,0,0,0,0,0,-1
Low, UVP_assignments_GNI_2_MC, Laos,0,2, BCG,0.16,0.35,1,2,2758,0,0,0,0,0,0,-1
Low, UVP_assignments_GNI_2_MC, Laos,0,3, BCG,0,0,1,2,2758,0,0,0,0,0,0,-1
Low, UVP_assignments_GNI_2_MC, Laos,0,4, BCG,0.24,0.35,1,2,2758,0,0,0,0,0,0,-1
Low, UVP_assignments_GNI_2_MC, Laos,0,5, DT,0,0,1,2,2758,0,0,0,0,0,0,-1
Low, UVP_assignments_GNI_2_MC, Laos,0,6, DT,0.15,0.35,1,2,2758,0,0,0,0,0,0,-1
Low, UVP_assignments_GNI_2_MC, Laos,0,7, DTP,0.15,0.35,1,2,2758,0,0,0,0,0,0,-1
Low, UVP_assignments_GNI_2_MC, Laos,0,8, DTP,0.16,0.35,1,2,2758,0,0,0,0,0,0,-1
Low, UVP_assignments_GNI_2_MC, Laos,0,9, DTP-HepB-Hib,0.67,0.35,1,2,2758,0,0,0,0,0,0,-1
Low, UVP_assignments_GNI_2_MC, Laos,0,10, DTP-HepB-Hib,0.98,0.35,1,2,2758,0,0,0,0,0,0,-1
Low, UVP_assignments_GNI_2_MC, Laos,0,11, DTP-HepB-Hib,0.9,0.35,1,2,2758,0,0,0,0,0,0,-1
Low, UVP_assignments_GNI_2_MC, Laos,0,12, DTP-HepB-Hib,1.02,0.35,1,2,2758,0,0,0,0,0,0,-1
Low, UVP_assignments_GNI_2_MC, Laos,0,13, DTP-HepB-Hib,0.98,0.35,1,2,2758,0,0,0,0,0,0,-1
Low, UVP_assignments_GNI_2_MC, Laos,0,14, DTP-HepB-Hib,0.69,0.35,1,2,2758,0,0,0,0,0,0,-1
Low, UVP_assignments_GNI_2_MC, Laos,0,15, DTP-HepB-Hib,0.64,0.35,1,2,2758,0,0,0,0,0,0,-1
Low, UVP_assignments_GNI_2_MC, Laos,0,16, DTP-HepB-Hib,0.68,0.35,1,2,2758,0,0,0,0,0,0,-1
Low, UVP_assignments_GNI_2_MC, Laos,0,17, HPV,3.94,0.35,1,2,2758,0,0,0,0,0,0,-1
Low, UVP_assignments_GNI_2_MC, Laos,0,18, HPV,3.85,0.35,1,2,2758,0,0,0,0,0,0,-1
Low, UVP_assignments_GNI_2_MC, Laos,0,19, HepB,0.42,0.35,1,2,2758,0,0,0,0,0,0,-1
Low, UVP_assignments_GNI_2_MC, Laos,0,20, HepB,0.51,0.35,1,2,2758,0,0,0,0,0,0,-1
Low, UVP_assignments_GNI_2_MC, Laos,0,21, HepB,0.21,0.35,1,2,2758,0,0,0,0,0,0,-1
Low, UVP_assignments_GNI_2_MC, Laos,0,22, HepB,0.21,0.35,1,2,2758,0,0,0,0,0,0,-1
Low, UVP_assignments_GNI_2_MC, Laos,0,23, Hib,1.84,0.35,1,2,2758,0,0,0,0,0,0,-1
Low, UVP_assignments_GNI_2_MC, Laos,0,24, IPV,1.79,0.35,1,2,2758,0,0,0,0,0,0,-1
Low, UVP_assignments_GNI_2_MC, Laos,0,25, IPV,2.1,0.35,1,2,2758,0,0,0,0,0,0,-1
Low, UVP_assignments_GNI_2_MC, Laos,0,26, IPV,2.65,0.35,1,2,2758,0,0,0,0,0,0,-1
Low, UVP_assignments_GNI_2_MC, Laos,0,27, IPV,1.5,0.35,1,2,2758,0,0,0,0,0,0,-1
Low, UVP_assignments_GNI_2_MC, Laos,0,28, IPV,1.99,0.35,1,2,2758,0,0,0,0,0,0,-1
Low, UVP_assignments_GNI_2_MC, Laos,0,29, IPV,2.4,0.35,1,2,2758,0,0,0,0,0,0,-1
Low, UVP_assignments_GNI_2_MC, Laos,0,30, MMR,0,0,1,2,2758,0,0,0,0,0,0,-1
Low, UVP_assignments_GNI_2_MC, Laos,0,31, MMR,3.82,0.35,1,2,2758,0,0,0,0,0,0,-1
Low, UVP_assignments_GNI_2_MC, Laos,0,32, MMR,2.52,0.35,1,2,2758,0,0,0,0,0,0,-1
Low, UVP_assignments_GNI_2_MC, Laos,0,33, MMR,1.26,0.35,1,2,2758,0,0,0,0,0,0,-1
Low, UVP_assignments_GNI_2_MC, Laos,0,34, OPV,0.15,0.35,1,2,2758,0,0,0,0,0,0,-1
Low, UVP_assignments_GNI_2_MC, Laos,0,35, OPV,0.08,0.35,1,2,2758,0,0,0,0,0,0,-1
Low, UVP_assignments_GNI_2_MC, Laos,0,36, OPV,0.11,0.35,1,2,2758,0,0,0,0,0,0,-1
Low, UVP_assignments_GNI_2_MC, Laos,0,37, OPV,0.12,0.35,1,2,2758,0,0,0,0,0,0,-1
Low, UVP_assignments_GNI_2_MC, Laos,0,38, OPV,0.1,0.35,1,2,2758,0,0,0,0,0,0,-1
Low, UVP_assignments_GNI_2_MC, Laos,0,39, OPV,0.11,0.35,1,2,2758,0,0,0,0,0,0,-1
Low, UVP_assignments_GNI_2_MC, Laos,0,40, OPV,0.16,0.35,1,2,2758,0,0,0,0,0,0,-1
Low, UVP_assignments_GNI_2_MC, Laos,0,41, OPV,0.12,0.35,1,2,2758,0,0,0,0,0,0,-1
Low, UVP_assignments_GNI_2_MC, Laos,0,42, OPV,0.15,0.35,1,2,2758,0,0,0,0,0,0,-1
Low, UVP_assignments_GNI_2_MC, Laos,0,43, PCV,2.48,0.35,1,2,2758,0,0,0,0,0,0,-1
Low, UVP_assignments_GNI_2_MC, Laos,0,44, PCV,2.61,0.35,1,2,2758,0,0,0,0,0,0,-1
Low, UVP_assignments_GNI_2_MC, Laos,0,45, PCV,2.61,0.35,1,2,2758,0,0,0,0,0,0,-1
Low, UVP_assignments_GNI_2_MC, Laos,0,46, PCV,2.95,0.35,1,2,2758,0,0,0,0,0,0,-1
Low, UVP_assignments_GNI_2_MC, Laos,0,47, PCV,2.82,0.35,1,2,2758,0,0,0,0,0,0,-1
Low, UVP_assignments_GNI_2_MC, Laos,0,48, PCV,2.48,0.35,1,2,2758,0,0,0,0,0,0,-1
Low, UVP_assignments_GNI_2_MC, Laos,0,49, Rota,0.73,0.35,1,2,2758,0,0,0,0,0,0,-1
Low, UVP_assignments_GNI_2_MC, Laos,0,50, Rota,0.81,0.35,1,2,2758,0,0,0,0,0,0,-1
Low, UVP_assignments_GNI_2_MC, Laos,0,51, Rota,2.01,0.35,1,2,2758,0,0,0,0,0,0,-1
Low, UVP_assignments_GNI_2_MC, Laos,0,52, Td,0.09,0.35,1,2,2758,0,0,0,0,0,0,-1
Low, UVP_assignments_GNI_2_MC, Laos,0,53, Td,0.09,0.35,1,2,2758,0,0,0,0,0,0,-1
Low, UVP_assignments_GNI_2_MC, Laos,0,54, Td,0,0,1,2,2758,0,0,0,0,0,0,-1
Low, UVP_assignments_GNI_2_MC, Laos,0,55, Td,0.12,0.35,1,2,2758,0,0,0,0,0,0,-1
Low, UVP_assignments_GNI_2_MC, Laos,0,56, Td,0.09,0.35,1,2,2758,0,0,0,0,0,0,-1
Low, UVP_assignments_GNI_2_MC, Laos,0,57, Td,0.08,0.32,1,2,2758,0,0,0,0,0,0,-1
Low, UVP_assignments_GNI_2_MC, Laos,0,58, Td,0.08,0.35,1,2,2758,0,0,0,0,0,0,-1
Low, UVP_assignments_GNI_2_MC, Laos,0,59, YF,1.1,0.35,1,2,2758,0,0,0,0,0,0,-1
Low, UVP_assignments_GNI_2_MC, Laos,0,60, YF,0.83,0.35,1,2,2758,0,0,0,0,0,0,-1
Low, UVP_assignments_GNI_2_MC, Laos,0,61, YF,1.23,0.35,1,2,2758,0,0,0,0,0,0,-1
Low, UVP_assignments_GNI_2_MC, Laos,0,62, YF,0.83,0.35,1,2,2758,0,0,0,0,0,0,-1
Low, UVP_assignments_GNI_2_MC, Lesotho,0,1, BCG,0,0,2,2,1227,0,0,0,0,0,0,-1
Low, UVP_assignments_GNI_2_MC, Lesotho,0,2, BCG,0.17,0.82,2,2,1227,0,0,0,0,0,0,-1
Low, UVP_assignments_GNI_2_MC, Lesotho,0,3, BCG,0,0,2,2,1227,0,0,0,0,0,0,-1
Low, UVP_assignments_GNI_2_MC, Lesotho,0,4, BCG,0.25,0.82,2,2,1227,0,0,0,0,0,0,-1
Low, UVP_assignments_GNI_2_MC, Lesotho,0,5, DT,0.07,0.39,2,2,1227,0,0,0,0,0,0,-1
Low, UVP_assignments_GNI_2_MC, Lesotho,0,6, DT,0.15,0.82,2,2,1227,0,0,0,0,0,0,-1
Low, UVP_assignments_GNI_2_MC, Lesotho,0,7, DTP,0.15,0.82,2,2,1227,0,0,0,0,0,0,-1
Low, UVP_assignments_GNI_2_MC, Lesotho,0,8, DTP,0.17,0.82,2,2,1227,0,0,0,0,0,0,-1
Low, UVP_assignments_GNI_2_MC, Lesotho,0,9, DTP-HepB-Hib,0.7,0.82,2,2,1227,0,0,0,0,0,0,-1
Low, UVP_assignments_GNI_2_MC, Lesotho,0,10, DTP-HepB-Hib,1.02,0.82,2,2,1227,0,0,0,0,0,0,-1
Low, UVP_assignments_GNI_2_MC, Lesotho,0,11, DTP-HepB-Hib,0.94,0.82,2,2,1227,0,0,0,0,0,0,-1
Low, UVP_assignments_GNI_2_MC, Lesotho,0,12, DTP-HepB-Hib,1.06,0.82,2,2,1227,0,0,0,0,0,0,-1
Low, UVP_assignments_GNI_2_MC, Lesotho,0,13, DTP-HepB-Hib,1.02,0.82,2,2,1227,0,0,0,0,0,0,-1
Low, UVP_assignments_GNI_2_MC, Lesotho,0,14, DTP-HepB-Hib,0.72,0.82,2,2,1227,0,0,0,0,0,0,-1
Low, UVP_assignments_GNI_2_MC, Lesotho,0,15, DTP-HepB-Hib,0.67,0.82,2,2,1227,0,0,0,0,0,0,-1
Low, UVP_assignments_GNI_2_MC, Lesotho,0,16, DTP-HepB-Hib,0.71,0.82,2,2,1227,0,0,0,0,0,0,-1
Low, UVP_assignments_GNI_2_MC, Lesotho,0,17, HPV,4.1,0.82,2,2,1227,0,0,0,0,0,0,-1
Low, UVP_assignments_GNI_2_MC, Lesotho,0,18, HPV,4.01,0.82,2,2,1227,0,0,0,0,0,0,-1
Low, UVP_assignments_GNI_2_MC, Lesotho,0,19, HepB,0.44,0.82,2,2,1227,0,0,0,0,0,0,-1
Low, UVP_assignments_GNI_2_MC, Lesotho,0,20, HepB,0.53,0.82,2,2,1227,0,0,0,0,0,0,-1
Low, UVP_assignments_GNI_2_MC, Lesotho,0,21, HepB,0.21,0.82,2,2,1227,0,0,0,0,0,0,-1
Low, UVP_assignments_GNI_2_MC, Lesotho,0,22, HepB,0.22,0.82,2,2,1227,0,0,0,0,0,0,-1
Low, UVP_assignments_GNI_2_MC, Lesotho,0,23, Hib,1.92,0.82,2,2,1227,0,0,0,0,0,0,-1
Low, UVP_assignments_GNI_2_MC, Lesotho,0,24, IPV,0,0,2,2,1227,0,0,0,0,0,0,-1
Low, UVP_assignments_GNI_2_MC, Lesotho,0,25, IPV,2.18,0.82,2,2,1227,0,0,0,0,0,0,-1
Low, UVP_assignments_GNI_2_MC, Lesotho,0,26, IPV,2.76,0.82,2,2,1227,0,0,0,0,0,0,-1
Low, UVP_assignments_GNI_2_MC, Lesotho,0,27, IPV,1.56,0.82,2,2,1227,0,0,0,0,0,0,-1
Low, UVP_assignments_GNI_2_MC, Lesotho,0,28, IPV,0,0,2,2,1227,0,0,0,0,0,0,-1
Low, UVP_assignments_GNI_2_MC, Lesotho,0,29, IPV,2.5,0.82,2,2,1227,0,0,0,0,0,0,-1
Low, UVP_assignments_GNI_2_MC, Lesotho,0,30, MMR,1.06,0.69,2,2,1227,0,0,0,0,0,0,-1
Low, UVP_assignments_GNI_2_MC, Lesotho,0,31, MMR,3.98,0.82,2,2,1227,0,0,0,0,0,0,-1
Low, UVP_assignments_GNI_2_MC, Lesotho,0,32, MMR,2.63,0.82,2,2,1227,0,0,0,0,0,0,-1
Low, UVP_assignments_GNI_2_MC, Lesotho,0,33, MMR,1.31,0.82,2,2,1227,0,0,0,0,0,0,-1
Low, UVP_assignments_GNI_2_MC, Lesotho,0,34, OPV,0.16,0.82,2,2,1227,0,0,0,0,0,0,-1
Low, UVP_assignments_GNI_2_MC, Lesotho,0,35, OPV,0.08,0.82,2,2,1227,0,0,0,0,0,0,-1
Low, UVP_assignments_GNI_2_MC, Lesotho,0,36, OPV,0.12,0.82,2,2,1227,0,0,0,0,0,0,-1
Low, UVP_assignments_GNI_2_MC, Lesotho,0,37, OPV,0.12,0.82,2,2,1227,0,0,0,0,0,0,-1
Low, UVP_assignments_GNI_2_MC, Lesotho,0,38, OPV,0.11,0.82,2,2,1227,0,0,0,0,0,0,-1
Low, UVP_assignments_GNI_2_MC, Lesotho,0,39, OPV,0.12,0.82,2,2,1227,0,0,0,0,0,0,-1
Low, UVP_assignments_GNI_2_MC, Lesotho,0,40, OPV,0.17,0.82,2,2,1227,0,0,0,0,0,0,-1
Low, UVP_assignments_GNI_2_MC, Lesotho,0,41, OPV,0.12,0.82,2,2,1227,0,0,0,0,0,0,-1
Low, UVP_assignments_GNI_2_MC, Lesotho,0,42, OPV,0.15,0.82,2,2,1227,0,0,0,0,0,0,-1
Low, UVP_assignments_GNI_2_MC, Lesotho,0,43, PCV,2.58,0.82,2,2,1227,0,0,0,0,0,0,-1
Low, UVP_assignments_GNI_2_MC, Lesotho,0,44, PCV,2.72,0.82,2,2,1227,0,0,0,0,0,0,-1
Low, UVP_assignments_GNI_2_MC, Lesotho,0,45, PCV,2.72,0.82,2,2,1227,0,0,0,0,0,0,-1
Low, UVP_assignments_GNI_2_MC, Lesotho,0,46, PCV,3.07,0.82,2,2,1227,0,0,0,0,0,0,-1
Low, UVP_assignments_GNI_2_MC, Lesotho,0,47, PCV,2.94,0.82,2,2,1227,0,0,0,0,0,0,-1
Low, UVP_assignments_GNI_2_MC, Lesotho,0,48, PCV,2.58,0.82,2,2,1227,0,0,0,0,0,0,-1
Low, UVP_assignments_GNI_2_MC, Lesotho,0,49, Rota,0.76,0.82,2,2,1227,0,0,0,0,0,0,-1
Low, UVP_assignments_GNI_2_MC, Lesotho,0,50, Rota,0.85,0.82,2,2,1227,0,0,0,0,0,0,-1
Low, UVP_assignments_GNI_2_MC, Lesotho,0,51, Rota,2.09,0.82,2,2,1227,0,0,0,0,0,0,-1
Low, UVP_assignments_GNI_2_MC, Lesotho,0,52, Td,0.1,0.82,2,2,1227,0,0,0,0,0,0,-1
Low, UVP_assignments_GNI_2_MC, Lesotho,0,53, Td,0.1,0.82,2,2,1227,0,0,0,0,0,0,-1
Low, UVP_assignments_GNI_2_MC, Lesotho,0,54, Td,0,0,2,2,1227,0,0,0,0,0,0,-1
Low, UVP_assignments_GNI_2_MC, Lesotho,0,55, Td,0.09,0.61,2,2,1227,0,0,0,0,0,0,-1
Low, UVP_assignments_GNI_2_MC, Lesotho,0,56, Td,0.09,0.82,2,2,1227,0,0,0,0,0,0,-1
Low, UVP_assignments_GNI_2_MC, Lesotho,0,57, Td,0.04,0.36,2,2,1227,0,0,0,0,0,0,-1
Low, UVP_assignments_GNI_2_MC, Lesotho,0,58, Td,0.08,0.82,2,2,1227,0,0,0,0,0,0,-1
Low, UVP_assignments_GNI_2_MC, Lesotho,0,59, YF,1.14,0.82,2,2,1227,0,0,0,0,0,0,-1
Low, UVP_assignments_GNI_2_MC, Lesotho,0,60, YF,0.86,0.82,2,2,1227,0,0,0,0,0,0,-1
Low, UVP_assignments_GNI_2_MC, Lesotho,0,61, YF,1.28,0.82,2,2,1227,0,0,0,0,0,0,-1
Low, UVP_assignments_GNI_2_MC, Lesotho,0,62, YF,0.86,0.82,2,2,1227,0,0,0,0,0,0,-1
Low, UVP_assignments_GNI_2_MC, Liberia,0,1, BCG,0,0,2,2,743,0,0,0,0,0,0,-1
Low, UVP_assignments_GNI_2_MC, Liberia,0,2, BCG,0.09,0.7,2,2,743,0,0,0,0,0,0,-1
Low, UVP_assignments_GNI_2_MC, Liberia,0,3, BCG,0,0,2,2,743,0,0,0,0,0,0,-1
Low, UVP_assignments_GNI_2_MC, Liberia,0,4, BCG,0.13,0.7,2,2,743,0,0,0,0,0,0,-1
Low, UVP_assignments_GNI_2_MC, Liberia,0,5, DT,0,-0.01,2,2,743,0,0,0,0,0,0,-1
Low, UVP_assignments_GNI_2_MC, Liberia,0,6, DT,0.08,0.7,2,2,743,0,0,0,0,0,0,-1
Low, UVP_assignments_GNI_2_MC, Liberia,0,7, DTP,0.08,0.7,2,2,743,0,0,0,0,0,0,-1
Low, UVP_assignments_GNI_2_MC, Liberia,0,8, DTP,0.09,0.7,2,2,743,0,0,0,0,0,0,-1
Low, UVP_assignments_GNI_2_MC, Liberia,0,9, DTP-HepB-Hib,0.36,0.7,2,2,743,0,0,0,0,0,0,-1
Low, UVP_assignments_GNI_2_MC, Liberia,0,10, DTP-HepB-Hib,0.53,0.7,2,2,743,0,0,0,0,0,0,-1
Low, UVP_assignments_GNI_2_MC, Liberia,0,11, DTP-HepB-Hib,0.48,0.7,2,2,743,0,0,0,0,0,0,-1
Low, UVP_assignments_GNI_2_MC, Liberia,0,12, DTP-HepB-Hib,0.55,0.7,2,2,743,0,0,0,0,0,0,-1
Low, UVP_assignments_GNI_2_MC, Liberia,0,13, DTP-HepB-Hib,0.53,0.7,2,2,743,0,0,0,0,0,0,-1
Low, UVP_assignments_GNI_2_MC, Liberia,0,14, DTP-HepB-Hib,0.37,0.7,2,2,743,0,0,0,0,0,0,-1
Low, UVP_assignments_GNI_2_MC, Liberia,0,15, DTP-HepB-Hib,0.35,0.7,2,2,743,0,0,0,0,0,0,-1
Low, UVP_assignments_GNI_2_MC, Liberia,0,16, DTP-HepB-Hib,0.37,0.7,2,2,743,0,0,0,0,0,0,-1
Low, UVP_assignments_GNI_2_MC, Liberia,0,17, HPV,2.12,0.7,2,2,743,0,0,0,0,0,0,-1
Low, UVP_assignments_GNI_2_MC, Liberia,0,18, HPV,2.07,0.7,2,2,743,0,0,0,0,0,0,-1
Low, UVP_assignments_GNI_2_MC, Liberia,0,19, HepB,0.23,0.7,2,2,743,0,0,0,0,0,0,-1
Low, UVP_assignments_GNI_2_MC, Liberia,0,20, HepB,0.28,0.7,2,2,743,0,0,0,0,0,0,-1
Low, UVP_assignments_GNI_2_MC, Liberia,0,21, HepB,0.11,0.7,2,2,743,0,0,0,0,0,0,-1
Low, UVP_assignments_GNI_2_MC, Liberia,0,22, HepB,0.12,0.7,2,2,743,0,0,0,0,0,0,-1
Low, UVP_assignments_GNI_2_MC, Liberia,0,23, Hib,0.99,0.7,2,2,743,0,0,0,0,0,0,-1
Low, UVP_assignments_GNI_2_MC, Liberia,0,24, IPV,0,0,2,2,743,0,0,0,0,0,0,-1
Low, UVP_assignments_GNI_2_MC, Liberia,0,25, IPV,1.13,0.7,2,2,743,0,0,0,0,0,0,-1
Low, UVP_assignments_GNI_2_MC, Liberia,0,26, IPV,1.43,0.7,2,2,743,0,0,0,0,0,0,-1
Low, UVP_assignments_GNI_2_MC, Liberia,0,27, IPV,0.81,0.7,2,2,743,0,0,0,0,0,0,-1
Low, UVP_assignments_GNI_2_MC, Liberia,0,28, IPV,0,0,2,2,743,0,0,0,0,0,0,-1
Low, UVP_assignments_GNI_2_MC, Liberia,0,29, IPV,1.29,0.7,2,2,743,0,0,0,0,0,0,-1
Low, UVP_assignments_GNI_2_MC, Liberia,0,30, MMR,0.45,0.48,2,2,743,0,0,0,0,0,0,-1
Low, UVP_assignments_GNI_2_MC, Liberia,0,31, MMR,2.06,0.7,2,2,743,0,0,0,0,0,0,-1
Low, UVP_assignments_GNI_2_MC, Liberia,0,32, MMR,1.36,0.7,2,2,743,0,0,0,0,0,0,-1
Low, UVP_assignments_GNI_2_MC, Liberia,0,33, MMR,0.68,0.7,2,2,743,0,0,0,0,0,0,-1
Low, UVP_assignments_GNI_2_MC, Liberia,0,34, OPV,0.08,0.7,2,2,743,0,0,0,0,0,0,-1
Low, UVP_assignments_GNI_2_MC, Liberia,0,35, OPV,0.04,0.7,2,2,743,0,0,0,0,0,0,-1
Low, UVP_assignments_GNI_2_MC, Liberia,0,36, OPV,0.06,0.7,2,2,743,0,0,0,0,0,0,-1
Low, UVP_assignments_GNI_2_MC, Liberia,0,37, OPV,0.06,0.7,2,2,743,0,0,0,0,0,0,-1
Low, UVP_assignments_GNI_2_MC, Liberia,0,38, OPV,0.06,0.7,2,2,743,0,0,0,0,0,0,-1
Low, UVP_assignments_GNI_2_MC, Liberia,0,39, OPV,0.06,0.7,2,2,743,0,0,0,0,0,0,-1
Low, UVP_assignments_GNI_2_MC, Liberia,0,40, OPV,0.09,0.7,2,2,743,0,0,0,0,0,0,-1
Low, UVP_assignments_GNI_2_MC, Liberia,0,41, OPV,0.06,0.7,2,2,743,0,0,0,0,0,0,-1
Low, UVP_assignments_GNI_2_MC, Liberia,0,42, OPV,0.08,0.7,2,2,743,0,0,0,0,0,0,-1
Low, UVP_assignments_GNI_2_MC, Liberia,0,43, PCV,1.34,0.7,2,2,743,0,0,0,0,0,0,-1
Low, UVP_assignments_GNI_2_MC, Liberia,0,44, PCV,1.41,0.7,2,2,743,0,0,0,0,0,0,-1
Low, UVP_assignments_GNI_2_MC, Liberia,0,45, PCV,1.41,0.7,2,2,743,0,0,0,0,0,0,-1
Low, UVP_assignments_GNI_2_MC, Liberia,0,46, PCV,1.59,0.7,2,2,743,0,0,0,0,0,0,-1
Low, UVP_assignments_GNI_2_MC, Liberia,0,47, PCV,1.52,0.7,2,2,743,0,0,0,0,0,0,-1
Low, UVP_assignments_GNI_2_MC, Liberia,0,48, PCV,1.34,0.7,2,2,743,0,0,0,0,0,0,-1
Low, UVP_assignments_GNI_2_MC, Liberia,0,49, Rota,0.39,0.7,2,2,743,0,0,0,0,0,0,-1
Low, UVP_assignments_GNI_2_MC, Liberia,0,50, Rota,0.44,0.7,2,2,743,0,0,0,0,0,0,-1
Low, UVP_assignments_GNI_2_MC, Liberia,0,51, Rota,1.08,0.7,2,2,743,0,0,0,0,0,0,-1
Low, UVP_assignments_GNI_2_MC, Liberia,0,52, Td,0.05,0.7,2,2,743,0,0,0,0,0,0,-1
Low, UVP_assignments_GNI_2_MC, Liberia,0,53, Td,0.05,0.7,2,2,743,0,0,0,0,0,0,-1
Low, UVP_assignments_GNI_2_MC, Liberia,0,54, Td,0,0,2,2,743,0,0,0,0,0,0,-1
Low, UVP_assignments_GNI_2_MC, Liberia,0,55, Td,0.03,0.36,2,2,743,0,0,0,0,0,0,-1
Low, UVP_assignments_GNI_2_MC, Liberia,0,56, Td,0.05,0.7,2,2,743,0,0,0,0,0,0,-1
Low, UVP_assignments_GNI_2_MC, Liberia,0,57, Td,0,-0.06,2,2,743,0,0,0,0,0,0,-1
Low, UVP_assignments_GNI_2_MC, Liberia,0,58, Td,0.04,0.7,2,2,743,0,0,0,0,0,0,-1
Low, UVP_assignments_GNI_2_MC, Liberia,0,59, YF,0.59,0.7,2,2,743,0,0,0,0,0,0,-1
Low, UVP_assignments_GNI_2_MC, Liberia,0,60, YF,0.45,0.7,2,2,743,0,0,0,0,0,0,-1
Low, UVP_assignments_GNI_2_MC, Liberia,0,61, YF,0.66,0.7,2,2,743,0,0,0,0,0,0,-1
Low, UVP_assignments_GNI_2_MC, Liberia,0,62, YF,0.45,0.7,2,2,743,0,0,0,0,0,0,-1
Low, UVP_assignments_GNI_2_MC, Madagascar,0,1, BCG,0,0,2,2,531,0,0,0,0,0,0,-1
Low, UVP_assignments_GNI_2_MC, Madagascar,0,2, BCG,0.05,0.58,2,2,531,0,0,0,0,0,0,-1
Low, UVP_assignments_GNI_2_MC, Madagascar,0,3, BCG,0,0,2,2,531,0,0,0,0,0,0,-1
Low, UVP_assignments_GNI_2_MC, Madagascar,0,4, BCG,0.08,0.58,2,2,531,0,0,0,0,0,0,-1
Low, UVP_assignments_GNI_2_MC, Madagascar,0,5, DT,-0.03,-0.41,2,2,531,0,0,0,0,0,0,-1
Low, UVP_assignments_GNI_2_MC, Madagascar,0,6, DT,0.05,0.58,2,2,531,0,0,0,0,0,0,-1
Low, UVP_assignments_GNI_2_MC, Madagascar,0,7, DTP,0.05,0.58,2,2,531,0,0,0,0,0,0,-1
Low, UVP_assignments_GNI_2_MC, Madagascar,0,8, DTP,0.05,0.58,2,2,531,0,0,0,0,0,0,-1
Low, UVP_assignments_GNI_2_MC, Madagascar,0,9, DTP-HepB-Hib,0.21,0.58,2,2,531,0,0,0,0,0,0,-1
Low, UVP_assignments_GNI_2_MC, Madagascar,0,10, DTP-HepB-Hib,0.31,0.58,2,2,531,0,0,0,0,0,0,-1
Low, UVP_assignments_GNI_2_MC, Madagascar,0,11, DTP-HepB-Hib,0.29,0.58,2,2,531,0,0,0,0,0,0,-1
Low, UVP_assignments_GNI_2_MC, Madagascar,0,12, DTP-HepB-Hib,0.32,0.58,2,2,531,0,0,0,0,0,0,-1
Low, UVP_assignments_GNI_2_MC, Madagascar,0,13, DTP-HepB-Hib,0.31,0.58,2,2,531,0,0,0,0,0,0,-1
Low, UVP_assignments_GNI_2_MC, Madagascar,0,14, DTP-HepB-Hib,0.22,0.58,2,2,531,0,0,0,0,0,0,-1
Low, UVP_assignments_GNI_2_MC, Madagascar,0,15, DTP-HepB-Hib,0.2,0.58,2,2,531,0,0,0,0,0,0,-1
Low, UVP_assignments_GNI_2_MC, Madagascar,0,16, DTP-HepB-Hib,0.22,0.58,2,2,531,0,0,0,0,0,0,-1
Low, UVP_assignments_GNI_2_MC, Madagascar,0,17, HPV,1.25,0.58,2,2,531,0,0,0,0,0,0,-1
Low, UVP_assignments_GNI_2_MC, Madagascar,0,18, HPV,1.23,0.58,2,2,531,0,0,0,0,0,0,-1
Low, UVP_assignments_GNI_2_MC, Madagascar,0,19, HepB,0.13,0.58,2,2,531,0,0,0,0,0,0,-1
Low, UVP_assignments_GNI_2_MC, Madagascar,0,20, HepB,0.16,0.58,2,2,531,0,0,0,0,0,0,-1
Low, UVP_assignments_GNI_2_MC, Madagascar,0,21, HepB,0.07,0.58,2,2,531,0,0,0,0,0,0,-1
Low, UVP_assignments_GNI_2_MC, Madagascar,0,22, HepB,0.07,0.58,2,2,531,0,0,0,0,0,0,-1
Low, UVP_assignments_GNI_2_MC, Madagascar,0,23, Hib,0.59,0.58,2,2,531,0,0,0,0,0,0,-1
Low, UVP_assignments_GNI_2_MC, Madagascar,0,24, IPV,0,0,2,2,531,0,0,0,0,0,0,-1
Low, UVP_assignments_GNI_2_MC, Madagascar,0,25, IPV,0.67,0.58,2,2,531,0,0,0,0,0,0,-1
Low, UVP_assignments_GNI_2_MC, Madagascar,0,26, IPV,0.85,0.58,2,2,531,0,0,0,0,0,0,-1
Low, UVP_assignments_GNI_2_MC, Madagascar,0,27, IPV,0.48,0.58,2,2,531,0,0,0,0,0,0,-1
Low, UVP_assignments_GNI_2_MC, Madagascar,0,28, IPV,0,0,2,2,531,0,0,0,0,0,0,-1
Low, UVP_assignments_GNI_2_MC, Madagascar,0,29, IPV,0.76,0.58,2,2,531,0,0,0,0,0,0,-1
Low, UVP_assignments_GNI_2_MC, Madagascar,0,30, MMR,0.18,0.28,2,2,531,0,0,0,0,0,0,-1
Low, UVP_assignments_GNI_2_MC, Madagascar,0,31, MMR,1.22,0.58,2,2,531,0,0,0,0,0,0,-1
Low, UVP_assignments_GNI_2_MC, Madagascar,0,32, MMR,0.8,0.58,2,2,531,0,0,0,0,0,0,-1
Low, UVP_assignments_GNI_2_MC, Madagascar,0,33, MMR,0.4,0.58,2,2,531,0,0,0,0,0,0,-1
Low, UVP_assignments_GNI_2_MC, Madagascar,0,34, OPV,0.05,0.58,2,2,531,0,0,0,0,0,0,-1
Low, UVP_assignments_GNI_2_MC, Madagascar,0,35, OPV,0.02,0.58,2,2,531,0,0,0,0,0,0,-1
Low, UVP_assignments_GNI_2_MC, Madagascar,0,36, OPV,0.04,0.58,2,2,531,0,0,0,0,0,0,-1
Low, UVP_assignments_GNI_2_MC, Madagascar,0,37, OPV,0.04,0.58,2,2,531,0,0,0,0,0,0,-1
Low, UVP_assignments_GNI_2_MC, Madagascar,0,38, OPV,0.03,0.58,2,2,531,0,0,0,0,0,0,-1
Low, UVP_assignments_GNI_2_MC, Madagascar,0,39, OPV,0.04,0.58,2,2,531,0,0,0,0,0,0,-1
Low, UVP_assignments_GNI_2_MC, Madagascar,0,40, OPV,0.05,0.58,2,2,531,0,0,0,0,0,0,-1
Low, UVP_assignments_GNI_2_MC, Madagascar,0,41, OPV,0.04,0.58,2,2,531,0,0,0,0,0,0,-1
Low, UVP_assignments_GNI_2_MC, Madagascar,0,42, OPV,0.05,0.58,2,2,531,0,0,0,0,0,0,-1
Low, UVP_assignments_GNI_2_MC, Madagascar,0,43, PCV,0.79,0.58,2,2,531,0,0,0,0,0,0,-1
Low, UVP_assignments_GNI_2_MC, Madagascar,0,44, PCV,0.83,0.58,2,2,531,0,0,0,0,0,0,-1
Low, UVP_assignments_GNI_2_MC, Madagascar,0,45, PCV,0.83,0.58,2,2,531,0,0,0,0,0,0,-1
Low, UVP_assignments_GNI_2_MC, Madagascar,0,46, PCV,0.94,0.58,2,2,531,0,0,0,0,0,0,-1
Low, UVP_assignments_GNI_2_MC, Madagascar,0,47, PCV,0.9,0.58,2,2,531,0,0,0,0,0,0,-1
Low, UVP_assignments_GNI_2_MC, Madagascar,0,48, PCV,0.79,0.58,2,2,531,0,0,0,0,0,0,-1
Low, UVP_assignments_GNI_2_MC, Madagascar,0,49, Rota,0.23,0.58,2,2,531,0,0,0,0,0,0,-1
Low, UVP_assignments_GNI_2_MC, Madagascar,0,50, Rota,0.26,0.58,2,2,531,0,0,0,0,0,0,-1
Low, UVP_assignments_GNI_2_MC, Madagascar,0,51, Rota,0.64,0.58,2,2,531,0,0,0,0,0,0,-1
Low, UVP_assignments_GNI_2_MC, Madagascar,0,52, Td,0.03,0.58,2,2,531,0,0,0,0,0,0,-1
Low, UVP_assignments_GNI_2_MC, Madagascar,0,53, Td,0.03,0.58,2,2,531,0,0,0,0,0,0,-1
Low, UVP_assignments_GNI_2_MC, Madagascar,0,54, Td,0,0,2,2,531,0,0,0,0,0,0,-1
Low, UVP_assignments_GNI_2_MC, Madagascar,0,55, Td,0.01,0.11,2,2,531,0,0,0,0,0,0,-1
Low, UVP_assignments_GNI_2_MC, Madagascar,0,56, Td,0.03,0.58,2,2,531,0,0,0,0,0,0,-1
Low, UVP_assignments_GNI_2_MC, Madagascar,0,57, Td,-0.02,-0.49,2,2,531,0,0,0,0,0,0,-1
Low, UVP_assignments_GNI_2_MC, Madagascar,0,58, Td,0.02,0.58,2,2,531,0,0,0,0,0,0,-1
Low, UVP_assignments_GNI_2_MC, Madagascar,0,59, YF,0.35,0.58,2,2,531,0,0,0,0,0,0,-1
Low, UVP_assignments_GNI_2_MC, Madagascar,0,60, YF,0.26,0.58,2,2,531,0,0,0,0,0,0,-1
Low, UVP_assignments_GNI_2_MC, Madagascar,0,61, YF,0.39,0.58,2,2,531,0,0,0,0,0,0,-1
Low, UVP_assignments_GNI_2_MC, Madagascar,0,62, YF,0.26,0.58,2,2,531,0,0,0,0,0,0,-1
Low, UVP_assignments_GNI_2_MC, Malawi,0,1, BCG,0,0,2,2,544,0,0,0,0,0,0,-1
Low, UVP_assignments_GNI_2_MC, Malawi,0,2, BCG,0.05,0.59,2,2,544,0,0,0,0,0,0,-1
Low, UVP_assignments_GNI_2_MC, Malawi,0,3, BCG,0,0,2,2,544,0,0,0,0,0,0,-1
Low, UVP_assignments_GNI_2_MC, Malawi,0,4, BCG,0.08,0.59,2,2,544,0,0,0,0,0,0,-1
Low, UVP_assignments_GNI_2_MC, Malawi,0,5, DT,-0.03,-0.38,2,2,544,0,0,0,0,0,0,-1
Low, UVP_assignments_GNI_2_MC, Malawi,0,6, DT,0.05,0.59,2,2,544,0,0,0,0,0,0,-1
Low, UVP_assignments_GNI_2_MC, Malawi,0,7, DTP,0.05,0.59,2,2,544,0,0,0,0,0,0,-1
Low, UVP_assignments_GNI_2_MC, Malawi,0,8, DTP,0.05,0.59,2,2,544,0,0,0,0,0,0,-1
Low, UVP_assignments_GNI_2_MC, Malawi,0,9, DTP-HepB-Hib,0.22,0.59,2,2,544,0,0,0,0,0,0,-1
Low, UVP_assignments_GNI_2_MC, Malawi,0,10, DTP-HepB-Hib,0.33,0.59,2,2,544,0,0,0,0,0,0,-1
Low, UVP_assignments_GNI_2_MC, Malawi,0,11, DTP-HepB-Hib,0.3,0.59,2,2,544,0,0,0,0,0,0,-1
Low, UVP_assignments_GNI_2_MC, Malawi,0,12, DTP-HepB-Hib,0.34,0.59,2,2,544,0,0,0,0,0,0,-1
Low, UVP_assignments_GNI_2_MC, Malawi,0,13, DTP-HepB-Hib,0.33,0.59,2,2,544,0,0,0,0,0,0,-1
Low, UVP_assignments_GNI_2_MC, Malawi,0,14, DTP-HepB-Hib,0.23,0.59,2,2,544,0,0,0,0,0,0,-1
Low, UVP_assignments_GNI_2_MC, Malawi,0,15, DTP-HepB-Hib,0.21,0.59,2,2,544,0,0,0,0,0,0,-1
Low, UVP_assignments_GNI_2_MC, Malawi,0,16, DTP-HepB-Hib,0.23,0.59,2,2,544,0,0,0,0,0,0,-1
Low, UVP_assignments_GNI_2_MC, Malawi,0,17, HPV,1.3,0.59,2,2,544,0,0,0,0,0,0,-1
Low, UVP_assignments_GNI_2_MC, Malawi,0,18, HPV,1.28,0.59,2,2,544,0,0,0,0,0,0,-1
Low, UVP_assignments_GNI_2_MC, Malawi,0,19, HepB,0.14,0.59,2,2,544,0,0,0,0,0,0,-1
Low, UVP_assignments_GNI_2_MC, Malawi,0,20, HepB,0.17,0.59,2,2,544,0,0,0,0,0,0,-1
Low, UVP_assignments_GNI_2_MC, Malawi,0,21, HepB,0.07,0.59,2,2,544,0,0,0,0,0,0,-1
Low, UVP_assignments_GNI_2_MC, Malawi,0,22, HepB,0.07,0.59,2,2,544,0,0,0,0,0,0,-1
Low, UVP_assignments_GNI_2_MC, Malawi,0,23, Hib,0.61,0.59,2,2,544,0,0,0,0,0,0,-1
Low, UVP_assignments_GNI_2_MC, Malawi,0,24, IPV,0,0,2,2,544,0,0,0,0,0,0,-1
Low, UVP_assignments_GNI_2_MC, Malawi,0,25, IPV,0.69,0.59,2,2,544,0,0,0,0,0,0,-1
Low, UVP_assignments_GNI_2_MC, Malawi,0,26, IPV,0.88,0.59,2,2,544,0,0,0,0,0,0,-1
Low, UVP_assignments_GNI_2_MC, Malawi,0,27, IPV,0.5,0.59,2,2,544,0,0,0,0,0,0,-1
Low, UVP_assignments_GNI_2_MC, Malawi,0,28, IPV,0,0,2,2,544,0,0,0,0,0,0,-1
Low, UVP_assignments_GNI_2_MC, Malawi,0,29, IPV,0.79,0.59,2,2,544,0,0,0,0,0,0,-1
Low, UVP_assignments_GNI_2_MC, Malawi,0,30, MMR,0.2,0.29,2,2,544,0,0,0,0,0,0,-1
Low, UVP_assignments_GNI_2_MC, Malawi,0,31, MMR,1.27,0.59,2,2,544,0,0,0,0,0,0,-1
Low, UVP_assignments_GNI_2_MC, Malawi,0,32, MMR,0.84,0.59,2,2,544,0,0,0,0,0,0,-1
Low, UVP_assignments_GNI_2_MC, Malawi,0,33, MMR,0.42,0.59,2,2,544,0,0,0,0,0,0,-1
Low, UVP_assignments_GNI_2_MC, Malawi,0,34, OPV,0.05,0.59,2,2,544,0,0,0,0,0,0,-1
Low, UVP_assignments_GNI_2_MC, Malawi,0,35, OPV,0.03,0.59,2,2,544,0,0,0,0,0,0,-1
Low, UVP_assignments_GNI_2_MC, Malawi,0,36, OPV,0.04,0.59,2,2,544,0,0,0,0,0,0,-1
Low, UVP_assignments_GNI_2_MC, Malawi,0,37, OPV,0.04,0.59,2,2,544,0,0,0,0,0,0,-1
Low, UVP_assignments_GNI_2_MC, Malawi,0,38, OPV,0.03,0.59,2,2,544,0,0,0,0,0,0,-1
Low, UVP_assignments_GNI_2_MC, Malawi,0,39, OPV,0.04,0.59,2,2,544,0,0,0,0,0,0,-1
Low, UVP_assignments_GNI_2_MC, Malawi,0,40, OPV,0.05,0.59,2,2,544,0,0,0,0,0,0,-1
Low, UVP_assignments_GNI_2_MC, Malawi,0,41, OPV,0.04,0.59,2,2,544,0,0,0,0,0,0,-1
Low, UVP_assignments_GNI_2_MC, Malawi,0,42, OPV,0.05,0.59,2,2,544,0,0,0,0,0,0,-1
Low, UVP_assignments_GNI_2_MC, Malawi,0,43, PCV,0.82,0.59,2,2,544,0,0,0,0,0,0,-1
Low, UVP_assignments_GNI_2_MC, Malawi,0,44, PCV,0.86,0.59,2,2,544,0,0,0,0,0,0,-1
Low, UVP_assignments_GNI_2_MC, Malawi,0,45, PCV,0.86,0.59,2,2,544,0,0,0,0,0,0,-1
Low, UVP_assignments_GNI_2_MC, Malawi,0,46, PCV,0.98,0.59,2,2,544,0,0,0,0,0,0,-1
Low, UVP_assignments_GNI_2_MC, Malawi,0,47, PCV,0.94,0.59,2,2,544,0,0,0,0,0,0,-1
Low, UVP_assignments_GNI_2_MC, Malawi,0,48, PCV,0.82,0.59,2,2,544,0,0,0,0,0,0,-1
Low, UVP_assignments_GNI_2_MC, Malawi,0,49, Rota,0.24,0.59,2,2,544,0,0,0,0,0,0,-1
Low, UVP_assignments_GNI_2_MC, Malawi,0,50, Rota,0.27,0.59,2,2,544,0,0,0,0,0,0,-1
Low, UVP_assignments_GNI_2_MC, Malawi,0,51, Rota,0.67,0.59,2,2,544,0,0,0,0,0,0,-1
Low, UVP_assignments_GNI_2_MC, Malawi,0,52, Td,0.03,0.59,2,2,544,0,0,0,0,0,0,-1
Low, UVP_assignments_GNI_2_MC, Malawi,0,53, Td,0.03,0.59,2,2,544,0,0,0,0,0,0,-1
Low, UVP_assignments_GNI_2_MC, Malawi,0,54, Td,0,0,2,2,544,0,0,0,0,0,0,-1
Low, UVP_assignments_GNI_2_MC, Malawi,0,55, Td,0.01,0.13,2,2,544,0,0,0,0,0,0,-1
Low, UVP_assignments_GNI_2_MC, Malawi,0,56, Td,0.03,0.59,2,2,544,0,0,0,0,0,0,-1
Low, UVP_assignments_GNI_2_MC, Malawi,0,57, Td,-0.02,-0.46,2,2,544,0,0,0,0,0,0,-1
Low, UVP_assignments_GNI_2_MC, Malawi,0,58, Td,0.03,0.59,2,2,544,0,0,0,0,0,0,-1
Low, UVP_assignments_GNI_2_MC, Malawi,0,59, YF,0.36,0.59,2,2,544,0,0,0,0,0,0,-1
Low, UVP_assignments_GNI_2_MC, Malawi,0,60, YF,0.27,0.59,2,2,544,0,0,0,0,0,0,-1
Low, UVP_assignments_GNI_2_MC, Malawi,0,61, YF,0.41,0.59,2,2,544,0,0,0,0,0,0,-1
Low, UVP_assignments_GNI_2_MC, Malawi,0,62, YF,0.27,0.59,2,2,544,0,0,0,0,0,0,-1
Low, UVP_assignments_GNI_2_MC, Mali,0,1, BCG,0,0,2,2,1019,0,0,0,0,0,0,-1
Low, UVP_assignments_GNI_2_MC, Mali,0,2, BCG,0.13,0.78,2,2,1019,0,0,0,0,0,0,-1
Low, UVP_assignments_GNI_2_MC, Mali,0,3, BCG,0,0,2,2,1019,0,0,0,0,0,0,-1
Low, UVP_assignments_GNI_2_MC, Mali,0,4, BCG,0.2,0.78,2,2,1019,0,0,0,0,0,0,-1
Low, UVP_assignments_GNI_2_MC, Mali,0,5, DT,0.04,0.27,2,2,1019,0,0,0,0,0,0,-1
Low, UVP_assignments_GNI_2_MC, Mali,0,6, DT,0.12,0.78,2,2,1019,0,0,0,0,0,0,-1
Low, UVP_assignments_GNI_2_MC, Mali,0,7, DTP,0.12,0.78,2,2,1019,0,0,0,0,0,0,-1
Low, UVP_assignments_GNI_2_MC, Mali,0,8, DTP,0.13,0.78,2,2,1019,0,0,0,0,0,0,-1
Low, UVP_assignments_GNI_2_MC, Mali,0,9, DTP-HepB-Hib,0.55,0.78,2,2,1019,0,0,0,0,0,0,-1
Low, UVP_assignments_GNI_2_MC, Mali,0,10, DTP-HepB-Hib,0.81,0.78,2,2,1019,0,0,0,0,0,0,-1
Low, UVP_assignments_GNI_2_MC, Mali,0,11, DTP-HepB-Hib,0.74,0.78,2,2,1019,0,0,0,0,0,0,-1
Low, UVP_assignments_GNI_2_MC, Mali,0,12, DTP-HepB-Hib,0.84,0.78,2,2,1019,0,0,0,0,0,0,-1
Low, UVP_assignments_GNI_2_MC, Mali,0,13, DTP-HepB-Hib,0.81,0.78,2,2,1019,0,0,0,0,0,0,-1
Low, UVP_assignments_GNI_2_MC, Mali,0,14, DTP-HepB-Hib,0.57,0.78,2,2,1019,0,0,0,0,0,0,-1
Low, UVP_assignments_GNI_2_MC, Mali,0,15, DTP-HepB-Hib,0.53,0.78,2,2,1019,0,0,0,0,0,0,-1
Low, UVP_assignments_GNI_2_MC, Mali,0,16, DTP-HepB-Hib,0.57,0.78,2,2,1019,0,0,0,0,0,0,-1
Low, UVP_assignments_GNI_2_MC, Mali,0,17, HPV,3.25,0.78,2,2,1019,0,0,0,0,0,0,-1
Low, UVP_assignments_GNI_2_MC, Mali,0,18, HPV,3.18,0.78,2,2,1019,0,0,0,0,0,0,-1
Low, UVP_assignments_GNI_2_MC, Mali,0,19, HepB,0.35,0.78,2,2,1019,0,0,0,0,0,0,-1
Low, UVP_assignments_GNI_2_MC, Mali,0,20, HepB,0.42,0.78,2,2,1019,0,0,0,0,0,0,-1
Low, UVP_assignments_GNI_2_MC, Mali,0,21, HepB,0.17,0.78,2,2,1019,0,0,0,0,0,0,-1
Low, UVP_assignments_GNI_2_MC, Mali,0,22, HepB,0.18,0.78,2,2,1019,0,0,0,0,0,0,-1
Low, UVP_assignments_GNI_2_MC, Mali,0,23, Hib,1.52,0.78,2,2,1019,0,0,0,0,0,0,-1
Low, UVP_assignments_GNI_2_MC, Mali,0,24, IPV,0,0,2,2,1019,0,0,0,0,0,0,-1
Low, UVP_assignments_GNI_2_MC, Mali,0,25, IPV,1.73,0.78,2,2,1019,0,0,0,0,0,0,-1
Low, UVP_assignments_GNI_2_MC, Mali,0,26, IPV,2.19,0.78,2,2,1019,0,0,0,0,0,0,-1
Low, UVP_assignments_GNI_2_MC, Mali,0,27, IPV,1.24,0.78,2,2,1019,0,0,0,0,0,0,-1
Low, UVP_assignments_GNI_2_MC, Mali,0,28, IPV,0,0,2,2,1019,0,0,0,0,0,0,-1
Low, UVP_assignments_GNI_2_MC, Mali,0,29, IPV,1.98,0.78,2,2,1019,0,0,0,0,0,0,-1
Low, UVP_assignments_GNI_2_MC, Mali,0,30, MMR,0.8,0.62,2,2,1019,0,0,0,0,0,0,-1
Low, UVP_assignments_GNI_2_MC, Mali,0,31, MMR,3.16,0.78,2,2,1019,0,0,0,0,0,0,-1
Low, UVP_assignments_GNI_2_MC, Mali,0,32, MMR,2.08,0.78,2,2,1019,0,0,0,0,0,0,-1
Low, UVP_assignments_GNI_2_MC, Mali,0,33, MMR,1.04,0.78,2,2,1019,0,0,0,0,0,0,-1
Low, UVP_assignments_GNI_2_MC, Mali,0,34, OPV,0.13,0.78,2,2,1019,0,0,0,0,0,0,-1
Low, UVP_assignments_GNI_2_MC, Mali,0,35, OPV,0.06,0.78,2,2,1019,0,0,0,0,0,0,-1
Low, UVP_assignments_GNI_2_MC, Mali,0,36, OPV,0.09,0.78,2,2,1019,0,0,0,0,0,0,-1
Low, UVP_assignments_GNI_2_MC, Mali,0,37, OPV,0.1,0.78,2,2,1019,0,0,0,0,0,0,-1
Low, UVP_assignments_GNI_2_MC, Mali,0,38, OPV,0.08,0.78,2,2,1019,0,0,0,0,0,0,-1
Low, UVP_assignments_GNI_2_MC, Mali,0,39, OPV,0.09,0.78,2,2,1019,0,0,0,0,0,0,-1
Low, UVP_assignments_GNI_2_MC, Mali,0,40, OPV,0.13,0.78,2,2,1019,0,0,0,0,0,0,-1
Low, UVP_assignments_GNI_2_MC, Mali,0,41, OPV,0.1,0.78,2,2,1019,0,0,0,0,0,0,-1
Low, UVP_assignments_GNI_2_MC, Mali,0,42, OPV,0.12,0.78,2,2,1019,0,0,0,0,0,0,-1
Low, UVP_assignments_GNI_2_MC, Mali,0,43, PCV,2.05,0.78,2,2,1019,0,0,0,0,0,0,-1
Low, UVP_assignments_GNI_2_MC, Mali,0,44, PCV,2.15,0.78,2,2,1019,0,0,0,0,0,0,-1
Low, UVP_assignments_GNI_2_MC, Mali,0,45, PCV,2.15,0.78,2,2,1019,0,0,0,0,0,0,-1
Low, UVP_assignments_GNI_2_MC, Mali,0,46, PCV,2.44,0.78,2,2,1019,0,0,0,0,0,0,-1
Low, UVP_assignments_GNI_2_MC, Mali,0,47, PCV,2.33,0.78,2,2,1019,0,0,0,0,0,0,-1
Low, UVP_assignments_GNI_2_MC, Mali,0,48, PCV,2.05,0.78,2,2,1019,0,0,0,0,0,0,-1
Low, UVP_assignments_GNI_2_MC, Mali,0,49, Rota,0.6,0.78,2,2,1019,0,0,0,0,0,0,-1
Low, UVP_assignments_GNI_2_MC, Mali,0,50, Rota,0.67,0.78,2,2,1019,0,0,0,0,0,0,-1
Low, UVP_assignments_GNI_2_MC, Mali,0,51, Rota,1.66,0.78,2,2,1019,0,0,0,0,0,0,-1
Low, UVP_assignments_GNI_2_MC, Mali,0,52, Td,0.08,0.78,2,2,1019,0,0,0,0,0,0,-1
Low, UVP_assignments_GNI_2_MC, Mali,0,53, Td,0.08,0.78,2,2,1019,0,0,0,0,0,0,-1
Low, UVP_assignments_GNI_2_MC, Mali,0,54, Td,0,0,2,2,1019,0,0,0,0,0,0,-1
Low, UVP_assignments_GNI_2_MC, Mali,0,55, Td,0.07,0.54,2,2,1019,0,0,0,0,0,0,-1
Low, UVP_assignments_GNI_2_MC, Mali,0,56, Td,0.07,0.78,2,2,1019,0,0,0,0,0,0,-1
Low, UVP_assignments_GNI_2_MC, Mali,0,57, Td,0.02,0.22,2,2,1019,0,0,0,0,0,0,-1
Low, UVP_assignments_GNI_2_MC, Mali,0,58, Td,0.06,0.78,2,2,1019,0,0,0,0,0,0,-1
Low, UVP_assignments_GNI_2_MC, Mali,0,59, YF,0.9,0.78,2,2,1019,0,0,0,0,0,0,-1
Low, UVP_assignments_GNI_2_MC, Mali,0,60, YF,0.69,0.78,2,2,1019,0,0,0,0,0,0,-1
Low, UVP_assignments_GNI_2_MC, Mali,0,61, YF,1.02,0.78,2,2,1019,0,0,0,0,0,0,-1
Low, UVP_assignments_GNI_2_MC, Mali,0,62, YF,0.69,0.78,2,2,1019,0,0,0,0,0,0,-1
Low, UVP_assignments_GNI_2_MC, Mauritania,0,1, BCG,0,0,1,2,2154,0,0,0,0,0,0,-1
Low, UVP_assignments_GNI_2_MC, Mauritania,0,2, BCG,0.06,0.17,1,2,2154,0,0,0,0,0,0,-1
Low, UVP_assignments_GNI_2_MC, Mauritania,0,3, BCG,0,0,1,2,2154,0,0,0,0,0,0,-1
Low, UVP_assignments_GNI_2_MC, Mauritania,0,4, BCG,0.09,0.17,1,2,2154,0,0,0,0,0,0,-1
Low, UVP_assignments_GNI_2_MC, Mauritania,0,5, DT,0,0,1,2,2154,0,0,0,0,0,0,-1
Low, UVP_assignments_GNI_2_MC, Mauritania,0,6, DT,0.05,0.17,1,2,2154,0,0,0,0,0,0,-1
Low, UVP_assignments_GNI_2_MC, Mauritania,0,7, DTP,0.05,0.17,1,2,2154,0,0,0,0,0,0,-1
Low, UVP_assignments_GNI_2_MC, Mauritania,0,8, DTP,0.06,0.17,1,2,2154,0,0,0,0,0,0,-1
Low, UVP_assignments_GNI_2_MC, Mauritania,0,9, DTP-HepB-Hib,0.25,0.17,1,2,2154,0,0,0,0,0,0,-1
Low, UVP_assignments_GNI_2_MC, Mauritania,0,10, DTP-HepB-Hib,0.37,0.17,1,2,2154,0,0,0,0,0,0,-1
Low, UVP_assignments_GNI_2_MC, Mauritania,0,11, DTP-HepB-Hib,0.34,0.17,1,2,2154,0,0,0,0,0,0,-1
Low, UVP_assignments_GNI_2_MC, Mauritania,0,12, DTP-HepB-Hib,0.38,0.17,1,2,2154,0,0,0,0,0,0,-1
Low, UVP_assignments_GNI_2_MC, Mauritania,0,13, DTP-HepB-Hib,0.37,0.17,1,2,2154,0,0,0,0,0,0,-1
Low, UVP_assignments_GNI_2_MC, Mauritania,0,14, DTP-HepB-Hib,0.26,0.17,1,2,2154,0,0,0,0,0,0,-1
Low, UVP_assignments_GNI_2_MC, Mauritania,0,15, DTP-HepB-Hib,0.24,0.17,1,2,2154,0,0,0,0,0,0,-1
Low, UVP_assignments_GNI_2_MC, Mauritania,0,16, DTP-HepB-Hib,0.26,0.17,1,2,2154,0,0,0,0,0,0,-1
Low, UVP_assignments_GNI_2_MC, Mauritania,0,17, HPV,1.47,0.17,1,2,2154,0,0,0,0,0,0,-1
Low, UVP_assignments_GNI_2_MC, Mauritania,0,18, HPV,1.44,0.17,1,2,2154,0,0,0,0,0,0,-1
Low, UVP_assignments_GNI_2_MC, Mauritania,0,19, HepB,0.16,0.17,1,2,2154,0,0,0,0,0,0,-1
Low, UVP_assignments_GNI_2_MC, Mauritania,0,20, HepB,0.19,0.17,1,2,2154,0,0,0,0,0,0,-1
Low, UVP_assignments_GNI_2_MC, Mauritania,0,21, HepB,0.08,0.17,1,2,2154,0,0,0,0,0,0,-1
Low, UVP_assignments_GNI_2_MC, Mauritania,0,22, HepB,0.08,0.17,1,2,2154,0,0,0,0,0,0,-1
Low, UVP_assignments_GNI_2_MC, Mauritania,0,23, Hib,0.69,0.17,1,2,2154,0,0,0,0,0,0,-1
Low, UVP_assignments_GNI_2_MC, Mauritania,0,24, IPV,0.67,0.17,1,2,2154,0,0,0,0,0,0,-1
Low, UVP_assignments_GNI_2_MC, Mauritania,0,25, IPV,0.78,0.17,1,2,2154,0,0,0,0,0,0,-1
Low, UVP_assignments_GNI_2_MC, Mauritania,0,26, IPV,0.99,0.17,1,2,2154,0,0,0,0,0,0,-1
Low, UVP_assignments_GNI_2_MC, Mauritania,0,27, IPV,0.56,0.17,1,2,2154,0,0,0,0,0,0,-1
Low, UVP_assignments_GNI_2_MC, Mauritania,0,28, IPV,0.74,0.17,1,2,2154,0,0,0,0,0,0,-1
Low, UVP_assignments_GNI_2_MC, Mauritania,0,29, IPV,0.89,0.17,1,2,2154,0,0,0,0,0,0,-1
Low, UVP_assignments_GNI_2_MC, Mauritania,0,30, MMR,0,0,1,2,2154,0,0,0,0,0,0,-1
Low, UVP_assignments_GNI_2_MC, Mauritania,0,31, MMR,1.43,0.17,1,2,2154,0,0,0,0,0,0,-1
Low, UVP_assignments_GNI_2_MC, Mauritania,0,32, MMR,0.94,0.17,1,2,2154,0,0,0,0,0,0,-1
Low, UVP_assignments_GNI_2_MC, Mauritania,0,33, MMR,0.47,0.17,1,2,2154,0,0,0,0,0,0,-1
Low, UVP_assignments_GNI_2_MC, Mauritania,0,34, OPV,0.06,0.17,1,2,2154,0,0,0,0,0,0,-1
Low, UVP_assignments_GNI_2_MC, Mauritania,0,35, OPV,0.03,0.17,1,2,2154,0,0,0,0,0,0,-1
Low, UVP_assignments_GNI_2_MC, Mauritania,0,36, OPV,0.04,0.17,1,2,2154,0,0,0,0,0,0,-1
Low, UVP_assignments_GNI_2_MC, Mauritania,0,37, OPV,0.04,0.17,1,2,2154,0,0,0,0,0,0,-1
Low, UVP_assignments_GNI_2_MC, Mauritania,0,38, OPV,0.04,0.17,1,2,2154,0,0,0,0,0,0,-1
Low, UVP_assignments_GNI_2_MC, Mauritania,0,39, OPV,0.04,0.17,1,2,2154,0,0,0,0,0,0,-1
Low, UVP_assignments_GNI_2_MC, Mauritania,0,40, OPV,0.06,0.17,1,2,2154,0,0,0,0,0,0,-1
Low, UVP_assignments_GNI_2_MC, Mauritania,0,41, OPV,0.04,0.17,1,2,2154,0,0,0,0,0,0,-1
Low, UVP_assignments_GNI_2_MC, Mauritania,0,42, OPV,0.05,0.17,1,2,2154,0,0,0,0,0,0,-1
Low, UVP_assignments_GNI_2_MC, Mauritania,0,43, PCV,0.93,0.17,1,2,2154,0,0,0,0,0,0,-1
Low, UVP_assignments_GNI_2_MC, Mauritania,0,44, PCV,0.97,0.17,1,2,2154,0,0,0,0,0,0,-1
Low, UVP_assignments_GNI_2_MC, Mauritania,0,45, PCV,0.97,0.17,1,2,2154,0,0,0,0,0,0,-1
Low, UVP_assignments_GNI_2_MC, Mauritania,0,46, PCV,1.1,0.17,1,2,2154,0,0,0,0,0,0,-1
Low, UVP_assignments_GNI_2_MC, Mauritania,0,47, PCV,1.05,0.17,1,2,2154,0,0,0,0,0,0,-1
Low, UVP_assignments_GNI_2_MC, Mauritania,0,48, PCV,0.93,0.17,1,2,2154,0,0,0,0,0,0,-1
Low, UVP_assignments_GNI_2_MC, Mauritania,0,49, Rota,0.27,0.17,1,2,2154,0,0,0,0,0,0,-1
Low, UVP_assignments_GNI_2_MC, Mauritania,0,50, Rota,0.3,0.17,1,2,2154,0,0,0,0,0,0,-1
Low, UVP_assignments_GNI_2_MC, Mauritania,0,51, Rota,0.75,0.17,1,2,2154,0,0,0,0,0,0,-1
Low, UVP_assignments_GNI_2_MC, Mauritania,0,52, Td,0.04,0.17,1,2,2154,0,0,0,0,0,0,-1
Low, UVP_assignments_GNI_2_MC, Mauritania,0,53, Td,0.04,0.17,1,2,2154,0,0,0,0,0,0,-1
Low, UVP_assignments_GNI_2_MC, Mauritania,0,54, Td,0,0,1,2,2154,0,0,0,0,0,0,-1
Low, UVP_assignments_GNI_2_MC, Mauritania,0,55, Td,0.04,0.17,1,2,2154,0,0,0,0,0,0,-1
Low, UVP_assignments_GNI_2_MC, Mauritania,0,56, Td,0.03,0.17,1,2,2154,0,0,0,0,0,0,-1
Low, UVP_assignments_GNI_2_MC, Mauritania,0,57, Td,0.03,0.14,1,2,2154,0,0,0,0,0,0,-1
Low, UVP_assignments_GNI_2_MC, Mauritania,0,58, Td,0.03,0.17,1,2,2154,0,0,0,0,0,0,-1
Low, UVP_assignments_GNI_2_MC, Mauritania,0,59, YF,0.41,0.17,1,2,2154,0,0,0,0,0,0,-1
Low, UVP_assignments_GNI_2_MC, Mauritania,0,60, YF,0.31,0.17,1,2,2154,0,0,0,0,0,0,-1
Low, UVP_assignments_GNI_2_MC, Mauritania,0,61, YF,0.46,0.17,1,2,2154,0,0,0,0,0,0,-1
Low, UVP_assignments_GNI_2_MC, Mauritania,0,62, YF,0.31,0.17,1,2,2154,0,0,0,0,0,0,-1
Low, UVP_assignments_GNI_2_MC, Mozambique,0,1, BCG,0,0,2,2,506,0,0,0,0,0,0,-1
Low, UVP_assignments_GNI_2_MC, Mozambique,0,2, BCG,0.05,0.56,2,2,506,0,0,0,0,0,0,-1
Low, UVP_assignments_GNI_2_MC, Mozambique,0,3, BCG,0,0,2,2,506,0,0,0,0,0,0,-1
Low, UVP_assignments_GNI_2_MC, Mozambique,0,4, BCG,0.07,0.56,2,2,506,0,0,0,0,0,0,-1
Low, UVP_assignments_GNI_2_MC, Mozambique,0,5, DT,-0.04,-0.48,2,2,506,0,0,0,0,0,0,-1
Low, UVP_assignments_GNI_2_MC, Mozambique,0,6, DT,0.04,0.56,2,2,506,0,0,0,0,0,0,-1
Low, UVP_assignments_GNI_2_MC, Mozambique,0,7, DTP,0.04,0.56,2,2,506,0,0,0,0,0,0,-1
Low, UVP_assignments_GNI_2_MC, Mozambique,0,8, DTP,0.05,0.56,2,2,506,0,0,0,0,0,0,-1
Low, UVP_assignments_GNI_2_MC, Mozambique,0,9, DTP-HepB-Hib,0.2,0.56,2,2,506,0,0,0,0,0,0,-1
Low, UVP_assignments_GNI_2_MC, Mozambique,0,10, DTP-HepB-Hib,0.29,0.56,2,2,506,0,0,0,0,0,0,-1
Low, UVP_assignments_GNI_2_MC, Mozambique,0,11, DTP-HepB-Hib,0.26,0.56,2,2,506,0,0,0,0,0,0,-1
Low, UVP_assignments_GNI_2_MC, Mozambique,0,12, DTP-HepB-Hib,0.3,0.56,2,2,506,0,0,0,0,0,0,-1
Low, UVP_assignments_GNI_2_MC, Mozambique,0,13, DTP-HepB-Hib,0.29,0.56,2,2,506,0,0,0,0,0,0,-1
Low, UVP_assignments_GNI_2_MC, Mozambique,0,14, DTP-HepB-Hib,0.2,0.56,2,2,506,0,0,0,0,0,0,-1
Low, UVP_assignments_GNI_2_MC, Mozambique,0,15, DTP-HepB-Hib,0.19,0.56,2,2,506,0,0,0,0,0,0,-1
Low, UVP_assignments_GNI_2_MC, Mozambique,0,16, DTP-HepB-Hib,0.2,0.56,2,2,506,0,0,0,0,0,0,-1
Low, UVP_assignments_GNI_2_MC, Mozambique,0,17, HPV,1.15,0.56,2,2,506,0,0,0,0,0,0,-1
Low, UVP_assignments_GNI_2_MC, Mozambique,0,18, HPV,1.13,0.56,2,2,506,0,0,0,0,0,0,-1
Low, UVP_assignments_GNI_2_MC, Mozambique,0,19, HepB,0.12,0.56,2,2,506,0,0,0,0,0,0,-1
Low, UVP_assignments_GNI_2_MC, Mozambique,0,20, HepB,0.15,0.56,2,2,506,0,0,0,0,0,0,-1
Low, UVP_assignments_GNI_2_MC, Mozambique,0,21, HepB,0.06,0.56,2,2,506,0,0,0,0,0,0,-1
Low, UVP_assignments_GNI_2_MC, Mozambique,0,22, HepB,0.06,0.56,2,2,506,0,0,0,0,0,0,-1
Low, UVP_assignments_GNI_2_MC, Mozambique,0,23, Hib,0.54,0.56,2,2,506,0,0,0,0,0,0,-1
Low, UVP_assignments_GNI_2_MC, Mozambique,0,24, IPV,0,0,2,2,506,0,0,0,0,0,0,-1
Low, UVP_assignments_GNI_2_MC, Mozambique,0,25, IPV,0.61,0.56,2,2,506,0,0,0,0,0,0,-1
Low, UVP_assignments_GNI_2_MC, Mozambique,0,26, IPV,0.78,0.56,2,2,506,0,0,0,0,0,0,-1
Low, UVP_assignments_GNI_2_MC, Mozambique,0,27, IPV,0.44,0.56,2,2,506,0,0,0,0,0,0,-1
Low, UVP_assignments_GNI_2_MC, Mozambique,0,28, IPV,0,0,2,2,506,0,0,0,0,0,0,-1
Low, UVP_assignments_GNI_2_MC, Mozambique,0,29, IPV,0.7,0.56,2,2,506,0,0,0,0,0,0,-1
Low, UVP_assignments_GNI_2_MC, Mozambique,0,30, MMR,0.15,0.24,2,2,506,0,0,0,0,0,0,-1
Low, UVP_assignments_GNI_2_MC, Mozambique,0,31, MMR,1.12,0.56,2,2,506,0,0,0,0,0,0,-1
Low, UVP_assignments_GNI_2_MC, Mozambique,0,32, MMR,0.74,0.56,2,2,506,0,0,0,0,0,0,-1
Low, UVP_assignments_GNI_2_MC, Mozambique,0,33, MMR,0.37,0.56,2,2,506,0,0,0,0,0,0,-1
Low, UVP_assignments_GNI_2_MC, Mozambique,0,34, OPV,0.05,0.56,2,2,506,0,0,0,0,0,0,-1
Low, UVP_assignments_GNI_2_MC, Mozambique,0,35, OPV,0.02,0.56,2,2,506,0,0,0,0,0,0,-1
Low, UVP_assignments_GNI_2_MC, Mozambique,0,36, OPV,0.03,0.56,2,2,506,0,0,0,0,0,0,-1
Low, UVP_assignments_GNI_2_MC, Mozambique,0,37, OPV,0.04,0.56,2,2,506,0,0,0,0,0,0,-1
Low, UVP_assignments_GNI_2_MC, Mozambique,0,38, OPV,0.03,0.56,2,2,506,0,0,0,0,0,0,-1
Low, UVP_assignments_GNI_2_MC, Mozambique,0,39, OPV,0.03,0.56,2,2,506,0,0,0,0,0,0,-1
Low, UVP_assignments_GNI_2_MC, Mozambique,0,40, OPV,0.05,0.56,2,2,506,0,0,0,0,0,0,-1
Low, UVP_assignments_GNI_2_MC, Mozambique,0,41, OPV,0.04,0.56,2,2,506,0,0,0,0,0,0,-1
Low, UVP_assignments_GNI_2_MC, Mozambique,0,42, OPV,0.04,0.56,2,2,506,0,0,0,0,0,0,-1
Low, UVP_assignments_GNI_2_MC, Mozambique,0,43, PCV,0.73,0.56,2,2,506,0,0,0,0,0,0,-1
Low, UVP_assignments_GNI_2_MC, Mozambique,0,44, PCV,0.76,0.56,2,2,506,0,0,0,0,0,0,-1
Low, UVP_assignments_GNI_2_MC, Mozambique,0,45, PCV,0.76,0.56,2,2,506,0,0,0,0,0,0,-1
Low, UVP_assignments_GNI_2_MC, Mozambique,0,46, PCV,0.86,0.56,2,2,506,0,0,0,0,0,0,-1
Low, UVP_assignments_GNI_2_MC, Mozambique,0,47, PCV,0.83,0.56,2,2,506,0,0,0,0,0,0,-1
Low, UVP_assignments_GNI_2_MC, Mozambique,0,48, PCV,0.73,0.56,2,2,506,0,0,0,0,0,0,-1
Low, UVP_assignments_GNI_2_MC, Mozambique,0,49, Rota,0.21,0.56,2,2,506,0,0,0,0,0,0,-1
Low, UVP_assignments_GNI_2_MC, Mozambique,0,50, Rota,0.24,0.56,2,2,506,0,0,0,0,0,0,-1
Low, UVP_assignments_GNI_2_MC, Mozambique,0,51, Rota,0.59,0.56,2,2,506,0,0,0,0,0,0,-1
Low, UVP_assignments_GNI_2_MC, Mozambique,0,52, Td,0.03,0.56,2,2,506,0,0,0,0,0,0,-1
Low, UVP_assignments_GNI_2_MC, Mozambique,0,53, Td,0.03,0.56,2,2,506,0,0,0,0,0,0,-1
Low, UVP_assignments_GNI_2_MC, Mozambique,0,54, Td,0,0,2,2,506,0,0,0,0,0,0,-1
Low, UVP_assignments_GNI_2_MC, Mozambique,0,55, Td,0,0.07,2,2,506,0,0,0,0,0,0,-1
Low, UVP_assignments_GNI_2_MC, Mozambique,0,56, Td,0.03,0.56,2,2,506,0,0,0,0,0,0,-1
Low, UVP_assignments_GNI_2_MC, Mozambique,0,57, Td,-0.03,-0.56,2,2,506,0,0,0,0,0,0,-1
Low, UVP_assignments_GNI_2_MC, Mozambique,0,58, Td,0.02,0.56,2,2,506,0,0,0,0,0,0,-1
Low, UVP_assignments_GNI_2_MC, Mozambique,0,59, YF,0.32,0.56,2,2,506,0,0,0,0,0,0,-1
Low, UVP_assignments_GNI_2_MC, Mozambique,0,60, YF,0.24,0.56,2,2,506,0,0,0,0,0,0,-1
Low, UVP_assignments_GNI_2_MC, Mozambique,0,61, YF,0.36,0.56,2,2,506,0,0,0,0,0,0,-1
Low, UVP_assignments_GNI_2_MC, Mozambique,0,62, YF,0.24,0.56,2,2,506,0,0,0,0,0,0,-1
Low, UVP_assignments_GNI_2_MC, Myanmar,0,1, BCG,0,0,2,2,1170,0,0,0,0,0,0,-1
Low, UVP_assignments_GNI_2_MC, Myanmar,0,2, BCG,0.16,0.81,2,2,1170,0,0,0,0,0,0,-1
Low, UVP_assignments_GNI_2_MC, Myanmar,0,3, BCG,0,0,2,2,1170,0,0,0,0,0,0,-1
Low, UVP_assignments_GNI_2_MC, Myanmar,0,4, BCG,0.24,0.81,2,2,1170,0,0,0,0,0,0,-1
Low, UVP_assignments_GNI_2_MC, Myanmar,0,5, DT,0.06,0.36,2,2,1170,0,0,0,0,0,0,-1
Low, UVP_assignments_GNI_2_MC, Myanmar,0,6, DT,0.14,0.81,2,2,1170,0,0,0,0,0,0,-1
Low, UVP_assignments_GNI_2_MC, Myanmar,0,7, DTP,0.14,0.81,2,2,1170,0,0,0,0,0,0,-1
Low, UVP_assignments_GNI_2_MC, Myanmar,0,8, DTP,0.16,0.81,2,2,1170,0,0,0,0,0,0,-1
Low, UVP_assignments_GNI_2_MC, Myanmar,0,9, DTP-HepB-Hib,0.66,0.81,2,2,1170,0,0,0,0,0,0,-1
Low, UVP_assignments_GNI_2_MC, Myanmar,0,10, DTP-HepB-Hib,0.97,0.81,2,2,1170,0,0,0,0,0,0,-1
Low, UVP_assignments_GNI_2_MC, Myanmar,0,11, DTP-HepB-Hib,0.88,0.81,2,2,1170,0,0,0,0,0,0,-1
Low, UVP_assignments_GNI_2_MC, Myanmar,0,12, DTP-HepB-Hib,1,0.81,2,2,1170,0,0,0,0,0,0,-1
Low, UVP_assignments_GNI_2_MC, Myanmar,0,13, DTP-HepB-Hib,0.97,0.81,2,2,1170,0,0,0,0,0,0,-1
Low, UVP_assignments_GNI_2_MC, Myanmar,0,14, DTP-HepB-Hib,0.68,0.81,2,2,1170,0,0,0,0,0,0,-1
Low, UVP_assignments_GNI_2_MC, Myanmar,0,15, DTP-HepB-Hib,0.63,0.81,2,2,1170,0,0,0,0,0,0,-1
Low, UVP_assignments_GNI_2_MC, Myanmar,0,16, DTP-HepB-Hib,0.67,0.81,2,2,1170,0,0,0,0,0,0,-1
Low, UVP_assignments_GNI_2_MC, Myanmar,0,17, HPV,3.87,0.81,2,2,1170,0,0,0,0,0,0,-1
Low, UVP_assignments_GNI_2_MC, Myanmar,0,18, HPV,3.78,0.81,2,2,1170,0,0,0,0,0,0,-1
Low, UVP_assignments_GNI_2_MC, Myanmar,0,19, HepB,0.41,0.81,2,2,1170,0,0,0,0,0,0,-1
Low, UVP_assignments_GNI_2_MC, Myanmar,0,20, HepB,0.5,0.81,2,2,1170,0,0,0,0,0,0,-1
Low, UVP_assignments_GNI_2_MC, Myanmar,0,21, HepB,0.2,0.81,2,2,1170,0,0,0,0,0,0,-1
Low, UVP_assignments_GNI_2_MC, Myanmar,0,22, HepB,0.21,0.81,2,2,1170,0,0,0,0,0,0,-1
Low, UVP_assignments_GNI_2_MC, Myanmar,0,23, Hib,1.81,0.81,2,2,1170,0,0,0,0,0,0,-1
Low, UVP_assignments_GNI_2_MC, Myanmar,0,24, IPV,0,0,2,2,1170,0,0,0,0,0,0,-1
Low, UVP_assignments_GNI_2_MC, Myanmar,0,25, IPV,2.06,0.81,2,2,1170,0,0,0,0,0,0,-1
Low, UVP_assignments_GNI_2_MC, Myanmar,0,26, IPV,2.6,0.81,2,2,1170,0,0,0,0,0,0,-1
Low, UVP_assignments_GNI_2_MC, Myanmar,0,27, IPV,1.47,0.81,2,2,1170,0,0,0,0,0,0,-1
Low, UVP_assignments_GNI_2_MC, Myanmar,0,28, IPV,0,0,2,2,1170,0,0,0,0,0,0,-1
Low, UVP_assignments_GNI_2_MC, Myanmar,0,29, IPV,2.35,0.81,2,2,1170,0,0,0,0,0,0,-1
Low, UVP_assignments_GNI_2_MC, Myanmar,0,30, MMR,0.98,0.67,2,2,1170,0,0,0,0,0,0,-1
Low, UVP_assignments_GNI_2_MC, Myanmar,0,31, MMR,3.76,0.81,2,2,1170,0,0,0,0,0,0,-1
Low, UVP_assignments_GNI_2_MC, Myanmar,0,32, MMR,2.48,0.81,2,2,1170,0,0,0,0,0,0,-1
Low, UVP_assignments_GNI_2_MC, Myanmar,0,33, MMR,1.24,0.81,2,2,1170,0,0,0,0,0,0,-1
Low, UVP_assignments_GNI_2_MC, Myanmar,0,34, OPV,0.15,0.81,2,2,1170,0,0,0,0,0,0,-1
Low, UVP_assignments_GNI_2_MC, Myanmar,0,35, OPV,0.08,0.81,2,2,1170,0,0,0,0,0,0,-1
Low, UVP_assignments_GNI_2_MC, Myanmar,0,36, OPV,0.11,0.81,2,2,1170,0,0,0,0,0,0,-1
Low, UVP_assignments_GNI_2_MC, Myanmar,0,37, OPV,0.12,0.81,2,2,1170,0,0,0,0,0,0,-1
Low, UVP_assignments_GNI_2_MC, Myanmar,0,38, OPV,0.1,0.81,2,2,1170,0,0,0,0,0,0,-1
Low, UVP_assignments_GNI_2_MC, Myanmar,0,39, OPV,0.11,0.81,2,2,1170,0,0,0,0,0,0,-1
Low, UVP_assignments_GNI_2_MC, Myanmar,0,40, OPV,0.16,0.81,2,2,1170,0,0,0,0,0,0,-1
Low, UVP_assignments_GNI_2_MC, Myanmar,0,41, OPV,0.12,0.81,2,2,1170,0,0,0,0,0,0,-1
Low, UVP_assignments_GNI_2_MC, Myanmar,0,42, OPV,0.14,0.81,2,2,1170,0,0,0,0,0,0,-1
Low, UVP_assignments_GNI_2_MC, Myanmar,0,43, PCV,2.44,0.81,2,2,1170,0,0,0,0,0,0,-1
Low, UVP_assignments_GNI_2_MC, Myanmar,0,44, PCV,2.56,0.81,2,2,1170,0,0,0,0,0,0,-1
Low, UVP_assignments_GNI_2_MC, Myanmar,0,45, PCV,2.56,0.81,2,2,1170,0,0,0,0,0,0,-1
Low, UVP_assignments_GNI_2_MC, Myanmar,0,46, PCV,2.9,0.81,2,2,1170,0,0,0,0,0,0,-1
Low, UVP_assignments_GNI_2_MC, Myanmar,0,47, PCV,2.77,0.81,2,2,1170,0,0,0,0,0,0,-1
Low, UVP_assignments_GNI_2_MC, Myanmar,0,48, PCV,2.44,0.81,2,2,1170,0,0,0,0,0,0,-1
Low, UVP_assignments_GNI_2_MC, Myanmar,0,49, Rota,0.71,0.81,2,2,1170,0,0,0,0,0,0,-1
Low, UVP_assignments_GNI_2_MC, Myanmar,0,50, Rota,0.8,0.81,2,2,1170,0,0,0,0,0,0,-1
Low, UVP_assignments_GNI_2_MC, Myanmar,0,51, Rota,1.97,0.81,2,2,1170,0,0,0,0,0,0,-1
Low, UVP_assignments_GNI_2_MC, Myanmar,0,52, Td,0.09,0.81,2,2,1170,0,0,0,0,0,0,-1
Low, UVP_assignments_GNI_2_MC, Myanmar,0,53, Td,0.09,0.81,2,2,1170,0,0,0,0,0,0,-1
Low, UVP_assignments_GNI_2_MC, Myanmar,0,54, Td,0,0,2,2,1170,0,0,0,0,0,0,-1
Low, UVP_assignments_GNI_2_MC, Myanmar,0,55, Td,0.09,0.6,2,2,1170,0,0,0,0,0,0,-1
Low, UVP_assignments_GNI_2_MC, Myanmar,0,56, Td,0.08,0.81,2,2,1170,0,0,0,0,0,0,-1
Low, UVP_assignments_GNI_2_MC, Myanmar,0,57, Td,0.03,0.32,2,2,1170,0,0,0,0,0,0,-1
Low, UVP_assignments_GNI_2_MC, Myanmar,0,58, Td,0.08,0.81,2,2,1170,0,0,0,0,0,0,-1
Low, UVP_assignments_GNI_2_MC, Myanmar,0,59, YF,1.08,0.81,2,2,1170,0,0,0,0,0,0,-1
Low, UVP_assignments_GNI_2_MC, Myanmar,0,60, YF,0.82,0.81,2,2,1170,0,0,0,0,0,0,-1
Low, UVP_assignments_GNI_2_MC, Myanmar,0,61, YF,1.21,0.81,2,2,1170,0,0,0,0,0,0,-1
Low, UVP_assignments_GNI_2_MC, Myanmar,0,62, YF,0.82,0.81,2,2,1170,0,0,0,0,0,0,-1
Low, UVP_assignments_GNI_2_MC, Nepal,0,1, BCG,0,0,2,2,1226,0,0,0,0,0,0,-1
Low, UVP_assignments_GNI_2_MC, Nepal,0,2, BCG,0.17,0.82,2,2,1226,0,0,0,0,0,0,-1
Low, UVP_assignments_GNI_2_MC, Nepal,0,3, BCG,0,0,2,2,1226,0,0,0,0,0,0,-1
Low, UVP_assignments_GNI_2_MC, Nepal,0,4, BCG,0.25,0.82,2,2,1226,0,0,0,0,0,0,-1
Low, UVP_assignments_GNI_2_MC, Nepal,0,5, DT,0.07,0.39,2,2,1226,0,0,0,0,0,0,-1
Low, UVP_assignments_GNI_2_MC, Nepal,0,6, DT,0.15,0.82,2,2,1226,0,0,0,0,0,0,-1
Low, UVP_assignments_GNI_2_MC, Nepal,0,7, DTP,0.15,0.82,2,2,1226,0,0,0,0,0,0,-1
Low, UVP_assignments_GNI_2_MC, Nepal,0,8, DTP,0.17,0.82,2,2,1226,0,0,0,0,0,0,-1
Low, UVP_assignments_GNI_2_MC, Nepal,0,9, DTP-HepB-Hib,0.69,0.82,2,2,1226,0,0,0,0,0,0,-1
Low, UVP_assignments_GNI_2_MC, Nepal,0,10, DTP-HepB-Hib,1.02,0.82,2,2,1226,0,0,0,0,0,0,-1
Low, UVP_assignments_GNI_2_MC, Nepal,0,11, DTP-HepB-Hib,0.93,0.82,2,2,1226,0,0,0,0,0,0,-1
Low, UVP_assignments_GNI_2_MC, Nepal,0,12, DTP-HepB-Hib,1.06,0.82,2,2,1226,0,0,0,0,0,0,-1
Low, UVP_assignments_GNI_2_MC, Nepal,0,13, DTP-HepB-Hib,1.02,0.82,2,2,1226,0,0,0,0,0,0,-1
Low, UVP_assignments_GNI_2_MC, Nepal,0,14, DTP-HepB-Hib,0.72,0.82,2,2,1226,0,0,0,0,0,0,-1
Low, UVP_assignments_GNI_2_MC, Nepal,0,15, DTP-HepB-Hib,0.67,0.82,2,2,1226,0,0,0,0,0,0,-1
Low, UVP_assignments_GNI_2_MC, Nepal,0,16, DTP-HepB-Hib,0.71,0.82,2,2,1226,0,0,0,0,0,0,-1
Low, UVP_assignments_GNI_2_MC, Nepal,0,17, HPV,4.09,0.82,2,2,1226,0,0,0,0,0,0,-1
Low, UVP_assignments_GNI_2_MC, Nepal,0,18, HPV,4,0.82,2,2,1226,0,0,0,0,0,0,-1
Low, UVP_assignments_GNI_2_MC, Nepal,0,19, HepB,0.44,0.82,2,2,1226,0,0,0,0,0,0,-1
Low, UVP_assignments_GNI_2_MC, Nepal,0,20, HepB,0.53,0.82,2,2,1226,0,0,0,0,0,0,-1
Low, UVP_assignments_GNI_2_MC, Nepal,0,21, HepB,0.21,0.82,2,2,1226,0,0,0,0,0,0,-1
Low, UVP_assignments_GNI_2_MC, Nepal,0,22, HepB,0.22,0.82,2,2,1226,0,0,0,0,0,0,-1
Low, UVP_assignments_GNI_2_MC, Nepal,0,23, Hib,1.91,0.82,2,2,1226,0,0,0,0,0,0,-1
Low, UVP_assignments_GNI_2_MC, Nepal,0,24, IPV,0,0,2,2,1226,0,0,0,0,0,0,-1
Low, UVP_assignments_GNI_2_MC, Nepal,0,25, IPV,2.18,0.82,2,2,1226,0,0,0,0,0,0,-1
Low, UVP_assignments_GNI_2_MC, Nepal,0,26, IPV,2.76,0.82,2,2,1226,0,0,0,0,0,0,-1
Low, UVP_assignments_GNI_2_MC, Nepal,0,27, IPV,1.56,0.82,2,2,1226,0,0,0,0,0,0,-1
Low, UVP_assignments_GNI_2_MC, Nepal,0,28, IPV,0,0,2,2,1226,0,0,0,0,0,0,-1
Low, UVP_assignments_GNI_2_MC, Nepal,0,29, IPV,2.49,0.82,2,2,1226,0,0,0,0,0,0,-1
Low, UVP_assignments_GNI_2_MC, Nepal,0,30, MMR,1.05,0.69,2,2,1226,0,0,0,0,0,0,-1
Low, UVP_assignments_GNI_2_MC, Nepal,0,31, MMR,3.98,0.82,2,2,1226,0,0,0,0,0,0,-1
Low, UVP_assignments_GNI_2_MC, Nepal,0,32, MMR,2.63,0.82,2,2,1226,0,0,0,0,0,0,-1
Low, UVP_assignments_GNI_2_MC, Nepal,0,33, MMR,1.31,0.82,2,2,1226,0,0,0,0,0,0,-1
Low, UVP_assignments_GNI_2_MC, Nepal,0,34, OPV,0.16,0.82,2,2,1226,0,0,0,0,0,0,-1
Low, UVP_assignments_GNI_2_MC, Nepal,0,35, OPV,0.08,0.82,2,2,1226,0,0,0,0,0,0,-1
Low, UVP_assignments_GNI_2_MC, Nepal,0,36, OPV,0.12,0.82,2,2,1226,0,0,0,0,0,0,-1
Low, UVP_assignments_GNI_2_MC, Nepal,0,37, OPV,0.12,0.82,2,2,1226,0,0,0,0,0,0,-1
Low, UVP_assignments_GNI_2_MC, Nepal,0,38, OPV,0.11,0.82,2,2,1226,0,0,0,0,0,0,-1
Low, UVP_assignments_GNI_2_MC, Nepal,0,39, OPV,0.12,0.82,2,2,1226,0,0,0,0,0,0,-1
Low, UVP_assignments_GNI_2_MC, Nepal,0,40, OPV,0.17,0.82,2,2,1226,0,0,0,0,0,0,-1
Low, UVP_assignments_GNI_2_MC, Nepal,0,41, OPV,0.12,0.82,2,2,1226,0,0,0,0,0,0,-1
Low, UVP_assignments_GNI_2_MC, Nepal,0,42, OPV,0.15,0.82,2,2,1226,0,0,0,0,0,0,-1
Low, UVP_assignments_GNI_2_MC, Nepal,0,43, PCV,2.58,0.82,2,2,1226,0,0,0,0,0,0,-1
Low, UVP_assignments_GNI_2_MC, Nepal,0,44, PCV,2.71,0.82,2,2,1226,0,0,0,0,0,0,-1
Low, UVP_assignments_GNI_2_MC, Nepal,0,45, PCV,2.71,0.82,2,2,1226,0,0,0,0,0,0,-1
Low, UVP_assignments_GNI_2_MC, Nepal,0,46, PCV,3.07,0.82,2,2,1226,0,0,0,0,0,0,-1
Low, UVP_assignments_GNI_2_MC, Nepal,0,47, PCV,2.94,0.82,2,2,1226,0,0,0,0,0,0,-1
Low, UVP_assignments_GNI_2_MC, Nepal,0,48, PCV,2.58,0.82,2,2,1226,0,0,0,0,0,0,-1
Low, UVP_assignments_GNI_2_MC, Nepal,0,49, Rota,0.76,0.82,2,2,1226,0,0,0,0,0,0,-1
Low, UVP_assignments_GNI_2_MC, Nepal,0,50, Rota,0.85,0.82,2,2,1226,0,0,0,0,0,0,-1
Low, UVP_assignments_GNI_2_MC, Nepal,0,51, Rota,2.09,0.82,2,2,1226,0,0,0,0,0,0,-1
Low, UVP_assignments_GNI_2_MC, Nepal,0,52, Td,0.1,0.82,2,2,1226,0,0,0,0,0,0,-1
Low, UVP_assignments_GNI_2_MC, Nepal,0,53, Td,0.1,0.82,2,2,1226,0,0,0,0,0,0,-1
Low, UVP_assignments_GNI_2_MC, Nepal,0,54, Td,0,0,2,2,1226,0,0,0,0,0,0,-1
Low, UVP_assignments_GNI_2_MC, Nepal,0,55, Td,0.09,0.61,2,2,1226,0,0,0,0,0,0,-1
Low, UVP_assignments_GNI_2_MC, Nepal,0,56, Td,0.09,0.82,2,2,1226,0,0,0,0,0,0,-1
Low, UVP_assignments_GNI_2_MC, Nepal,0,57, Td,0.04,0.35,2,2,1226,0,0,0,0,0,0,-1
Low, UVP_assignments_GNI_2_MC, Nepal,0,58, Td,0.08,0.82,2,2,1226,0,0,0,0,0,0,-1
Low, UVP_assignments_GNI_2_MC, Nepal,0,59, YF,1.14,0.82,2,2,1226,0,0,0,0,0,0,-1
Low, UVP_assignments_GNI_2_MC, Nepal,0,60, YF,0.86,0.82,2,2,1226,0,0,0,0,0,0,-1
Low, UVP_assignments_GNI_2_MC, Nepal,0,61, YF,1.28,0.82,2,2,1226,0,0,0,0,0,0,-1
Low, UVP_assignments_GNI_2_MC, Nepal,0,62, YF,0.86,0.82,2,2,1226,0,0,0,0,0,0,-1
Low, UVP_assignments_GNI_2_MC, Niger,0,1, BCG,0,0,2,2,662,0,0,0,0,0,0,-1
Low, UVP_assignments_GNI_2_MC, Niger,0,2, BCG,0.07,0.66,2,2,662,0,0,0,0,0,0,-1
Low, UVP_assignments_GNI_2_MC, Niger,0,3, BCG,0,0,2,2,662,0,0,0,0,0,0,-1
Low, UVP_assignments_GNI_2_MC, Niger,0,4, BCG,0.11,0.66,2,2,662,0,0,0,0,0,0,-1
Low, UVP_assignments_GNI_2_MC, Niger,0,5, DT,-0.01,-0.13,2,2,662,0,0,0,0,0,0,-1
Low, UVP_assignments_GNI_2_MC, Niger,0,6, DT,0.07,0.66,2,2,662,0,0,0,0,0,0,-1
Low, UVP_assignments_GNI_2_MC, Niger,0,7, DTP,0.07,0.66,2,2,662,0,0,0,0,0,0,-1
Low, UVP_assignments_GNI_2_MC, Niger,0,8, DTP,0.07,0.66,2,2,662,0,0,0,0,0,0,-1
Low, UVP_assignments_GNI_2_MC, Niger,0,9, DTP-HepB-Hib,0.3,0.66,2,2,662,0,0,0,0,0,0,-1
Low, UVP_assignments_GNI_2_MC, Niger,0,10, DTP-HepB-Hib,0.45,0.66,2,2,662,0,0,0,0,0,0,-1
Low, UVP_assignments_GNI_2_MC, Niger,0,11, DTP-HepB-Hib,0.41,0.66,2,2,662,0,0,0,0,0,0,-1
Low, UVP_assignments_GNI_2_MC, Niger,0,12, DTP-HepB-Hib,0.46,0.66,2,2,662,0,0,0,0,0,0,-1
Low, UVP_assignments_GNI_2_MC, Niger,0,13, DTP-HepB-Hib,0.45,0.66,2,2,662,0,0,0,0,0,0,-1
Low, UVP_assignments_GNI_2_MC, Niger,0,14, DTP-HepB-Hib,0.31,0.66,2,2,662,0,0,0,0,0,0,-1
Low, UVP_assignments_GNI_2_MC, Niger,0,15, DTP-HepB-Hib,0.29,0.66,2,2,662,0,0,0,0,0,0,-1
Low, UVP_assignments_GNI_2_MC, Niger,0,16, DTP-HepB-Hib,0.31,0.66,2,2,662,0,0,0,0,0,0,-1
Low, UVP_assignments_GNI_2_MC, Niger,0,17, HPV,1.79,0.66,2,2,662,0,0,0,0,0,0,-1
Low, UVP_assignments_GNI_2_MC, Niger,0,18, HPV,1.75,0.66,2,2,662,0,0,0,0,0,0,-1
Low, UVP_assignments_GNI_2_MC, Niger,0,19, HepB,0.19,0.66,2,2,662,0,0,0,0,0,0,-1
Low, UVP_assignments_GNI_2_MC, Niger,0,20, HepB,0.23,0.66,2,2,662,0,0,0,0,0,0,-1
Low, UVP_assignments_GNI_2_MC, Niger,0,21, HepB,0.09,0.66,2,2,662,0,0,0,0,0,0,-1
Low, UVP_assignments_GNI_2_MC, Niger,0,22, HepB,0.1,0.66,2,2,662,0,0,0,0,0,0,-1
Low, UVP_assignments_GNI_2_MC, Niger,0,23, Hib,0.84,0.66,2,2,662,0,0,0,0,0,0,-1
Low, UVP_assignments_GNI_2_MC, Niger,0,24, IPV,0,0,2,2,662,0,0,0,0,0,0,-1
Low, UVP_assignments_GNI_2_MC, Niger,0,25, IPV,0.95,0.66,2,2,662,0,0,0,0,0,0,-1
Low, UVP_assignments_GNI_2_MC, Niger,0,26, IPV,1.2,0.66,2,2,662,0,0,0,0,0,0,-1
Low, UVP_assignments_GNI_2_MC, Niger,0,27, IPV,0.68,0.66,2,2,662,0,0,0,0,0,0,-1
Low, UVP_assignments_GNI_2_MC, Niger,0,28, IPV,0,0,2,2,662,0,0,0,0,0,0,-1
Low, UVP_assignments_GNI_2_MC, Niger,0,29, IPV,1.09,0.66,2,2,662,0,0,0,0,0,0,-1
Low, UVP_assignments_GNI_2_MC, Niger,0,30, MMR,0.35,0.42,2,2,662,0,0,0,0,0,0,-1
Low, UVP_assignments_GNI_2_MC, Niger,0,31, MMR,1.74,0.66,2,2,662,0,0,0,0,0,0,-1
Low, UVP_assignments_GNI_2_MC, Niger,0,32, MMR,1.15,0.66,2,2,662,0,0,0,0,0,0,-1
Low, UVP_assignments_GNI_2_MC, Niger,0,33, MMR,0.57,0.66,2,2,662,0,0,0,0,0,0,-1
Low, UVP_assignments_GNI_2_MC, Niger,0,34, OPV,0.07,0.66,2,2,662,0,0,0,0,0,0,-1
Low, UVP_assignments_GNI_2_MC, Niger,0,35, OPV,0.03,0.66,2,2,662,0,0,0,0,0,0,-1
Low, UVP_assignments_GNI_2_MC, Niger,0,36, OPV,0.05,0.66,2,2,662,0,0,0,0,0,0,-1
Low, UVP_assignments_GNI_2_MC, Niger,0,37, OPV,0.05,0.66,2,2,662,0,0,0,0,0,0,-1
Low, UVP_assignments_GNI_2_MC, Niger,0,38, OPV,0.05,0.66,2,2,662,0,0,0,0,0,0,-1
Low, UVP_assignments_GNI_2_MC, Niger,0,39, OPV,0.05,0.66,2,2,662,0,0,0,0,0,0,-1
Low, UVP_assignments_GNI_2_MC, Niger,0,40, OPV,0.07,0.66,2,2,662,0,0,0,0,0,0,-1
Low, UVP_assignments_GNI_2_MC, Niger,0,41, OPV,0.05,0.66,2,2,662,0,0,0,0,0,0,-1
Low, UVP_assignments_GNI_2_MC, Niger,0,42, OPV,0.07,0.66,2,2,662,0,0,0,0,0,0,-1
Low, UVP_assignments_GNI_2_MC, Niger,0,43, PCV,1.13,0.66,2,2,662,0,0,0,0,0,0,-1
Low, UVP_assignments_GNI_2_MC, Niger,0,44, PCV,1.18,0.66,2,2,662,0,0,0,0,0,0,-1
Low, UVP_assignments_GNI_2_MC, Niger,0,45, PCV,1.18,0.66,2,2,662,0,0,0,0,0,0,-1
Low, UVP_assignments_GNI_2_MC, Niger,0,46, PCV,1.34,0.66,2,2,662,0,0,0,0,0,0,-1
Low, UVP_assignments_GNI_2_MC, Niger,0,47, PCV,1.28,0.66,2,2,662,0,0,0,0,0,0,-1
Low, UVP_assignments_GNI_2_MC, Niger,0,48, PCV,1.13,0.66,2,2,662,0,0,0,0,0,0,-1
Low, UVP_assignments_GNI_2_MC, Niger,0,49, Rota,0.33,0.66,2,2,662,0,0,0,0,0,0,-1
Low, UVP_assignments_GNI_2_MC, Niger,0,50, Rota,0.37,0.66,2,2,662,0,0,0,0,0,0,-1
Low, UVP_assignments_GNI_2_MC, Niger,0,51, Rota,0.91,0.66,2,2,662,0,0,0,0,0,0,-1
Low, UVP_assignments_GNI_2_MC, Niger,0,52, Td,0.04,0.66,2,2,662,0,0,0,0,0,0,-1
Low, UVP_assignments_GNI_2_MC, Niger,0,53, Td,0.04,0.66,2,2,662,0,0,0,0,0,0,-1
Low, UVP_assignments_GNI_2_MC, Niger,0,54, Td,0,0,2,2,662,0,0,0,0,0,0,-1
Low, UVP_assignments_GNI_2_MC, Niger,0,55, Td,0.02,0.29,2,2,662,0,0,0,0,0,0,-1
Low, UVP_assignments_GNI_2_MC, Niger,0,56, Td,0.04,0.66,2,2,662,0,0,0,0,0,0,-1
Low, UVP_assignments_GNI_2_MC, Niger,0,57, Td,-0.01,-0.2,2,2,662,0,0,0,0,0,0,-1
Low, UVP_assignments_GNI_2_MC, Niger,0,58, Td,0.03,0.66,2,2,662,0,0,0,0,0,0,-1
Low, UVP_assignments_GNI_2_MC, Niger,0,59, YF,0.5,0.66,2,2,662,0,0,0,0,0,0,-1
Low, UVP_assignments_GNI_2_MC, Niger,0,60, YF,0.38,0.66,2,2,662,0,0,0,0,0,0,-1
Low, UVP_assignments_GNI_2_MC, Niger,0,61, YF,0.56,0.66,2,2,662,0,0,0,0,0,0,-1
Low, UVP_assignments_GNI_2_MC, Niger,0,62, YF,0.38,0.66,2,2,662,0,0,0,0,0,0,-1
Low, UVP_assignments_GNI_2_MC, Nigeria,0,1, BCG,0,0,1,2,2562,0,0,0,0,0,0,-1
Low, UVP_assignments_GNI_2_MC, Nigeria,0,2, BCG,0.13,0.3,1,2,2562,0,0,0,0,0,0,-1
Low, UVP_assignments_GNI_2_MC, Nigeria,0,3, BCG,0,0,1,2,2562,0,0,0,0,0,0,-1
Low, UVP_assignments_GNI_2_MC, Nigeria,0,4, BCG,0.19,0.3,1,2,2562,0,0,0,0,0,0,-1
Low, UVP_assignments_GNI_2_MC, Nigeria,0,5, DT,0,0,1,2,2562,0,0,0,0,0,0,-1
Low, UVP_assignments_GNI_2_MC, Nigeria,0,6, DT,0.12,0.3,1,2,2562,0,0,0,0,0,0,-1
Low, UVP_assignments_GNI_2_MC, Nigeria,0,7, DTP,0.12,0.3,1,2,2562,0,0,0,0,0,0,-1
Low, UVP_assignments_GNI_2_MC, Nigeria,0,8, DTP,0.13,0.3,1,2,2562,0,0,0,0,0,0,-1
Low, UVP_assignments_GNI_2_MC, Nigeria,0,9, DTP-HepB-Hib,0.53,0.3,1,2,2562,0,0,0,0,0,0,-1
Low, UVP_assignments_GNI_2_MC, Nigeria,0,10, DTP-HepB-Hib,0.78,0.3,1,2,2562,0,0,0,0,0,0,-1
Low, UVP_assignments_GNI_2_MC, Nigeria,0,11, DTP-HepB-Hib,0.72,0.3,1,2,2562,0,0,0,0,0,0,-1
Low, UVP_assignments_GNI_2_MC, Nigeria,0,12, DTP-HepB-Hib,0.81,0.3,1,2,2562,0,0,0,0,0,0,-1
Low, UVP_assignments_GNI_2_MC, Nigeria,0,13, DTP-HepB-Hib,0.78,0.3,1,2,2562,0,0,0,0,0,0,-1
Low, UVP_assignments_GNI_2_MC, Nigeria,0,14, DTP-HepB-Hib,0.55,0.3,1,2,2562,0,0,0,0,0,0,-1
Low, UVP_assignments_GNI_2_MC, Nigeria,0,15, DTP-HepB-Hib,0.51,0.3,1,2,2562,0,0,0,0,0,0,-1
Low, UVP_assignments_GNI_2_MC, Nigeria,0,16, DTP-HepB-Hib,0.55,0.3,1,2,2562,0,0,0,0,0,0,-1
Low, UVP_assignments_GNI_2_MC, Nigeria,0,17, HPV,3.14,0.3,1,2,2562,0,0,0,0,0,0,-1
Low, UVP_assignments_GNI_2_MC, Nigeria,0,18, HPV,3.07,0.3,1,2,2562,0,0,0,0,0,0,-1
Low, UVP_assignments_GNI_2_MC, Nigeria,0,19, HepB,0.33,0.3,1,2,2562,0,0,0,0,0,0,-1
Low, UVP_assignments_GNI_2_MC, Nigeria,0,20, HepB,0.41,0.3,1,2,2562,0,0,0,0,0,0,-1
Low, UVP_assignments_GNI_2_MC, Nigeria,0,21, HepB,0.16,0.3,1,2,2562,0,0,0,0,0,0,-1
Low, UVP_assignments_GNI_2_MC, Nigeria,0,22, HepB,0.17,0.3,1,2,2562,0,0,0,0,0,0,-1
Low, UVP_assignments_GNI_2_MC, Nigeria,0,23, Hib,1.47,0.3,1,2,2562,0,0,0,0,0,0,-1
Low, UVP_assignments_GNI_2_MC, Nigeria,0,24, IPV,1.42,0.3,1,2,2562,0,0,0,0,0,0,-1
Low, UVP_assignments_GNI_2_MC, Nigeria,0,25, IPV,1.67,0.3,1,2,2562,0,0,0,0,0,0,-1
Low, UVP_assignments_GNI_2_MC, Nigeria,0,26, IPV,2.11,0.3,1,2,2562,0,0,0,0,0,0,-1
Low, UVP_assignments_GNI_2_MC, Nigeria,0,27, IPV,1.19,0.3,1,2,2562,0,0,0,0,0,0,-1
Low, UVP_assignments_GNI_2_MC, Nigeria,0,28, IPV,1.59,0.3,1,2,2562,0,0,0,0,0,0,-1
Low, UVP_assignments_GNI_2_MC, Nigeria,0,29, IPV,1.91,0.3,1,2,2562,0,0,0,0,0,0,-1
Low, UVP_assignments_GNI_2_MC, Nigeria,0,30, MMR,0,0,1,2,2562,0,0,0,0,0,0,-1
Low, UVP_assignments_GNI_2_MC, Nigeria,0,31, MMR,3.05,0.3,1,2,2562,0,0,0,0,0,0,-1
Low, UVP_assignments_GNI_2_MC, Nigeria,0,32, MMR,2.01,0.3,1,2,2562,0,0,0,0,0,0,-1
Low, UVP_assignments_GNI_2_MC, Nigeria,0,33, MMR,1,0.3,1,2,2562,0,0,0,0,0,0,-1
Low, UVP_assignments_GNI_2_MC, Nigeria,0,34, OPV,0.12,0.3,1,2,2562,0,0,0,0,0,0,-1
Low, UVP_assignments_GNI_2_MC, Nigeria,0,35, OPV,0.06,0.3,1,2,2562,0,0,0,0,0,0,-1
Low, UVP_assignments_GNI_2_MC, Nigeria,0,36, OPV,0.09,0.3,1,2,2562,0,0,0,0,0,0,-1
Low, UVP_assignments_GNI_2_MC, Nigeria,0,37, OPV,0.1,0.3,1,2,2562,0,0,0,0,0,0,-1
Low, UVP_assignments_GNI_2_MC, Nigeria,0,38, OPV,0.08,0.3,1,2,2562,0,0,0,0,0,0,-1
Low, UVP_assignments_GNI_2_MC, Nigeria,0,39, OPV,0.09,0.3,1,2,2562,0,0,0,0,0,0,-1
Low, UVP_assignments_GNI_2_MC, Nigeria,0,40, OPV,0.13,0.3,1,2,2562,0,0,0,0,0,0,-1
Low, UVP_assignments_GNI_2_MC, Nigeria,0,41, OPV,0.1,0.3,1,2,2562,0,0,0,0,0,0,-1
Low, UVP_assignments_GNI_2_MC, Nigeria,0,42, OPV,0.12,0.3,1,2,2562,0,0,0,0,0,0,-1
Low, UVP_assignments_GNI_2_MC, Nigeria,0,43, PCV,1.98,0.3,1,2,2562,0,0,0,0,0,0,-1
Low, UVP_assignments_GNI_2_MC, Nigeria,0,44, PCV,2.08,0.3,1,2,2562,0,0,0,0,0,0,-1
Low, UVP_assignments_GNI_2_MC, Nigeria,0,45, PCV,2.08,0.3,1,2,2562,0,0,0,0,0,0,-1
Low, UVP_assignments_GNI_2_MC, Nigeria,0,46, PCV,2.35,0.3,1,2,2562,0,0,0,0,0,0,-1
Low, UVP_assignments_GNI_2_MC, Nigeria,0,47, PCV,2.25,0.3,1,2,2562,0,0,0,0,0,0,-1
Low, UVP_assignments_GNI_2_MC, Nigeria,0,48, PCV,1.98,0.3,1,2,2562,0,0,0,0,0,0,-1
Low, UVP_assignments_GNI_2_MC, Nigeria,0,49, Rota,0.58,0.3,1,2,2562,0,0,0,0,0,0,-1
Low, UVP_assignments_GNI_2_MC, Nigeria,0,50, Rota,0.65,0.3,1,2,2562,0,0,0,0,0,0,-1
Low, UVP_assignments_GNI_2_MC, Nigeria,0,51, Rota,1.6,0.3,1,2,2562,0,0,0,0,0,0,-1
Low, UVP_assignments_GNI_2_MC, Nigeria,0,52, Td,0.07,0.3,1,2,2562,0,0,0,0,0,0,-1
Low, UVP_assignments_GNI_2_MC, Nigeria,0,53, Td,0.07,0.3,1,2,2562,0,0,0,0,0,0,-1
Low, UVP_assignments_GNI_2_MC, Nigeria,0,54, Td,0,0,1,2,2562,0,0,0,0,0,0,-1
Low, UVP_assignments_GNI_2_MC, Nigeria,0,55, Td,0.1,0.3,1,2,2562,0,0,0,0,0,0,-1
Low, UVP_assignments_GNI_2_MC, Nigeria,0,56, Td,0.07,0.3,1,2,2562,0,0,0,0,0,0,-1
Low, UVP_assignments_GNI_2_MC, Nigeria,0,57, Td,0.06,0.27,1,2,2562,0,0,0,0,0,0,-1
Low, UVP_assignments_GNI_2_MC, Nigeria,0,58, Td,0.06,0.3,1,2,2562,0,0,0,0,0,0,-1
Low, UVP_assignments_GNI_2_MC, Nigeria,0,59, YF,0.87,0.3,1,2,2562,0,0,0,0,0,0,-1
Low, UVP_assignments_GNI_2_MC, Nigeria,0,60, YF,0.66,0.3,1,2,2562,0,0,0,0,0,0,-1
Low, UVP_assignments_GNI_2_MC, Nigeria,0,61, YF,0.98,0.3,1,2,2562,0,0,0,0,0,0,-1
Low, UVP_assignments_GNI_2_MC, Nigeria,0,62, YF,0.66,0.3,1,2,2562,0,0,0,0,0,0,-1
Low, UVP_assignments_GNI_2_MC, 'North Korea',0,1, BCG,0,0,2,2,1300,0,0,0,0,0,0,-1
Low, UVP_assignments_GNI_2_MC, 'North Korea',0,2, BCG,0.18,0.83,2,2,1300,0,0,0,0,0,0,-1
Low, UVP_assignments_GNI_2_MC, 'North Korea',0,3, BCG,0,0,2,2,1300,0,0,0,0,0,0,-1
Low, UVP_assignments_GNI_2_MC, 'North Korea',0,4, BCG,0.27,0.83,2,2,1300,0,0,0,0,0,0,-1
Low, UVP_assignments_GNI_2_MC, 'North Korea',0,5, DT,0.08,0.42,2,2,1300,0,0,0,0,0,0,-1
Low, UVP_assignments_GNI_2_MC, 'North Korea',0,6, DT,0.16,0.83,2,2,1300,0,0,0,0,0,0,-1
Low, UVP_assignments_GNI_2_MC, 'North Korea',0,7, DTP,0.16,0.83,2,2,1300,0,0,0,0,0,0,-1
Low, UVP_assignments_GNI_2_MC, 'North Korea',0,8, DTP,0.18,0.83,2,2,1300,0,0,0,0,0,0,-1
Low, UVP_assignments_GNI_2_MC, 'North Korea',0,9, DTP-HepB-Hib,0.75,0.83,2,2,1300,0,0,0,0,0,0,-1
Low, UVP_assignments_GNI_2_MC, 'North Korea',0,10, DTP-HepB-Hib,1.1,0.83,2,2,1300,0,0,0,0,0,0,-1
Low, UVP_assignments_GNI_2_MC, 'North Korea',0,11, DTP-HepB-Hib,1,0.83,2,2,1300,0,0,0,0,0,0,-1
Low, UVP_assignments_GNI_2_MC, 'North Korea',0,12, DTP-HepB-Hib,1.14,0.83,2,2,1300,0,0,0,0,0,0,-1
Low, UVP_assignments_GNI_2_MC, 'North Korea',0,13, DTP-HepB-Hib,1.1,0.83,2,2,1300,0,0,0,0,0,0,-1
Low, UVP_assignments_GNI_2_MC, 'North Korea',0,14, DTP-HepB-Hib,0.77,0.83,2,2,1300,0,0,0,0,0,0,-1
Low, UVP_assignments_GNI_2_MC, 'North Korea',0,15, DTP-HepB-Hib,0.72,0.83,2,2,1300,0,0,0,0,0,0,-1
Low, UVP_assignments_GNI_2_MC, 'North Korea',0,16, DTP-HepB-Hib,0.76,0.83,2,2,1300,0,0,0,0,0,0,-1
Low, UVP_assignments_GNI_2_MC, 'North Korea',0,17, HPV,4.4,0.83,2,2,1300,0,0,0,0,0,0,-1
Low, UVP_assignments_GNI_2_MC, 'North Korea',0,18, HPV,4.3,0.83,2,2,1300,0,0,0,0,0,0,-1
Low, UVP_assignments_GNI_2_MC, 'North Korea',0,19, HepB,0.47,0.83,2,2,1300,0,0,0,0,0,0,-1
Low, UVP_assignments_GNI_2_MC, 'North Korea',0,20, HepB,0.57,0.83,2,2,1300,0,0,0,0,0,0,-1
Low, UVP_assignments_GNI_2_MC, 'North Korea',0,21, HepB,0.23,0.83,2,2,1300,0,0,0,0,0,0,-1
Low, UVP_assignments_GNI_2_MC, 'North Korea',0,22, HepB,0.24,0.83,2,2,1300,0,0,0,0,0,0,-1
Low, UVP_assignments_GNI_2_MC, 'North Korea',0,23, Hib,2.05,0.83,2,2,1300,0,0,0,0,0,0,-1
Low, UVP_assignments_GNI_2_MC, 'North Korea',0,24, IPV,0,0,2,2,1300,0,0,0,0,0,0,-1
Low, UVP_assignments_GNI_2_MC, 'North Korea',0,25, IPV,2.34,0.83,2,2,1300,0,0,0,0,0,0,-1
Low, UVP_assignments_GNI_2_MC, 'North Korea',0,26, IPV,2.96,0.83,2,2,1300,0,0,0,0,0,0,-1
Low, UVP_assignments_GNI_2_MC, 'North Korea',0,27, IPV,1.67,0.83,2,2,1300,0,0,0,0,0,0,-1
Low, UVP_assignments_GNI_2_MC, 'North Korea',0,28, IPV,0,0,2,2,1300,0,0,0,0,0,0,-1
Low, UVP_assignments_GNI_2_MC, 'North Korea',0,29, IPV,2.68,0.83,2,2,1300,0,0,0,0,0,0,-1
Low, UVP_assignments_GNI_2_MC, 'North Korea',0,30, MMR,1.15,0.7,2,2,1300,0,0,0,0,0,0,-1
Low, UVP_assignments_GNI_2_MC, 'North Korea',0,31, MMR,4.27,0.83,2,2,1300,0,0,0,0,0,0,-1
Low, UVP_assignments_GNI_2_MC, 'North Korea',0,32, MMR,2.82,0.83,2,2,1300,0,0,0,0,0,0,-1
Low, UVP_assignments_GNI_2_MC, 'North Korea',0,33, MMR,1.4,0.83,2,2,1300,0,0,0,0,0,0,-1
Low, UVP_assignments_GNI_2_MC, 'North Korea',0,34, OPV,0.17,0.83,2,2,1300,0,0,0,0,0,0,-1
Low, UVP_assignments_GNI_2_MC, 'North Korea',0,35, OPV,0.09,0.83,2,2,1300,0,0,0,0,0,0,-1
Low, UVP_assignments_GNI_2_MC, 'North Korea',0,36, OPV,0.12,0.83,2,2,1300,0,0,0,0,0,0,-1
Low, UVP_assignments_GNI_2_MC, 'North Korea',0,37, OPV,0.13,0.83,2,2,1300,0,0,0,0,0,0,-1
Low, UVP_assignments_GNI_2_MC, 'North Korea',0,38, OPV,0.11,0.83,2,2,1300,0,0,0,0,0,0,-1
Low, UVP_assignments_GNI_2_MC, 'North Korea',0,39, OPV,0.12,0.83,2,2,1300,0,0,0,0,0,0,-1
Low, UVP_assignments_GNI_2_MC, 'North Korea',0,40, OPV,0.18,0.83,2,2,1300,0,0,0,0,0,0,-1
Low, UVP_assignments_GNI_2_MC, 'North Korea',0,41, OPV,0.13,0.83,2,2,1300,0,0,0,0,0,0,-1
Low, UVP_assignments_GNI_2_MC, 'North Korea',0,42, OPV,0.16,0.83,2,2,1300,0,0,0,0,0,0,-1
Low, UVP_assignments_GNI_2_MC, 'North Korea',0,43, PCV,2.77,0.83,2,2,1300,0,0,0,0,0,0,-1
Low, UVP_assignments_GNI_2_MC, 'North Korea',0,44, PCV,2.91,0.83,2,2,1300,0,0,0,0,0,0,-1
Low, UVP_assignments_GNI_2_MC, 'North Korea',0,45, PCV,2.91,0.83,2,2,1300,0,0,0,0,0,0,-1
Low, UVP_assignments_GNI_2_MC, 'North Korea',0,46, PCV,3.3,0.83,2,2,1300,0,0,0,0,0,0,-1
Low, UVP_assignments_GNI_2_MC, 'North Korea',0,47, PCV,3.15,0.83,2,2,1300,0,0,0,0,0,0,-1
Low, UVP_assignments_GNI_2_MC, 'North Korea',0,48, PCV,2.77,0.83,2,2,1300,0,0,0,0,0,0,-1
Low, UVP_assignments_GNI_2_MC, 'North Korea',0,49, Rota,0.81,0.83,2,2,1300,0,0,0,0,0,0,-1
Low, UVP_assignments_GNI_2_MC, 'North Korea',0,50, Rota,0.91,0.83,2,2,1300,0,0,0,0,0,0,-1
Low, UVP_assignments_GNI_2_MC, 'North Korea',0,51, Rota,2.25,0.83,2,2,1300,0,0,0,0,0,0,-1
Low, UVP_assignments_GNI_2_MC, 'North Korea',0,52, Td,0.11,0.83,2,2,1300,0,0,0,0,0,0,-1
Low, UVP_assignments_GNI_2_MC, 'North Korea',0,53, Td,0.11,0.83,2,2,1300,0,0,0,0,0,0,-1
Low, UVP_assignments_GNI_2_MC, 'North Korea',0,54, Td,0,0,2,2,1300,0,0,0,0,0,0,-1
Low, UVP_assignments_GNI_2_MC, 'North Korea',0,55, Td,0.1,0.64,2,2,1300,0,0,0,0,0,0,-1
Low, UVP_assignments_GNI_2_MC, 'North Korea',0,56, Td,0.1,0.83,2,2,1300,0,0,0,0,0,0,-1
Low, UVP_assignments_GNI_2_MC, 'North Korea',0,57, Td,0.05,0.39,2,2,1300,0,0,0,0,0,0,-1
Low, UVP_assignments_GNI_2_MC, 'North Korea',0,58, Td,0.09,0.83,2,2,1300,0,0,0,0,0,0,-1
Low, UVP_assignments_GNI_2_MC, 'North Korea',0,59, YF,1.22,0.83,2,2,1300,0,0,0,0,0,0,-1
Low, UVP_assignments_GNI_2_MC, 'North Korea',0,60, YF,0.93,0.83,2,2,1300,0,0,0,0,0,0,-1
Low, UVP_assignments_GNI_2_MC, 'North Korea',0,61, YF,1.38,0.83,2,2,1300,0,0,0,0,0,0,-1
Low, UVP_assignments_GNI_2_MC, 'North Korea',0,62, YF,0.93,0.83,2,2,1300,0,0,0,0,0,0,-1
Low, UVP_assignments_GNI_2_MC, Pakistan,0,1, BCG,0,0,2,2,1222,0,0,0,0,0,0,-1
Low, UVP_assignments_GNI_2_MC, Pakistan,0,2, BCG,0.17,0.82,2,2,1222,0,0,0,0,0,0,-1
Low, UVP_assignments_GNI_2_MC, Pakistan,0,3, BCG,0,0,2,2,1222,0,0,0,0,0,0,-1
Low, UVP_assignments_GNI_2_MC, Pakistan,0,4, BCG,0.25,0.82,2,2,1222,0,0,0,0,0,0,-1
Low, UVP_assignments_GNI_2_MC, Pakistan,0,5, DT,0.07,0.39,2,2,1222,0,0,0,0,0,0,-1
Low, UVP_assignments_GNI_2_MC, Pakistan,0,6, DT,0.15,0.82,2,2,1222,0,0,0,0,0,0,-1
Low, UVP_assignments_GNI_2_MC, Pakistan,0,7, DTP,0.15,0.82,2,2,1222,0,0,0,0,0,0,-1
Low, UVP_assignments_GNI_2_MC, Pakistan,0,8, DTP,0.17,0.82,2,2,1222,0,0,0,0,0,0,-1
Low, UVP_assignments_GNI_2_MC, Pakistan,0,9, DTP-HepB-Hib,0.69,0.82,2,2,1222,0,0,0,0,0,0,-1
Low, UVP_assignments_GNI_2_MC, Pakistan,0,10, DTP-HepB-Hib,1.02,0.82,2,2,1222,0,0,0,0,0,0,-1
Low, UVP_assignments_GNI_2_MC, Pakistan,0,11, DTP-HepB-Hib,0.93,0.82,2,2,1222,0,0,0,0,0,0,-1
Low, UVP_assignments_GNI_2_MC, Pakistan,0,12, DTP-HepB-Hib,1.05,0.82,2,2,1222,0,0,0,0,0,0,-1
Low, UVP_assignments_GNI_2_MC, Pakistan,0,13, DTP-HepB-Hib,1.02,0.82,2,2,1222,0,0,0,0,0,0,-1
Low, UVP_assignments_GNI_2_MC, Pakistan,0,14, DTP-HepB-Hib,0.72,0.82,2,2,1222,0,0,0,0,0,0,-1
Low, UVP_assignments_GNI_2_MC, Pakistan,0,15, DTP-HepB-Hib,0.66,0.82,2,2,1222,0,0,0,0,0,0,-1
Low, UVP_assignments_GNI_2_MC, Pakistan,0,16, DTP-HepB-Hib,0.71,0.82,2,2,1222,0,0,0,0,0,0,-1
Low, UVP_assignments_GNI_2_MC, Pakistan,0,17, HPV,4.08,0.82,2,2,1222,0,0,0,0,0,0,-1
Low, UVP_assignments_GNI_2_MC, Pakistan,0,18, HPV,3.99,0.82,2,2,1222,0,0,0,0,0,0,-1
Low, UVP_assignments_GNI_2_MC, Pakistan,0,19, HepB,0.43,0.82,2,2,1222,0,0,0,0,0,0,-1
Low, UVP_assignments_GNI_2_MC, Pakistan,0,20, HepB,0.53,0.82,2,2,1222,0,0,0,0,0,0,-1
Low, UVP_assignments_GNI_2_MC, Pakistan,0,21, HepB,0.21,0.82,2,2,1222,0,0,0,0,0,0,-1
Low, UVP_assignments_GNI_2_MC, Pakistan,0,22, HepB,0.22,0.82,2,2,1222,0,0,0,0,0,0,-1
Low, UVP_assignments_GNI_2_MC, Pakistan,0,23, Hib,1.91,0.82,2,2,1222,0,0,0,0,0,0,-1
Low, UVP_assignments_GNI_2_MC, Pakistan,0,24, IPV,0,0,2,2,1222,0,0,0,0,0,0,-1
Low, UVP_assignments_GNI_2_MC, Pakistan,0,25, IPV,2.17,0.82,2,2,1222,0,0,0,0,0,0,-1
Low, UVP_assignments_GNI_2_MC, Pakistan,0,26, IPV,2.75,0.82,2,2,1222,0,0,0,0,0,0,-1
Low, UVP_assignments_GNI_2_MC, Pakistan,0,27, IPV,1.55,0.82,2,2,1222,0,0,0,0,0,0,-1
Low, UVP_assignments_GNI_2_MC, Pakistan,0,28, IPV,0,0,2,2,1222,0,0,0,0,0,0,-1
Low, UVP_assignments_GNI_2_MC, Pakistan,0,29, IPV,2.48,0.82,2,2,1222,0,0,0,0,0,0,-1
Low, UVP_assignments_GNI_2_MC, Pakistan,0,30, MMR,1.05,0.69,2,2,1222,0,0,0,0,0,0,-1
Low, UVP_assignments_GNI_2_MC, Pakistan,0,31, MMR,3.96,0.82,2,2,1222,0,0,0,0,0,0,-1
Low, UVP_assignments_GNI_2_MC, Pakistan,0,32, MMR,2.61,0.82,2,2,1222,0,0,0,0,0,0,-1
Low, UVP_assignments_GNI_2_MC, Pakistan,0,33, MMR,1.3,0.82,2,2,1222,0,0,0,0,0,0,-1
Low, UVP_assignments_GNI_2_MC, Pakistan,0,34, OPV,0.16,0.82,2,2,1222,0,0,0,0,0,0,-1
Low, UVP_assignments_GNI_2_MC, Pakistan,0,35, OPV,0.08,0.82,2,2,1222,0,0,0,0,0,0,-1
Low, UVP_assignments_GNI_2_MC, Pakistan,0,36, OPV,0.12,0.82,2,2,1222,0,0,0,0,0,0,-1
Low, UVP_assignments_GNI_2_MC, Pakistan,0,37, OPV,0.12,0.82,2,2,1222,0,0,0,0,0,0,-1
Low, UVP_assignments_GNI_2_MC, Pakistan,0,38, OPV,0.11,0.82,2,2,1222,0,0,0,0,0,0,-1
Low, UVP_assignments_GNI_2_MC, Pakistan,0,39, OPV,0.12,0.82,2,2,1222,0,0,0,0,0,0,-1
Low, UVP_assignments_GNI_2_MC, Pakistan,0,40, OPV,0.17,0.82,2,2,1222,0,0,0,0,0,0,-1
Low, UVP_assignments_GNI_2_MC, Pakistan,0,41, OPV,0.12,0.82,2,2,1222,0,0,0,0,0,0,-1
Low, UVP_assignments_GNI_2_MC, Pakistan,0,42, OPV,0.15,0.82,2,2,1222,0,0,0,0,0,0,-1
Low, UVP_assignments_GNI_2_MC, Pakistan,0,43, PCV,2.57,0.82,2,2,1222,0,0,0,0,0,0,-1
Low, UVP_assignments_GNI_2_MC, Pakistan,0,44, PCV,2.7,0.82,2,2,1222,0,0,0,0,0,0,-1
Low, UVP_assignments_GNI_2_MC, Pakistan,0,45, PCV,2.7,0.82,2,2,1222,0,0,0,0,0,0,-1
Low, UVP_assignments_GNI_2_MC, Pakistan,0,46, PCV,3.06,0.82,2,2,1222,0,0,0,0,0,0,-1
Low, UVP_assignments_GNI_2_MC, Pakistan,0,47, PCV,2.93,0.82,2,2,1222,0,0,0,0,0,0,-1
Low, UVP_assignments_GNI_2_MC, Pakistan,0,48, PCV,2.57,0.82,2,2,1222,0,0,0,0,0,0,-1
Low, UVP_assignments_GNI_2_MC, Pakistan,0,49, Rota,0.75,0.82,2,2,1222,0,0,0,0,0,0,-1
Low, UVP_assignments_GNI_2_MC, Pakistan,0,50, Rota,0.84,0.82,2,2,1222,0,0,0,0,0,0,-1
Low, UVP_assignments_GNI_2_MC, Pakistan,0,51, Rota,2.08,0.82,2,2,1222,0,0,0,0,0,0,-1
Low, UVP_assignments_GNI_2_MC, Pakistan,0,52, Td,0.1,0.82,2,2,1222,0,0,0,0,0,0,-1
Low, UVP_assignments_GNI_2_MC, Pakistan,0,53, Td,0.1,0.82,2,2,1222,0,0,0,0,0,0,-1
Low, UVP_assignments_GNI_2_MC, Pakistan,0,54, Td,0,0,2,2,1222,0,0,0,0,0,0,-1
Low, UVP_assignments_GNI_2_MC, Pakistan,0,55, Td,0.09,0.61,2,2,1222,0,0,0,0,0,0,-1
Low, UVP_assignments_GNI_2_MC, Pakistan,0,56, Td,0.09,0.82,2,2,1222,0,0,0,0,0,0,-1
Low, UVP_assignments_GNI_2_MC, Pakistan,0,57, Td,0.04,0.35,2,2,1222,0,0,0,0,0,0,-1
Low, UVP_assignments_GNI_2_MC, Pakistan,0,58, Td,0.08,0.82,2,2,1222,0,0,0,0,0,0,-1
Low, UVP_assignments_GNI_2_MC, Pakistan,0,59, YF,1.13,0.82,2,2,1222,0,0,0,0,0,0,-1
Low, UVP_assignments_GNI_2_MC, Pakistan,0,60, YF,0.86,0.82,2,2,1222,0,0,0,0,0,0,-1
Low, UVP_assignments_GNI_2_MC, Pakistan,0,61, YF,1.28,0.82,2,2,1222,0,0,0,0,0,0,-1
Low, UVP_assignments_GNI_2_MC, Pakistan,0,62, YF,0.86,0.82,2,2,1222,0,0,0,0,0,0,-1
Low, UVP_assignments_GNI_2_MC, 'Papua New Guinea',0,1, BCG,0,0,1,2,3094,0,0,0,0,0,0,-1
Low, UVP_assignments_GNI_2_MC, 'Papua New Guinea',0,2, BCG,0.22,0.42,1,2,3094,0,0,0,0,0,0,-1
Low, UVP_assignments_GNI_2_MC, 'Papua New Guinea',0,3, BCG,0,0,1,2,3094,0,0,0,0,0,0,-1
Low, UVP_assignments_GNI_2_MC, 'Papua New Guinea',0,4, BCG,0.32,0.42,1,2,3094,0,0,0,0,0,0,-1
Low, UVP_assignments_GNI_2_MC, 'Papua New Guinea',0,5, DT,0,0,1,2,3094,0,0,0,0,0,0,-1
Low, UVP_assignments_GNI_2_MC, 'Papua New Guinea',0,6, DT,0.2,0.42,1,2,3094,0,0,0,0,0,0,-1
Low, UVP_assignments_GNI_2_MC, 'Papua New Guinea',0,7, DTP,0.2,0.42,1,2,3094,0,0,0,0,0,0,-1
Low, UVP_assignments_GNI_2_MC, 'Papua New Guinea',0,8, DTP,0.22,0.42,1,2,3094,0,0,0,0,0,0,-1
Low, UVP_assignments_GNI_2_MC, 'Papua New Guinea',0,9, DTP-HepB-Hib,0.9,0.42,1,2,3094,0,0,0,0,0,0,-1
Low, UVP_assignments_GNI_2_MC, 'Papua New Guinea',0,10, DTP-HepB-Hib,1.33,0.42,1,2,3094,0,0,0,0,0,0,-1
Low, UVP_assignments_GNI_2_MC, 'Papua New Guinea',0,11, DTP-HepB-Hib,1.21,0.42,1,2,3094,0,0,0,0,0,0,-1
Low, UVP_assignments_GNI_2_MC, 'Papua New Guinea',0,12, DTP-HepB-Hib,1.37,0.42,1,2,3094,0,0,0,0,0,0,-1
Low, UVP_assignments_GNI_2_MC, 'Papua New Guinea',0,13, DTP-HepB-Hib,1.33,0.42,1,2,3094,0,0,0,0,0,0,-1
Low, UVP_assignments_GNI_2_MC, 'Papua New Guinea',0,14, DTP-HepB-Hib,0.93,0.42,1,2,3094,0,0,0,0,0,0,-1
Low, UVP_assignments_GNI_2_MC, 'Papua New Guinea',0,15, DTP-HepB-Hib,0.87,0.42,1,2,3094,0,0,0,0,0,0,-1
Low, UVP_assignments_GNI_2_MC, 'Papua New Guinea',0,16, DTP-HepB-Hib,0.92,0.42,1,2,3094,0,0,0,0,0,0,-1
Low, UVP_assignments_GNI_2_MC, 'Papua New Guinea',0,17, HPV,5.31,0.42,1,2,3094,0,0,0,0,0,0,-1
Low, UVP_assignments_GNI_2_MC, 'Papua New Guinea',0,18, HPV,5.19,0.42,1,2,3094,0,0,0,0,0,0,-1
Low, UVP_assignments_GNI_2_MC, 'Papua New Guinea',0,19, HepB,0.57,0.42,1,2,3094,0,0,0,0,0,0,-1
Low, UVP_assignments_GNI_2_MC, 'Papua New Guinea',0,20, HepB,0.69,0.42,1,2,3094,0,0,0,0,0,0,-1
Low, UVP_assignments_GNI_2_MC, 'Papua New Guinea',0,21, HepB,0.28,0.42,1,2,3094,0,0,0,0,0,0,-1
Low, UVP_assignments_GNI_2_MC, 'Papua New Guinea',0,22, HepB,0.29,0.42,1,2,3094,0,0,0,0,0,0,-1
Low, UVP_assignments_GNI_2_MC, 'Papua New Guinea',0,23, Hib,2.48,0.42,1,2,3094,0,0,0,0,0,0,-1
Low, UVP_assignments_GNI_2_MC, 'Papua New Guinea',0,24, IPV,2.41,0.42,1,2,3094,0,0,0,0,0,0,-1
Low, UVP_assignments_GNI_2_MC, 'Papua New Guinea',0,25, IPV,2.83,0.42,1,2,3094,0,0,0,0,0,0,-1
Low, UVP_assignments_GNI_2_MC, 'Papua New Guinea',0,26, IPV,3.58,0.42,1,2,3094,0,0,0,0,0,0,-1
Low, UVP_assignments_GNI_2_MC, 'Papua New Guinea',0,27, IPV,2.02,0.42,1,2,3094,0,0,0,0,0,0,-1
Low, UVP_assignments_GNI_2_MC, 'Papua New Guinea',0,28, IPV,2.69,0.42,1,2,3094,0,0,0,0,0,0,-1
Low, UVP_assignments_GNI_2_MC, 'Papua New Guinea',0,29, IPV,3.23,0.42,1,2,3094,0,0,0,0,0,0,-1
Low, UVP_assignments_GNI_2_MC, 'Papua New Guinea',0,30, MMR,0,0,1,2,3094,0,0,0,0,0,0,-1
Low, UVP_assignments_GNI_2_MC, 'Papua New Guinea',0,31, MMR,5.16,0.42,1,2,3094,0,0,0,0,0,0,-1
Low, UVP_assignments_GNI_2_MC, 'Papua New Guinea',0,32, MMR,3.4,0.42,1,2,3094,0,0,0,0,0,0,-1
Low, UVP_assignments_GNI_2_MC, 'Papua New Guinea',0,33, MMR,1.7,0.42,1,2,3094,0,0,0,0,0,0,-1
Low, UVP_assignments_GNI_2_MC, 'Papua New Guinea',0,34, OPV,0.21,0.42,1,2,3094,0,0,0,0,0,0,-1
Low, UVP_assignments_GNI_2_MC, 'Papua New Guinea',0,35, OPV,0.1,0.42,1,2,3094,0,0,0,0,0,0,-1
Low, UVP_assignments_GNI_2_MC, 'Papua New Guinea',0,36, OPV,0.15,0.42,1,2,3094,0,0,0,0,0,0,-1
Low, UVP_assignments_GNI_2_MC, 'Papua New Guinea',0,37, OPV,0.16,0.42,1,2,3094,0,0,0,0,0,0,-1
Low, UVP_assignments_GNI_2_MC, 'Papua New Guinea',0,38, OPV,0.14,0.42,1,2,3094,0,0,0,0,0,0,-1
Low, UVP_assignments_GNI_2_MC, 'Papua New Guinea',0,39, OPV,0.15,0.42,1,2,3094,0,0,0,0,0,0,-1
Low, UVP_assignments_GNI_2_MC, 'Papua New Guinea',0,40, OPV,0.22,0.42,1,2,3094,0,0,0,0,0,0,-1
Low, UVP_assignments_GNI_2_MC, 'Papua New Guinea',0,41, OPV,0.16,0.42,1,2,3094,0,0,0,0,0,0,-1
Low, UVP_assignments_GNI_2_MC, 'Papua New Guinea',0,42, OPV,0.2,0.42,1,2,3094,0,0,0,0,0,0,-1
Low, UVP_assignments_GNI_2_MC, 'Papua New Guinea',0,43, PCV,3.35,0.42,1,2,3094,0,0,0,0,0,0,-1
Low, UVP_assignments_GNI_2_MC, 'Papua New Guinea',0,44, PCV,3.52,0.42,1,2,3094,0,0,0,0,0,0,-1
Low, UVP_assignments_GNI_2_MC, 'Papua New Guinea',0,45, PCV,3.52,0.42,1,2,3094,0,0,0,0,0,0,-1
Low, UVP_assignments_GNI_2_MC, 'Papua New Guinea',0,46, PCV,3.98,0.42,1,2,3094,0,0,0,0,0,0,-1
Low, UVP_assignments_GNI_2_MC, 'Papua New Guinea',0,47, PCV,3.81,0.42,1,2,3094,0,0,0,0,0,0,-1
Low, UVP_assignments_GNI_2_MC, 'Papua New Guinea',0,48, PCV,3.35,0.42,1,2,3094,0,0,0,0,0,0,-1
Low, UVP_assignments_GNI_2_MC, 'Papua New Guinea',0,49, Rota,0.98,0.42,1,2,3094,0,0,0,0,0,0,-1
Low, UVP_assignments_GNI_2_MC, 'Papua New Guinea',0,50, Rota,1.1,0.42,1,2,3094,0,0,0,0,0,0,-1
Low, UVP_assignments_GNI_2_MC, 'Papua New Guinea',0,51, Rota,2.71,0.42,1,2,3094,0,0,0,0,0,0,-1
Low, UVP_assignments_GNI_2_MC, 'Papua New Guinea',0,52, Td,0.13,0.42,1,2,3094,0,0,0,0,0,0,-1
Low, UVP_assignments_GNI_2_MC, 'Papua New Guinea',0,53, Td,0.13,0.42,1,2,3094,0,0,0,0,0,0,-1
Low, UVP_assignments_GNI_2_MC, 'Papua New Guinea',0,54, Td,0,0,1,2,3094,0,0,0,0,0,0,-1
Low, UVP_assignments_GNI_2_MC, 'Papua New Guinea',0,55, Td,0.16,0.42,1,2,3094,0,0,0,0,0,0,-1
Low, UVP_assignments_GNI_2_MC, 'Papua New Guinea',0,56, Td,0.12,0.42,1,2,3094,0,0,0,0,0,0,-1
Low, UVP_assignments_GNI_2_MC, 'Papua New Guinea',0,57, Td,0.11,0.4,1,2,3094,0,0,0,0,0,0,-1
Low, UVP_assignments_GNI_2_MC, 'Papua New Guinea',0,58, Td,0.1,0.42,1,2,3094,0,0,0,0,0,0,-1
Low, UVP_assignments_GNI_2_MC, 'Papua New Guinea',0,59, YF,1.48,0.42,1,2,3094,0,0,0,0,0,0,-1
Low, UVP_assignments_GNI_2_MC, 'Papua New Guinea',0,60, YF,1.12,0.42,1,2,3094,0,0,0,0,0,0,-1
Low, UVP_assignments_GNI_2_MC, 'Papua New Guinea',0,61, YF,1.66,0.42,1,2,3094,0,0,0,0,0,0,-1
Low, UVP_assignments_GNI_2_MC, 'Papua New Guinea',0,62, YF,1.12,0.42,1,2,3094,0,0,0,0,0,0,-1
Low, UVP_assignments_GNI_2_MC, Rwanda,0,1, BCG,0,0,2,2,833,0,0,0,0,0,0,-1
Low, UVP_assignments_GNI_2_MC, Rwanda,0,2, BCG,0.1,0.73,2,2,833,0,0,0,0,0,0,-1
Low, UVP_assignments_GNI_2_MC, Rwanda,0,3, BCG,0,0,2,2,833,0,0,0,0,0,0,-1
Low, UVP_assignments_GNI_2_MC, Rwanda,0,4, BCG,0.15,0.73,2,2,833,0,0,0,0,0,0,-1
Low, UVP_assignments_GNI_2_MC, Rwanda,0,5, DT,0.01,0.1,2,2,833,0,0,0,0,0,0,-1
Low, UVP_assignments_GNI_2_MC, Rwanda,0,6, DT,0.09,0.73,2,2,833,0,0,0,0,0,0,-1
Low, UVP_assignments_GNI_2_MC, Rwanda,0,7, DTP,0.09,0.73,2,2,833,0,0,0,0,0,0,-1
Low, UVP_assignments_GNI_2_MC, Rwanda,0,8, DTP,0.1,0.73,2,2,833,0,0,0,0,0,0,-1
Low, UVP_assignments_GNI_2_MC, Rwanda,0,9, DTP-HepB-Hib,0.42,0.73,2,2,833,0,0,0,0,0,0,-1
Low, UVP_assignments_GNI_2_MC, Rwanda,0,10, DTP-HepB-Hib,0.62,0.73,2,2,833,0,0,0,0,0,0,-1
Low, UVP_assignments_GNI_2_MC, Rwanda,0,11, DTP-HepB-Hib,0.57,0.73,2,2,833,0,0,0,0,0,0,-1
Low, UVP_assignments_GNI_2_MC, Rwanda,0,12, DTP-HepB-Hib,0.64,0.73,2,2,833,0,0,0,0,0,0,-1
Low, UVP_assignments_GNI_2_MC, Rwanda,0,13, DTP-HepB-Hib,0.62,0.73,2,2,833,0,0,0,0,0,0,-1
Low, UVP_assignments_GNI_2_MC, Rwanda,0,14, DTP-HepB-Hib,0.44,0.73,2,2,833,0,0,0,0,0,0,-1
Low, UVP_assignments_GNI_2_MC, Rwanda,0,15, DTP-HepB-Hib,0.41,0.73,2,2,833,0,0,0,0,0,0,-1
Low, UVP_assignments_GNI_2_MC, Rwanda,0,16, DTP-HepB-Hib,0.43,0.73,2,2,833,0,0,0,0,0,0,-1
Low, UVP_assignments_GNI_2_MC, Rwanda,0,17, HPV,2.49,0.73,2,2,833,0,0,0,0,0,0,-1
Low, UVP_assignments_GNI_2_MC, Rwanda,0,18, HPV,2.43,0.73,2,2,833,0,0,0,0,0,0,-1
Low, UVP_assignments_GNI_2_MC, Rwanda,0,19, HepB,0.26,0.73,2,2,833,0,0,0,0,0,0,-1
Low, UVP_assignments_GNI_2_MC, Rwanda,0,20, HepB,0.32,0.73,2,2,833,0,0,0,0,0,0,-1
Low, UVP_assignments_GNI_2_MC, Rwanda,0,21, HepB,0.13,0.73,2,2,833,0,0,0,0,0,0,-1
Low, UVP_assignments_GNI_2_MC, Rwanda,0,22, HepB,0.14,0.73,2,2,833,0,0,0,0,0,0,-1
Low, UVP_assignments_GNI_2_MC, Rwanda,0,23, Hib,1.16,0.73,2,2,833,0,0,0,0,0,0,-1
Low, UVP_assignments_GNI_2_MC, Rwanda,0,24, IPV,0,0,2,2,833,0,0,0,0,0,0,-1
Low, UVP_assignments_GNI_2_MC, Rwanda,0,25, IPV,1.32,0.73,2,2,833,0,0,0,0,0,0,-1
Low, UVP_assignments_GNI_2_MC, Rwanda,0,26, IPV,1.67,0.73,2,2,833,0,0,0,0,0,0,-1
Low, UVP_assignments_GNI_2_MC, Rwanda,0,27, IPV,0.95,0.73,2,2,833,0,0,0,0,0,0,-1
Low, UVP_assignments_GNI_2_MC, Rwanda,0,28, IPV,0,0,2,2,833,0,0,0,0,0,0,-1
Low, UVP_assignments_GNI_2_MC, Rwanda,0,29, IPV,1.51,0.73,2,2,833,0,0,0,0,0,0,-1
Low, UVP_assignments_GNI_2_MC, Rwanda,0,30, MMR,0.56,0.54,2,2,833,0,0,0,0,0,0,-1
Low, UVP_assignments_GNI_2_MC, Rwanda,0,31, MMR,2.42,0.73,2,2,833,0,0,0,0,0,0,-1
Low, UVP_assignments_GNI_2_MC, Rwanda,0,32, MMR,1.59,0.73,2,2,833,0,0,0,0,0,0,-1
Low, UVP_assignments_GNI_2_MC, Rwanda,0,33, MMR,0.79,0.73,2,2,833,0,0,0,0,0,0,-1
Low, UVP_assignments_GNI_2_MC, Rwanda,0,34, OPV,0.1,0.73,2,2,833,0,0,0,0,0,0,-1
Low, UVP_assignments_GNI_2_MC, Rwanda,0,35, OPV,0.05,0.73,2,2,833,0,0,0,0,0,0,-1
Low, UVP_assignments_GNI_2_MC, Rwanda,0,36, OPV,0.07,0.73,2,2,833,0,0,0,0,0,0,-1
Low, UVP_assignments_GNI_2_MC, Rwanda,0,37, OPV,0.08,0.73,2,2,833,0,0,0,0,0,0,-1
Low, UVP_assignments_GNI_2_MC, Rwanda,0,38, OPV,0.06,0.73,2,2,833,0,0,0,0,0,0,-1
Low, UVP_assignments_GNI_2_MC, Rwanda,0,39, OPV,0.07,0.73,2,2,833,0,0,0,0,0,0,-1
Low, UVP_assignments_GNI_2_MC, Rwanda,0,40, OPV,0.1,0.73,2,2,833,0,0,0,0,0,0,-1
Low, UVP_assignments_GNI_2_MC, Rwanda,0,41, OPV,0.08,0.73,2,2,833,0,0,0,0,0,0,-1
Low, UVP_assignments_GNI_2_MC, Rwanda,0,42, OPV,0.09,0.73,2,2,833,0,0,0,0,0,0,-1
Low, UVP_assignments_GNI_2_MC, Rwanda,0,43, PCV,1.57,0.73,2,2,833,0,0,0,0,0,0,-1
Low, UVP_assignments_GNI_2_MC, Rwanda,0,44, PCV,1.65,0.73,2,2,833,0,0,0,0,0,0,-1
Low, UVP_assignments_GNI_2_MC, Rwanda,0,45, PCV,1.65,0.73,2,2,833,0,0,0,0,0,0,-1
Low, UVP_assignments_GNI_2_MC, Rwanda,0,46, PCV,1.86,0.73,2,2,833,0,0,0,0,0,0,-1
Low, UVP_assignments_GNI_2_MC, Rwanda,0,47, PCV,1.78,0.73,2,2,833,0,0,0,0,0,0,-1
Low, UVP_assignments_GNI_2_MC, Rwanda,0,48, PCV,1.57,0.73,2,2,833,0,0,0,0,0,0,-1
Low, UVP_assignments_GNI_2_MC, Rwanda,0,49, Rota,0.46,0.73,2,2,833,0,0,0,0,0,0,-1
Low, UVP_assignments_GNI_2_MC, Rwanda,0,50, Rota,0.51,0.73,2,2,833,0,0,0,0,0,0,-1
Low, UVP_assignments_GNI_2_MC, Rwanda,0,51, Rota,1.27,0.73,2,2,833,0,0,0,0,0,0,-1
Low, UVP_assignments_GNI_2_MC, Rwanda,0,52, Td,0.06,0.73,2,2,833,0,0,0,0,0,0,-1
Low, UVP_assignments_GNI_2_MC, Rwanda,0,53, Td,0.06,0.73,2,2,833,0,0,0,0,0,0,-1
Low, UVP_assignments_GNI_2_MC, Rwanda,0,54, Td,0,0,2,2,833,0,0,0,0,0,0,-1
Low, UVP_assignments_GNI_2_MC, Rwanda,0,55, Td,0.04,0.43,2,2,833,0,0,0,0,0,0,-1
Low, UVP_assignments_GNI_2_MC, Rwanda,0,56, Td,0.05,0.73,2,2,833,0,0,0,0,0,0,-1
Low, UVP_assignments_GNI_2_MC, Rwanda,0,57, Td,0,0.05,2,2,833,0,0,0,0,0,0,-1
Low, UVP_assignments_GNI_2_MC, Rwanda,0,58, Td,0.05,0.73,2,2,833,0,0,0,0,0,0,-1
Low, UVP_assignments_GNI_2_MC, Rwanda,0,59, YF,0.69,0.73,2,2,833,0,0,0,0,0,0,-1
Low, UVP_assignments_GNI_2_MC, Rwanda,0,60, YF,0.52,0.73,2,2,833,0,0,0,0,0,0,-1
Low, UVP_assignments_GNI_2_MC, Rwanda,0,61, YF,0.78,0.73,2,2,833,0,0,0,0,0,0,-1
Low, UVP_assignments_GNI_2_MC, Rwanda,0,62, YF,0.52,0.73,2,2,833,0,0,0,0,0,0,-1
Low, UVP_assignments_GNI_2_MC, Senegal,0,1, BCG,0,0,2,2,1699,0,0,0,0,0,0,-1
Low, UVP_assignments_GNI_2_MC, Senegal,0,2, BCG,0.25,0.87,2,2,1699,0,0,0,0,0,0,-1
Low, UVP_assignments_GNI_2_MC, Senegal,0,3, BCG,0,0,2,2,1699,0,0,0,0,0,0,-1
Low, UVP_assignments_GNI_2_MC, Senegal,0,4, BCG,0.37,0.87,2,2,1699,0,0,0,0,0,0,-1
Low, UVP_assignments_GNI_2_MC, Senegal,0,5, DT,0.14,0.56,2,2,1699,0,0,0,0,0,0,-1
Low, UVP_assignments_GNI_2_MC, Senegal,0,6, DT,0.22,0.87,2,2,1699,0,0,0,0,0,0,-1
Low, UVP_assignments_GNI_2_MC, Senegal,0,7, DTP,0.22,0.87,2,2,1699,0,0,0,0,0,0,-1
Low, UVP_assignments_GNI_2_MC, Senegal,0,8, DTP,0.25,0.87,2,2,1699,0,0,0,0,0,0,-1
Low, UVP_assignments_GNI_2_MC, Senegal,0,9, DTP-HepB-Hib,1.02,0.87,2,2,1699,0,0,0,0,0,0,-1
Low, UVP_assignments_GNI_2_MC, Senegal,0,10, DTP-HepB-Hib,1.51,0.87,2,2,1699,0,0,0,0,0,0,-1
Low, UVP_assignments_GNI_2_MC, Senegal,0,11, DTP-HepB-Hib,1.38,0.87,2,2,1699,0,0,0,0,0,0,-1
Low, UVP_assignments_GNI_2_MC, Senegal,0,12, DTP-HepB-Hib,1.56,0.87,2,2,1699,0,0,0,0,0,0,-1
Low, UVP_assignments_GNI_2_MC, Senegal,0,13, DTP-HepB-Hib,1.51,0.87,2,2,1699,0,0,0,0,0,0,-1
Low, UVP_assignments_GNI_2_MC, Senegal,0,14, DTP-HepB-Hib,1.06,0.87,2,2,1699,0,0,0,0,0,0,-1
Low, UVP_assignments_GNI_2_MC, Senegal,0,15, DTP-HepB-Hib,0.98,0.87,2,2,1699,0,0,0,0,0,0,-1
Low, UVP_assignments_GNI_2_MC, Senegal,0,16, DTP-HepB-Hib,1.05,0.87,2,2,1699,0,0,0,0,0,0,-1
Low, UVP_assignments_GNI_2_MC, Senegal,0,17, HPV,6.03,0.87,2,2,1699,0,0,0,0,0,0,-1
Low, UVP_assignments_GNI_2_MC, Senegal,0,18, HPV,5.9,0.87,2,2,1699,0,0,0,0,0,0,-1
Low, UVP_assignments_GNI_2_MC, Senegal,0,19, HepB,0.64,0.87,2,2,1699,0,0,0,0,0,0,-1
Low, UVP_assignments_GNI_2_MC, Senegal,0,20, HepB,0.79,0.87,2,2,1699,0,0,0,0,0,0,-1
Low, UVP_assignments_GNI_2_MC, Senegal,0,21, HepB,0.31,0.87,2,2,1699,0,0,0,0,0,0,-1
Low, UVP_assignments_GNI_2_MC, Senegal,0,22, HepB,0.33,0.87,2,2,1699,0,0,0,0,0,0,-1
Low, UVP_assignments_GNI_2_MC, Senegal,0,23, Hib,2.82,0.87,2,2,1699,0,0,0,0,0,0,-1
Low, UVP_assignments_GNI_2_MC, Senegal,0,24, IPV,0,0,2,2,1699,0,0,0,0,0,0,-1
Low, UVP_assignments_GNI_2_MC, Senegal,0,25, IPV,3.21,0.87,2,2,1699,0,0,0,0,0,0,-1
Low, UVP_assignments_GNI_2_MC, Senegal,0,26, IPV,4.06,0.87,2,2,1699,0,0,0,0,0,0,-1
Low, UVP_assignments_GNI_2_MC, Senegal,0,27, IPV,2.29,0.87,2,2,1699,0,0,0,0,0,0,-1
Low, UVP_assignments_GNI_2_MC, Senegal,0,28, IPV,0,0,2,2,1699,0,0,0,0,0,0,-1
Low, UVP_assignments_GNI_2_MC, Senegal,0,29, IPV,3.67,0.87,2,2,1699,0,0,0,0,0,0,-1
Low, UVP_assignments_GNI_2_MC, Senegal,0,30, MMR,1.65,0.77,2,2,1699,0,0,0,0,0,0,-1
Low, UVP_assignments_GNI_2_MC, Senegal,0,31, MMR,5.86,0.87,2,2,1699,0,0,0,0,0,0,-1
Low, UVP_assignments_GNI_2_MC, Senegal,0,32, MMR,3.87,0.87,2,2,1699,0,0,0,0,0,0,-1
Low, UVP_assignments_GNI_2_MC, Senegal,0,33, MMR,1.93,0.87,2,2,1699,0,0,0,0,0,0,-1
Low, UVP_assignments_GNI_2_MC, Senegal,0,34, OPV,0.24,0.87,2,2,1699,0,0,0,0,0,0,-1
Low, UVP_assignments_GNI_2_MC, Senegal,0,35, OPV,0.12,0.87,2,2,1699,0,0,0,0,0,0,-1
Low, UVP_assignments_GNI_2_MC, Senegal,0,36, OPV,0.17,0.87,2,2,1699,0,0,0,0,0,0,-1
Low, UVP_assignments_GNI_2_MC, Senegal,0,37, OPV,0.18,0.87,2,2,1699,0,0,0,0,0,0,-1
Low, UVP_assignments_GNI_2_MC, Senegal,0,38, OPV,0.16,0.87,2,2,1699,0,0,0,0,0,0,-1
Low, UVP_assignments_GNI_2_MC, Senegal,0,39, OPV,0.17,0.87,2,2,1699,0,0,0,0,0,0,-1
Low, UVP_assignments_GNI_2_MC, Senegal,0,40, OPV,0.25,0.87,2,2,1699,0,0,0,0,0,0,-1
Low, UVP_assignments_GNI_2_MC, Senegal,0,41, OPV,0.18,0.87,2,2,1699,0,0,0,0,0,0,-1
Low, UVP_assignments_GNI_2_MC, Senegal,0,42, OPV,0.22,0.87,2,2,1699,0,0,0,0,0,0,-1
Low, UVP_assignments_GNI_2_MC, Senegal,0,43, PCV,3.8,0.87,2,2,1699,0,0,0,0,0,0,-1
Low, UVP_assignments_GNI_2_MC, Senegal,0,44, PCV,4,0.87,2,2,1699,0,0,0,0,0,0,-1
Low, UVP_assignments_GNI_2_MC, Senegal,0,45, PCV,4,0.87,2,2,1699,0,0,0,0,0,0,-1
Low, UVP_assignments_GNI_2_MC, Senegal,0,46, PCV,4.52,0.87,2,2,1699,0,0,0,0,0,0,-1
Low, UVP_assignments_GNI_2_MC, Senegal,0,47, PCV,4.33,0.87,2,2,1699,0,0,0,0,0,0,-1
Low, UVP_assignments_GNI_2_MC, Senegal,0,48, PCV,3.8,0.87,2,2,1699,0,0,0,0,0,0,-1
Low, UVP_assignments_GNI_2_MC, Senegal,0,49, Rota,1.11,0.87,2,2,1699,0,0,0,0,0,0,-1
Low, UVP_assignments_GNI_2_MC, Senegal,0,50, Rota,1.25,0.87,2,2,1699,0,0,0,0,0,0,-1
Low, UVP_assignments_GNI_2_MC, Senegal,0,51, Rota,3.08,0.87,2,2,1699,0,0,0,0,0,0,-1
Low, UVP_assignments_GNI_2_MC, Senegal,0,52, Td,0.14,0.87,2,2,1699,0,0,0,0,0,0,-1
Low, UVP_assignments_GNI_2_MC, Senegal,0,53, Td,0.14,0.87,2,2,1699,0,0,0,0,0,0,-1
Low, UVP_assignments_GNI_2_MC, Senegal,0,54, Td,0,0,2,2,1699,0,0,0,0,0,0,-1
Low, UVP_assignments_GNI_2_MC, Senegal,0,55, Td,0.15,0.72,2,2,1699,0,0,0,0,0,0,-1
Low, UVP_assignments_GNI_2_MC, Senegal,0,56, Td,0.13,0.87,2,2,1699,0,0,0,0,0,0,-1
Low, UVP_assignments_GNI_2_MC, Senegal,0,57, Td,0.08,0.53,2,2,1699,0,0,0,0,0,0,-1
Low, UVP_assignments_GNI_2_MC, Senegal,0,58, Td,0.12,0.87,2,2,1699,0,0,0,0,0,0,-1
Low, UVP_assignments_GNI_2_MC, Senegal,0,59, YF,1.68,0.87,2,2,1699,0,0,0,0,0,0,-1
Low, UVP_assignments_GNI_2_MC, Senegal,0,60, YF,1.27,0.87,2,2,1699,0,0,0,0,0,0,-1
Low, UVP_assignments_GNI_2_MC, Senegal,0,61, YF,1.89,0.87,2,2,1699,0,0,0,0,0,0,-1
Low, UVP_assignments_GNI_2_MC, Senegal,0,62, YF,1.27,0.87,2,2,1699,0,0,0,0,0,0,-1
Low, UVP_assignments_GNI_2_MC, 'Sierra Leone',0,1, BCG,0,0,2,2,552,0,0,0,0,0,0,-1
Low, UVP_assignments_GNI_2_MC, 'Sierra Leone',0,2, BCG,0.06,0.59,2,2,552,0,0,0,0,0,0,-1
Low, UVP_assignments_GNI_2_MC, 'Sierra Leone',0,3, BCG,0,0,2,2,552,0,0,0,0,0,0,-1
Low, UVP_assignments_GNI_2_MC, 'Sierra Leone',0,4, BCG,0.08,0.59,2,2,552,0,0,0,0,0,0,-1
Low, UVP_assignments_GNI_2_MC, 'Sierra Leone',0,5, DT,-0.03,-0.36,2,2,552,0,0,0,0,0,0,-1
Low, UVP_assignments_GNI_2_MC, 'Sierra Leone',0,6, DT,0.05,0.59,2,2,552,0,0,0,0,0,0,-1
Low, UVP_assignments_GNI_2_MC, 'Sierra Leone',0,7, DTP,0.05,0.59,2,2,552,0,0,0,0,0,0,-1
Low, UVP_assignments_GNI_2_MC, 'Sierra Leone',0,8, DTP,0.06,0.59,2,2,552,0,0,0,0,0,0,-1
Low, UVP_assignments_GNI_2_MC, 'Sierra Leone',0,9, DTP-HepB-Hib,0.23,0.59,2,2,552,0,0,0,0,0,0,-1
Low, UVP_assignments_GNI_2_MC, 'Sierra Leone',0,10, DTP-HepB-Hib,0.33,0.59,2,2,552,0,0,0,0,0,0,-1
Low, UVP_assignments_GNI_2_MC, 'Sierra Leone',0,11, DTP-HepB-Hib,0.31,0.59,2,2,552,0,0,0,0,0,0,-1
Low, UVP_assignments_GNI_2_MC, 'Sierra Leone',0,12, DTP-HepB-Hib,0.35,0.59,2,2,552,0,0,0,0,0,0,-1
Low, UVP_assignments_GNI_2_MC, 'Sierra Leone',0,13, DTP-HepB-Hib,0.33,0.59,2,2,552,0,0,0,0,0,0,-1
Low, UVP_assignments_GNI_2_MC, 'Sierra Leone',0,14, DTP-HepB-Hib,0.24,0.59,2,2,552,0,0,0,0,0,0,-1
Low, UVP_assignments_GNI_2_MC, 'Sierra Leone',0,15, DTP-HepB-Hib,0.22,0.59,2,2,552,0,0,0,0,0,0,-1
Low, UVP_assignments_GNI_2_MC, 'Sierra Leone',0,16, DTP-HepB-Hib,0.23,0.59,2,2,552,0,0,0,0,0,0,-1
Low, UVP_assignments_GNI_2_MC, 'Sierra Leone',0,17, HPV,1.34,0.59,2,2,552,0,0,0,0,0,0,-1
Low, UVP_assignments_GNI_2_MC, 'Sierra Leone',0,18, HPV,1.31,0.59,2,2,552,0,0,0,0,0,0,-1
Low, UVP_assignments_GNI_2_MC, 'Sierra Leone',0,19, HepB,0.14,0.59,2,2,552,0,0,0,0,0,0,-1
Low, UVP_assignments_GNI_2_MC, 'Sierra Leone',0,20, HepB,0.17,0.59,2,2,552,0,0,0,0,0,0,-1
Low, UVP_assignments_GNI_2_MC, 'Sierra Leone',0,21, HepB,0.07,0.59,2,2,552,0,0,0,0,0,0,-1
Low, UVP_assignments_GNI_2_MC, 'Sierra Leone',0,22, HepB,0.07,0.59,2,2,552,0,0,0,0,0,0,-1
Low, UVP_assignments_GNI_2_MC, 'Sierra Leone',0,23, Hib,0.62,0.59,2,2,552,0,0,0,0,0,0,-1
Low, UVP_assignments_GNI_2_MC, 'Sierra Leone',0,24, IPV,0,0,2,2,552,0,0,0,0,0,0,-1
Low, UVP_assignments_GNI_2_MC, 'Sierra Leone',0,25, IPV,0.71,0.59,2,2,552,0,0,0,0,0,0,-1
Low, UVP_assignments_GNI_2_MC, 'Sierra Leone',0,26, IPV,0.9,0.59,2,2,552,0,0,0,0,0,0,-1
Low, UVP_assignments_GNI_2_MC, 'Sierra Leone',0,27, IPV,0.51,0.59,2,2,552,0,0,0,0,0,0,-1
Low, UVP_assignments_GNI_2_MC, 'Sierra Leone',0,28, IPV,0,0,2,2,552,0,0,0,0,0,0,-1
Low, UVP_assignments_GNI_2_MC, 'Sierra Leone',0,29, IPV,0.81,0.59,2,2,552,0,0,0,0,0,0,-1
Low, UVP_assignments_GNI_2_MC, 'Sierra Leone',0,30, MMR,0.21,0.3,2,2,552,0,0,0,0,0,0,-1
Low, UVP_assignments_GNI_2_MC, 'Sierra Leone',0,31, MMR,1.3,0.59,2,2,552,0,0,0,0,0,0,-1
Low, UVP_assignments_GNI_2_MC, 'Sierra Leone',0,32, MMR,0.86,0.59,2,2,552,0,0,0,0,0,0,-1
Low, UVP_assignments_GNI_2_MC, 'Sierra Leone',0,33, MMR,0.43,0.59,2,2,552,0,0,0,0,0,0,-1
Low, UVP_assignments_GNI_2_MC, 'Sierra Leone',0,34, OPV,0.05,0.59,2,2,552,0,0,0,0,0,0,-1
Low, UVP_assignments_GNI_2_MC, 'Sierra Leone',0,35, OPV,0.03,0.59,2,2,552,0,0,0,0,0,0,-1
Low, UVP_assignments_GNI_2_MC, 'Sierra Leone',0,36, OPV,0.04,0.59,2,2,552,0,0,0,0,0,0,-1
Low, UVP_assignments_GNI_2_MC, 'Sierra Leone',0,37, OPV,0.04,0.59,2,2,552,0,0,0,0,0,0,-1
Low, UVP_assignments_GNI_2_MC, 'Sierra Leone',0,38, OPV,0.03,0.59,2,2,552,0,0,0,0,0,0,-1
Low, UVP_assignments_GNI_2_MC, 'Sierra Leone',0,39, OPV,0.04,0.59,2,2,552,0,0,0,0,0,0,-1
Low, UVP_assignments_GNI_2_MC, 'Sierra Leone',0,40, OPV,0.06,0.59,2,2,552,0,0,0,0,0,0,-1
Low, UVP_assignments_GNI_2_MC, 'Sierra Leone',0,41, OPV,0.04,0.59,2,2,552,0,0,0,0,0,0,-1
Low, UVP_assignments_GNI_2_MC, 'Sierra Leone',0,42, OPV,0.05,0.59,2,2,552,0,0,0,0,0,0,-1
Low, UVP_assignments_GNI_2_MC, 'Sierra Leone',0,43, PCV,0.84,0.59,2,2,552,0,0,0,0,0,0,-1
Low, UVP_assignments_GNI_2_MC, 'Sierra Leone',0,44, PCV,0.89,0.59,2,2,552,0,0,0,0,0,0,-1
Low, UVP_assignments_GNI_2_MC, 'Sierra Leone',0,45, PCV,0.89,0.59,2,2,552,0,0,0,0,0,0,-1
Low, UVP_assignments_GNI_2_MC, 'Sierra Leone',0,46, PCV,1,0.59,2,2,552,0,0,0,0,0,0,-1
Low, UVP_assignments_GNI_2_MC, 'Sierra Leone',0,47, PCV,0.96,0.59,2,2,552,0,0,0,0,0,0,-1
Low, UVP_assignments_GNI_2_MC, 'Sierra Leone',0,48, PCV,0.84,0.59,2,2,552,0,0,0,0,0,0,-1
Low, UVP_assignments_GNI_2_MC, 'Sierra Leone',0,49, Rota,0.25,0.59,2,2,552,0,0,0,0,0,0,-1
Low, UVP_assignments_GNI_2_MC, 'Sierra Leone',0,50, Rota,0.28,0.59,2,2,552,0,0,0,0,0,0,-1
Low, UVP_assignments_GNI_2_MC, 'Sierra Leone',0,51, Rota,0.68,0.59,2,2,552,0,0,0,0,0,0,-1
Low, UVP_assignments_GNI_2_MC, 'Sierra Leone',0,52, Td,0.03,0.59,2,2,552,0,0,0,0,0,0,-1
Low, UVP_assignments_GNI_2_MC, 'Sierra Leone',0,53, Td,0.03,0.59,2,2,552,0,0,0,0,0,0,-1
Low, UVP_assignments_GNI_2_MC, 'Sierra Leone',0,54, Td,0,0,2,2,552,0,0,0,0,0,0,-1
Low, UVP_assignments_GNI_2_MC, 'Sierra Leone',0,55, Td,0.01,0.14,2,2,552,0,0,0,0,0,0,-1
Low, UVP_assignments_GNI_2_MC, 'Sierra Leone',0,56, Td,0.03,0.59,2,2,552,0,0,0,0,0,0,-1
Low, UVP_assignments_GNI_2_MC, 'Sierra Leone',0,57, Td,-0.02,-0.43,2,2,552,0,0,0,0,0,0,-1
Low, UVP_assignments_GNI_2_MC, 'Sierra Leone',0,58, Td,0.03,0.59,2,2,552,0,0,0,0,0,0,-1
Low, UVP_assignments_GNI_2_MC, 'Sierra Leone',0,59, YF,0.37,0.59,2,2,552,0,0,0,0,0,0,-1
Low, UVP_assignments_GNI_2_MC, 'Sierra Leone',0,60, YF,0.28,0.59,2,2,552,0,0,0,0,0,0,-1
Low, UVP_assignments_GNI_2_MC, 'Sierra Leone',0,61, YF,0.42,0.59,2,2,552,0,0,0,0,0,0,-1
Low, UVP_assignments_GNI_2_MC, 'Sierra Leone',0,62, YF,0.28,0.59,2,2,552,0,0,0,0,0,0,-1
Low, UVP_assignments_GNI_2_MC, 'Solomon Isl.',0,1, BCG,0,0,1,2,2515,0,0,0,0,0,0,-1
Low, UVP_assignments_GNI_2_MC, 'Solomon Isl.',0,2, BCG,0.12,0.29,1,2,2515,0,0,0,0,0,0,-1
Low, UVP_assignments_GNI_2_MC, 'Solomon Isl.',0,3, BCG,0,0,1,2,2515,0,0,0,0,0,0,-1
Low, UVP_assignments_GNI_2_MC, 'Solomon Isl.',0,4, BCG,0.18,0.29,1,2,2515,0,0,0,0,0,0,-1
Low, UVP_assignments_GNI_2_MC, 'Solomon Isl.',0,5, DT,0,0,1,2,2515,0,0,0,0,0,0,-1
Low, UVP_assignments_GNI_2_MC, 'Solomon Isl.',0,6, DT,0.11,0.29,1,2,2515,0,0,0,0,0,0,-1
Low, UVP_assignments_GNI_2_MC, 'Solomon Isl.',0,7, DTP,0.11,0.29,1,2,2515,0,0,0,0,0,0,-1
Low, UVP_assignments_GNI_2_MC, 'Solomon Isl.',0,8, DTP,0.12,0.29,1,2,2515,0,0,0,0,0,0,-1
Low, UVP_assignments_GNI_2_MC, 'Solomon Isl.',0,9, DTP-HepB-Hib,0.5,0.29,1,2,2515,0,0,0,0,0,0,-1
Low, UVP_assignments_GNI_2_MC, 'Solomon Isl.',0,10, DTP-HepB-Hib,0.74,0.29,1,2,2515,0,0,0,0,0,0,-1
Low, UVP_assignments_GNI_2_MC, 'Solomon Isl.',0,11, DTP-HepB-Hib,0.67,0.29,1,2,2515,0,0,0,0,0,0,-1
Low, UVP_assignments_GNI_2_MC, 'Solomon Isl.',0,12, DTP-HepB-Hib,0.76,0.29,1,2,2515,0,0,0,0,0,0,-1
Low, UVP_assignments_GNI_2_MC, 'Solomon Isl.',0,13, DTP-HepB-Hib,0.74,0.29,1,2,2515,0,0,0,0,0,0,-1
Low, UVP_assignments_GNI_2_MC, 'Solomon Isl.',0,14, DTP-HepB-Hib,0.52,0.29,1,2,2515,0,0,0,0,0,0,-1
Low, UVP_assignments_GNI_2_MC, 'Solomon Isl.',0,15, DTP-HepB-Hib,0.48,0.29,1,2,2515,0,0,0,0,0,0,-1
Low, UVP_assignments_GNI_2_MC, 'Solomon Isl.',0,16, DTP-HepB-Hib,0.51,0.29,1,2,2515,0,0,0,0,0,0,-1
Low, UVP_assignments_GNI_2_MC, 'Solomon Isl.',0,17, HPV,2.94,0.29,1,2,2515,0,0,0,0,0,0,-1
Low, UVP_assignments_GNI_2_MC, 'Solomon Isl.',0,18, HPV,2.88,0.29,1,2,2515,0,0,0,0,0,0,-1
Low, UVP_assignments_GNI_2_MC, 'Solomon Isl.',0,19, HepB,0.31,0.29,1,2,2515,0,0,0,0,0,0,-1
Low, UVP_assignments_GNI_2_MC, 'Solomon Isl.',0,20, HepB,0.38,0.29,1,2,2515,0,0,0,0,0,0,-1
Low, UVP_assignments_GNI_2_MC, 'Solomon Isl.',0,21, HepB,0.15,0.29,1,2,2515,0,0,0,0,0,0,-1
Low, UVP_assignments_GNI_2_MC, 'Solomon Isl.',0,22, HepB,0.16,0.29,1,2,2515,0,0,0,0,0,0,-1
Low, UVP_assignments_GNI_2_MC, 'Solomon Isl.',0,23, Hib,1.38,0.29,1,2,2515,0,0,0,0,0,0,-1
Low, UVP_assignments_GNI_2_MC, 'Solomon Isl.',0,24, IPV,1.34,0.29,1,2,2515,0,0,0,0,0,0,-1
Low, UVP_assignments_GNI_2_MC, 'Solomon Isl.',0,25, IPV,1.57,0.29,1,2,2515,0,0,0,0,0,0,-1
Low, UVP_assignments_GNI_2_MC, 'Solomon Isl.',0,26, IPV,1.98,0.29,1,2,2515,0,0,0,0,0,0,-1
Low, UVP_assignments_GNI_2_MC, 'Solomon Isl.',0,27, IPV,1.12,0.29,1,2,2515,0,0,0,0,0,0,-1
Low, UVP_assignments_GNI_2_MC, 'Solomon Isl.',0,28, IPV,1.49,0.29,1,2,2515,0,0,0,0,0,0,-1
Low, UVP_assignments_GNI_2_MC, 'Solomon Isl.',0,29, IPV,1.79,0.29,1,2,2515,0,0,0,0,0,0,-1
Low, UVP_assignments_GNI_2_MC, 'Solomon Isl.',0,30, MMR,0,0,1,2,2515,0,0,0,0,0,0,-1
Low, UVP_assignments_GNI_2_MC, 'Solomon Isl.',0,31, MMR,2.86,0.29,1,2,2515,0,0,0,0,0,0,-1
Low, UVP_assignments_GNI_2_MC, 'Solomon Isl.',0,32, MMR,1.89,0.29,1,2,2515,0,0,0,0,0,0,-1
Low, UVP_assignments_GNI_2_MC, 'Solomon Isl.',0,33, MMR,0.94,0.29,1,2,2515,0,0,0,0,0,0,-1
Low, UVP_assignments_GNI_2_MC, 'Solomon Isl.',0,34, OPV,0.12,0.29,1,2,2515,0,0,0,0,0,0,-1
Low, UVP_assignments_GNI_2_MC, 'Solomon Isl.',0,35, OPV,0.06,0.29,1,2,2515,0,0,0,0,0,0,-1
Low, UVP_assignments_GNI_2_MC, 'Solomon Isl.',0,36, OPV,0.08,0.29,1,2,2515,0,0,0,0,0,0,-1
Low, UVP_assignments_GNI_2_MC, 'Solomon Isl.',0,37, OPV,0.09,0.29,1,2,2515,0,0,0,0,0,0,-1
Low, UVP_assignments_GNI_2_MC, 'Solomon Isl.',0,38, OPV,0.08,0.29,1,2,2515,0,0,0,0,0,0,-1
Low, UVP_assignments_GNI_2_MC, 'Solomon Isl.',0,39, OPV,0.08,0.29,1,2,2515,0,0,0,0,0,0,-1
Low, UVP_assignments_GNI_2_MC, 'Solomon Isl.',0,40, OPV,0.12,0.29,1,2,2515,0,0,0,0,0,0,-1
Low, UVP_assignments_GNI_2_MC, 'Solomon Isl.',0,41, OPV,0.09,0.29,1,2,2515,0,0,0,0,0,0,-1
Low, UVP_assignments_GNI_2_MC, 'Solomon Isl.',0,42, OPV,0.11,0.29,1,2,2515,0,0,0,0,0,0,-1
Low, UVP_assignments_GNI_2_MC, 'Solomon Isl.',0,43, PCV,1.86,0.29,1,2,2515,0,0,0,0,0,0,-1
Low, UVP_assignments_GNI_2_MC, 'Solomon Isl.',0,44, PCV,1.95,0.29,1,2,2515,0,0,0,0,0,0,-1
Low, UVP_assignments_GNI_2_MC, 'Solomon Isl.',0,45, PCV,1.95,0.29,1,2,2515,0,0,0,0,0,0,-1
Low, UVP_assignments_GNI_2_MC, 'Solomon Isl.',0,46, PCV,2.21,0.29,1,2,2515,0,0,0,0,0,0,-1
Low, UVP_assignments_GNI_2_MC, 'Solomon Isl.',0,47, PCV,2.11,0.29,1,2,2515,0,0,0,0,0,0,-1
Low, UVP_assignments_GNI_2_MC, 'Solomon Isl.',0,48, PCV,1.86,0.29,1,2,2515,0,0,0,0,0,0,-1
Low, UVP_assignments_GNI_2_MC, 'Solomon Isl.',0,49, Rota,0.54,0.29,1,2,2515,0,0,0,0,0,0,-1
Low, UVP_assignments_GNI_2_MC, 'Solomon Isl.',0,50, Rota,0.61,0.29,1,2,2515,0,0,0,0,0,0,-1
Low, UVP_assignments_GNI_2_MC, 'Solomon Isl.',0,51, Rota,1.5,0.29,1,2,2515,0,0,0,0,0,0,-1
Low, UVP_assignments_GNI_2_MC, 'Solomon Isl.',0,52, Td,0.07,0.29,1,2,2515,0,0,0,0,0,0,-1
Low, UVP_assignments_GNI_2_MC, 'Solomon Isl.',0,53, Td,0.07,0.29,1,2,2515,0,0,0,0,0,0,-1
Low, UVP_assignments_GNI_2_MC, 'Solomon Isl.',0,54, Td,0,0,1,2,2515,0,0,0,0,0,0,-1
Low, UVP_assignments_GNI_2_MC, 'Solomon Isl.',0,55, Td,0.09,0.29,1,2,2515,0,0,0,0,0,0,-1
Low, UVP_assignments_GNI_2_MC, 'Solomon Isl.',0,56, Td,0.06,0.29,1,2,2515,0,0,0,0,0,0,-1
Low, UVP_assignments_GNI_2_MC, 'Solomon Isl.',0,57, Td,0.06,0.26,1,2,2515,0,0,0,0,0,0,-1
Low, UVP_assignments_GNI_2_MC, 'Solomon Isl.',0,58, Td,0.06,0.29,1,2,2515,0,0,0,0,0,0,-1
Low, UVP_assignments_GNI_2_MC, 'Solomon Isl.',0,59, YF,0.82,0.29,1,2,2515,0,0,0,0,0,0,-1
Low, UVP_assignments_GNI_2_MC, 'Solomon Isl.',0,60, YF,0.62,0.29,1,2,2515,0,0,0,0,0,0,-1
Low, UVP_assignments_GNI_2_MC, 'Solomon Isl.',0,61, YF,0.92,0.29,1,2,2515,0,0,0,0,0,0,-1
Low, UVP_assignments_GNI_2_MC, 'Solomon Isl.',0,62, YF,0.62,0.29,1,2,2515,0,0,0,0,0,0,-1
Low, UVP_assignments_GNI_2_MC, Somalia,0,1, BCG,0,0,2,2,370,0,0,0,0,0,0,-1
Low, UVP_assignments_GNI_2_MC, Somalia,0,2, BCG,0.02,0.39,2,2,370,0,0,0,0,0,0,-1
Low, UVP_assignments_GNI_2_MC, Somalia,0,3, BCG,0,0,2,2,370,0,0,0,0,0,0,-1
Low, UVP_assignments_GNI_2_MC, Somalia,0,4, BCG,0.04,0.39,2,2,370,0,0,0,0,0,0,-1
Low, UVP_assignments_GNI_2_MC, Somalia,0,5, DT,-0.06,-1.02,2,2,370,0,0,0,0,0,0,-1
Low, UVP_assignments_GNI_2_MC, Somalia,0,6, DT,0.02,0.39,2,2,370,0,0,0,0,0,0,-1
Low, UVP_assignments_GNI_2_MC, Somalia,0,7, DTP,0.02,0.39,2,2,370,0,0,0,0,0,0,-1
Low, UVP_assignments_GNI_2_MC, Somalia,0,8, DTP,0.02,0.39,2,2,370,0,0,0,0,0,0,-1
Low, UVP_assignments_GNI_2_MC, Somalia,0,9, DTP-HepB-Hib,0.1,0.39,2,2,370,0,0,0,0,0,0,-1
Low, UVP_assignments_GNI_2_MC, Somalia,0,10, DTP-HepB-Hib,0.15,0.39,2,2,370,0,0,0,0,0,0,-1
Low, UVP_assignments_GNI_2_MC, Somalia,0,11, DTP-HepB-Hib,0.14,0.39,2,2,370,0,0,0,0,0,0,-1
Low, UVP_assignments_GNI_2_MC, Somalia,0,12, DTP-HepB-Hib,0.15,0.39,2,2,370,0,0,0,0,0,0,-1
Low, UVP_assignments_GNI_2_MC, Somalia,0,13, DTP-HepB-Hib,0.15,0.39,2,2,370,0,0,0,0,0,0,-1
Low, UVP_assignments_GNI_2_MC, Somalia,0,14, DTP-HepB-Hib,0.1,0.39,2,2,370,0,0,0,0,0,0,-1
Low, UVP_assignments_GNI_2_MC, Somalia,0,15, DTP-HepB-Hib,0.1,0.39,2,2,370,0,0,0,0,0,0,-1
Low, UVP_assignments_GNI_2_MC, Somalia,0,16, DTP-HepB-Hib,0.1,0.39,2,2,370,0,0,0,0,0,0,-1
Low, UVP_assignments_GNI_2_MC, Somalia,0,17, HPV,0.59,0.39,2,2,370,0,0,0,0,0,0,-1
Low, UVP_assignments_GNI_2_MC, Somalia,0,18, HPV,0.58,0.39,2,2,370,0,0,0,0,0,0,-1
Low, UVP_assignments_GNI_2_MC, Somalia,0,19, HepB,0.06,0.39,2,2,370,0,0,0,0,0,0,-1
Low, UVP_assignments_GNI_2_MC, Somalia,0,20, HepB,0.08,0.39,2,2,370,0,0,0,0,0,0,-1
Low, UVP_assignments_GNI_2_MC, Somalia,0,21, HepB,0.03,0.39,2,2,370,0,0,0,0,0,0,-1
Low, UVP_assignments_GNI_2_MC, Somalia,0,22, HepB,0.03,0.39,2,2,370,0,0,0,0,0,0,-1
Low, UVP_assignments_GNI_2_MC, Somalia,0,23, Hib,0.28,0.39,2,2,370,0,0,0,0,0,0,-1
Low, UVP_assignments_GNI_2_MC, Somalia,0,24, IPV,0,0,2,2,370,0,0,0,0,0,0,-1
Low, UVP_assignments_GNI_2_MC, Somalia,0,25, IPV,0.32,0.39,2,2,370,0,0,0,0,0,0,-1
Low, UVP_assignments_GNI_2_MC, Somalia,0,26, IPV,0.4,0.39,2,2,370,0,0,0,0,0,0,-1
Low, UVP_assignments_GNI_2_MC, Somalia,0,27, IPV,0.23,0.39,2,2,370,0,0,0,0,0,0,-1
Low, UVP_assignments_GNI_2_MC, Somalia,0,28, IPV,0,0,2,2,370,0,0,0,0,0,0,-1
Low, UVP_assignments_GNI_2_MC, Somalia,0,29, IPV,0.36,0.39,2,2,370,0,0,0,0,0,0,-1
Low, UVP_assignments_GNI_2_MC, Somalia,0,30, MMR,-0.02,-0.04,2,2,370,0,0,0,0,0,0,-1
Low, UVP_assignments_GNI_2_MC, Somalia,0,31, MMR,0.58,0.39,2,2,370,0,0,0,0,0,0,-1
Low, UVP_assignments_GNI_2_MC, Somalia,0,32, MMR,0.38,0.39,2,2,370,0,0,0,0,0,0,-1
Low, UVP_assignments_GNI_2_MC, Somalia,0,33, MMR,0.19,0.39,2,2,370,0,0,0,0,0,0,-1
Low, UVP_assignments_GNI_2_MC, Somalia,0,34, OPV,0.02,0.39,2,2,370,0,0,0,0,0,0,-1
Low, UVP_assignments_GNI_2_MC, Somalia,0,35, OPV,0.01,0.39,2,2,370,0,0,0,0,0,0,-1
Low, UVP_assignments_GNI_2_MC, Somalia,0,36, OPV,0.02,0.39,2,2,370,0,0,0,0,0,0,-1
Low, UVP_assignments_GNI_2_MC, Somalia,0,37, OPV,0.02,0.39,2,2,370,0,0,0,0,0,0,-1
Low, UVP_assignments_GNI_2_MC, Somalia,0,38, OPV,0.02,0.39,2,2,370,0,0,0,0,0,0,-1
Low, UVP_assignments_GNI_2_MC, Somalia,0,39, OPV,0.02,0.39,2,2,370,0,0,0,0,0,0,-1
Low, UVP_assignments_GNI_2_MC, Somalia,0,40, OPV,0.02,0.39,2,2,370,0,0,0,0,0,0,-1
Low, UVP_assignments_GNI_2_MC, Somalia,0,41, OPV,0.02,0.39,2,2,370,0,0,0,0,0,0,-1
Low, UVP_assignments_GNI_2_MC, Somalia,0,42, OPV,0.02,0.39,2,2,370,0,0,0,0,0,0,-1
Low, UVP_assignments_GNI_2_MC, Somalia,0,43, PCV,0.37,0.39,2,2,370,0,0,0,0,0,0,-1
Low, UVP_assignments_GNI_2_MC, Somalia,0,44, PCV,0.39,0.39,2,2,370,0,0,0,0,0,0,-1
Low, UVP_assignments_GNI_2_MC, Somalia,0,45, PCV,0.39,0.39,2,2,370,0,0,0,0,0,0,-1
Low, UVP_assignments_GNI_2_MC, Somalia,0,46, PCV,0.44,0.39,2,2,370,0,0,0,0,0,0,-1
Low, UVP_assignments_GNI_2_MC, Somalia,0,47, PCV,0.43,0.39,2,2,370,0,0,0,0,0,0,-1
Low, UVP_assignments_GNI_2_MC, Somalia,0,48, PCV,0.37,0.39,2,2,370,0,0,0,0,0,0,-1
Low, UVP_assignments_GNI_2_MC, Somalia,0,49, Rota,0.11,0.39,2,2,370,0,0,0,0,0,0,-1
Low, UVP_assignments_GNI_2_MC, Somalia,0,50, Rota,0.12,0.39,2,2,370,0,0,0,0,0,0,-1
Low, UVP_assignments_GNI_2_MC, Somalia,0,51, Rota,0.3,0.39,2,2,370,0,0,0,0,0,0,-1
Low, UVP_assignments_GNI_2_MC, Somalia,0,52, Td,0.01,0.39,2,2,370,0,0,0,0,0,0,-1
Low, UVP_assignments_GNI_2_MC, Somalia,0,53, Td,0.01,0.39,2,2,370,0,0,0,0,0,0,-1
Low, UVP_assignments_GNI_2_MC, Somalia,0,54, Td,0,0,2,2,370,0,0,0,0,0,0,-1
Low, UVP_assignments_GNI_2_MC, Somalia,0,55, Td,-0.01,-0.28,2,2,370,0,0,0,0,0,0,-1
Low, UVP_assignments_GNI_2_MC, Somalia,0,56, Td,0.01,0.39,2,2,370,0,0,0,0,0,0,-1
Low, UVP_assignments_GNI_2_MC, Somalia,0,57, Td,-0.04,-1.14,2,2,370,0,0,0,0,0,0,-1
Low, UVP_assignments_GNI_2_MC, Somalia,0,58, Td,0.01,0.39,2,2,370,0,0,0,0,0,0,-1
Low, UVP_assignments_GNI_2_MC, Somalia,0,59, YF,0.16,0.39,2,2,370,0,0,0,0,0,0,-1
Low, UVP_assignments_GNI_2_MC, Somalia,0,60, YF,0.12,0.39,2,2,370,0,0,0,0,0,0,-1
Low, UVP_assignments_GNI_2_MC, Somalia,0,61, YF,0.19,0.39,2,2,370,0,0,0,0,0,0,-1
Low, UVP_assignments_GNI_2_MC, Somalia,0,62, YF,0.12,0.39,2,2,370,0,0,0,0,0,0,-1
Low, UVP_assignments_GNI_2_MC, 'South Sudan',0,1, BCG,0,0,2,2,314,0,0,0,0,0,0,-1
Low, UVP_assignments_GNI_2_MC, 'South Sudan',0,2, BCG,0.02,0.28,2,2,314,0,0,0,0,0,0,-1
Low, UVP_assignments_GNI_2_MC, 'South Sudan',0,3, BCG,0,0,2,2,314,0,0,0,0,0,0,-1
Low, UVP_assignments_GNI_2_MC, 'South Sudan',0,4, BCG,0.02,0.28,2,2,314,0,0,0,0,0,0,-1
Low, UVP_assignments_GNI_2_MC, 'South Sudan',0,5, DT,-0.07,-1.39,2,2,314,0,0,0,0,0,0,-1
Low, UVP_assignments_GNI_2_MC, 'South Sudan',0,6, DT,0.01,0.28,2,2,314,0,0,0,0,0,0,-1
Low, UVP_assignments_GNI_2_MC, 'South Sudan',0,7, DTP,0.01,0.28,2,2,314,0,0,0,0,0,0,-1
Low, UVP_assignments_GNI_2_MC, 'South Sudan',0,8, DTP,0.02,0.28,2,2,314,0,0,0,0,0,0,-1
Low, UVP_assignments_GNI_2_MC, 'South Sudan',0,9, DTP-HepB-Hib,0.06,0.28,2,2,314,0,0,0,0,0,0,-1
Low, UVP_assignments_GNI_2_MC, 'South Sudan',0,10, DTP-HepB-Hib,0.09,0.28,2,2,314,0,0,0,0,0,0,-1
Low, UVP_assignments_GNI_2_MC, 'South Sudan',0,11, DTP-HepB-Hib,0.08,0.28,2,2,314,0,0,0,0,0,0,-1
Low, UVP_assignments_GNI_2_MC, 'South Sudan',0,12, DTP-HepB-Hib,0.09,0.28,2,2,314,0,0,0,0,0,0,-1
Low, UVP_assignments_GNI_2_MC, 'South Sudan',0,13, DTP-HepB-Hib,0.09,0.28,2,2,314,0,0,0,0,0,0,-1
Low, UVP_assignments_GNI_2_MC, 'South Sudan',0,14, DTP-HepB-Hib,0.06,0.28,2,2,314,0,0,0,0,0,0,-1
Low, UVP_assignments_GNI_2_MC, 'South Sudan',0,15, DTP-HepB-Hib,0.06,0.28,2,2,314,0,0,0,0,0,0,-1
Low, UVP_assignments_GNI_2_MC, 'South Sudan',0,16, DTP-HepB-Hib,0.06,0.28,2,2,314,0,0,0,0,0,0,-1
Low, UVP_assignments_GNI_2_MC, 'South Sudan',0,17, HPV,0.36,0.28,2,2,314,0,0,0,0,0,0,-1
Low, UVP_assignments_GNI_2_MC, 'South Sudan',0,18, HPV,0.36,0.28,2,2,314,0,0,0,0,0,0,-1
Low, UVP_assignments_GNI_2_MC, 'South Sudan',0,19, HepB,0.04,0.28,2,2,314,0,0,0,0,0,0,-1
Low, UVP_assignments_GNI_2_MC, 'South Sudan',0,20, HepB,0.05,0.28,2,2,314,0,0,0,0,0,0,-1
Low, UVP_assignments_GNI_2_MC, 'South Sudan',0,21, HepB,0.02,0.28,2,2,314,0,0,0,0,0,0,-1
Low, UVP_assignments_GNI_2_MC, 'South Sudan',0,22, HepB,0.02,0.28,2,2,314,0,0,0,0,0,0,-1
Low, UVP_assignments_GNI_2_MC, 'South Sudan',0,23, Hib,0.17,0.28,2,2,314,0,0,0,0,0,0,-1
Low, UVP_assignments_GNI_2_MC, 'South Sudan',0,24, IPV,0,0,2,2,314,0,0,0,0,0,0,-1
Low, UVP_assignments_GNI_2_MC, 'South Sudan',0,25, IPV,0.19,0.28,2,2,314,0,0,0,0,0,0,-1
Low, UVP_assignments_GNI_2_MC, 'South Sudan',0,26, IPV,0.25,0.28,2,2,314,0,0,0,0,0,0,-1
Low, UVP_assignments_GNI_2_MC, 'South Sudan',0,27, IPV,0.14,0.28,2,2,314,0,0,0,0,0,0,-1
Low, UVP_assignments_GNI_2_MC, 'South Sudan',0,28, IPV,0,0,2,2,314,0,0,0,0,0,0,-1
Low, UVP_assignments_GNI_2_MC, 'South Sudan',0,29, IPV,0.22,0.28,2,2,314,0,0,0,0,0,0,-1
Low, UVP_assignments_GNI_2_MC, 'South Sudan',0,30, MMR,-0.09,-0.23,2,2,314,0,0,0,0,0,0,-1
Low, UVP_assignments_GNI_2_MC, 'South Sudan',0,31, MMR,0.35,0.28,2,2,314,0,0,0,0,0,0,-1
Low, UVP_assignments_GNI_2_MC, 'South Sudan',0,32, MMR,0.23,0.28,2,2,314,0,0,0,0,0,0,-1
Low, UVP_assignments_GNI_2_MC, 'South Sudan',0,33, MMR,0.12,0.28,2,2,314,0,0,0,0,0,0,-1
Low, UVP_assignments_GNI_2_MC, 'South Sudan',0,34, OPV,0.01,0.28,2,2,314,0,0,0,0,0,0,-1
Low, UVP_assignments_GNI_2_MC, 'South Sudan',0,35, OPV,0.01,0.28,2,2,314,0,0,0,0,0,0,-1
Low, UVP_assignments_GNI_2_MC, 'South Sudan',0,36, OPV,0.01,0.28,2,2,314,0,0,0,0,0,0,-1
Low, UVP_assignments_GNI_2_MC, 'South Sudan',0,37, OPV,0.01,0.28,2,2,314,0,0,0,0,0,0,-1
Low, UVP_assignments_GNI_2_MC, 'South Sudan',0,38, OPV,0.01,0.28,2,2,314,0,0,0,0,0,0,-1
Low, UVP_assignments_GNI_2_MC, 'South Sudan',0,39, OPV,0.01,0.28,2,2,314,0,0,0,0,0,0,-1
Low, UVP_assignments_GNI_2_MC, 'South Sudan',0,40, OPV,0.02,0.28,2,2,314,0,0,0,0,0,0,-1
Low, UVP_assignments_GNI_2_MC, 'South Sudan',0,41, OPV,0.01,0.28,2,2,314,0,0,0,0,0,0,-1
Low, UVP_assignments_GNI_2_MC, 'South Sudan',0,42, OPV,0.01,0.28,2,2,314,0,0,0,0,0,0,-1
Low, UVP_assignments_GNI_2_MC, 'South Sudan',0,43, PCV,0.23,0.28,2,2,314,0,0,0,0,0,0,-1
Low, UVP_assignments_GNI_2_MC, 'South Sudan',0,44, PCV,0.24,0.28,2,2,314,0,0,0,0,0,0,-1
Low, UVP_assignments_GNI_2_MC, 'South Sudan',0,45, PCV,0.24,0.28,2,2,314,0,0,0,0,0,0,-1
Low, UVP_assignments_GNI_2_MC, 'South Sudan',0,46, PCV,0.27,0.28,2,2,314,0,0,0,0,0,0,-1
Low, UVP_assignments_GNI_2_MC, 'South Sudan',0,47, PCV,0.26,0.28,2,2,314,0,0,0,0,0,0,-1
Low, UVP_assignments_GNI_2_MC, 'South Sudan',0,48, PCV,0.23,0.28,2,2,314,0,0,0,0,0,0,-1
Low, UVP_assignments_GNI_2_MC, 'South Sudan',0,49, Rota,0.07,0.28,2,2,314,0,0,0,0,0,0,-1
Low, UVP_assignments_GNI_2_MC, 'South Sudan',0,50, Rota,0.08,0.28,2,2,314,0,0,0,0,0,0,-1
Low, UVP_assignments_GNI_2_MC, 'South Sudan',0,51, Rota,0.19,0.28,2,2,314,0,0,0,0,0,0,-1
Low, UVP_assignments_GNI_2_MC, 'South Sudan',0,52, Td,0.01,0.28,2,2,314,0,0,0,0,0,0,-1
Low, UVP_assignments_GNI_2_MC, 'South Sudan',0,53, Td,0.01,0.28,2,2,314,0,0,0,0,0,0,-1
Low, UVP_assignments_GNI_2_MC, 'South Sudan',0,54, Td,0,0,2,2,314,0,0,0,0,0,0,-1
Low, UVP_assignments_GNI_2_MC, 'South Sudan',0,55, Td,-0.02,-0.51,2,2,314,0,0,0,0,0,0,-1
Low, UVP_assignments_GNI_2_MC, 'South Sudan',0,56, Td,0.01,0.28,2,2,314,0,0,0,0,0,0,-1
Low, UVP_assignments_GNI_2_MC, 'South Sudan',0,57, Td,-0.04,-1.52,2,2,314,0,0,0,0,0,0,-1
Low, UVP_assignments_GNI_2_MC, 'South Sudan',0,58, Td,0.01,0.28,2,2,314,0,0,0,0,0,0,-1
Low, UVP_assignments_GNI_2_MC, 'South Sudan',0,59, YF,0.1,0.28,2,2,314,0,0,0,0,0,0,-1
Low, UVP_assignments_GNI_2_MC, 'South Sudan',0,60, YF,0.08,0.28,2,2,314,0,0,0,0,0,0,-1
Low, UVP_assignments_GNI_2_MC, 'South Sudan',0,61, YF,0.11,0.28,2,2,314,0,0,0,0,0,0,-1
Low, UVP_assignments_GNI_2_MC, 'South Sudan',0,62, YF,0.08,0.28,2,2,314,0,0,0,0,0,0,-1
Low, UVP_assignments_GNI_2_MC, Sudan,0,1, BCG,0,0,2,2,809,0,0,0,0,0,0,-1
Low, UVP_assignments_GNI_2_MC, Sudan,0,2, BCG,0.1,0.72,2,2,809,0,0,0,0,0,0,-1
Low, UVP_assignments_GNI_2_MC, Sudan,0,3, BCG,0,0,2,2,809,0,0,0,0,0,0,-1
Low, UVP_assignments_GNI_2_MC, Sudan,0,4, BCG,0.15,0.72,2,2,809,0,0,0,0,0,0,-1
Low, UVP_assignments_GNI_2_MC, Sudan,0,5, DT,0.01,0.08,2,2,809,0,0,0,0,0,0,-1
Low, UVP_assignments_GNI_2_MC, Sudan,0,6, DT,0.09,0.72,2,2,809,0,0,0,0,0,0,-1
Low, UVP_assignments_GNI_2_MC, Sudan,0,7, DTP,0.09,0.72,2,2,809,0,0,0,0,0,0,-1
Low, UVP_assignments_GNI_2_MC, Sudan,0,8, DTP,0.1,0.72,2,2,809,0,0,0,0,0,0,-1
Low, UVP_assignments_GNI_2_MC, Sudan,0,9, DTP-HepB-Hib,0.41,0.72,2,2,809,0,0,0,0,0,0,-1
Low, UVP_assignments_GNI_2_MC, Sudan,0,10, DTP-HepB-Hib,0.6,0.72,2,2,809,0,0,0,0,0,0,-1
Low, UVP_assignments_GNI_2_MC, Sudan,0,11, DTP-HepB-Hib,0.55,0.72,2,2,809,0,0,0,0,0,0,-1
Low, UVP_assignments_GNI_2_MC, Sudan,0,12, DTP-HepB-Hib,0.62,0.72,2,2,809,0,0,0,0,0,0,-1
Low, UVP_assignments_GNI_2_MC, Sudan,0,13, DTP-HepB-Hib,0.6,0.72,2,2,809,0,0,0,0,0,0,-1
Low, UVP_assignments_GNI_2_MC, Sudan,0,14, DTP-HepB-Hib,0.42,0.72,2,2,809,0,0,0,0,0,0,-1
Low, UVP_assignments_GNI_2_MC, Sudan,0,15, DTP-HepB-Hib,0.39,0.72,2,2,809,0,0,0,0,0,0,-1
Low, UVP_assignments_GNI_2_MC, Sudan,0,16, DTP-HepB-Hib,0.42,0.72,2,2,809,0,0,0,0,0,0,-1
Low, UVP_assignments_GNI_2_MC, Sudan,0,17, HPV,2.39,0.72,2,2,809,0,0,0,0,0,0,-1
Low, UVP_assignments_GNI_2_MC, Sudan,0,18, HPV,2.34,0.72,2,2,809,0,0,0,0,0,0,-1
Low, UVP_assignments_GNI_2_MC, Sudan,0,19, HepB,0.25,0.72,2,2,809,0,0,0,0,0,0,-1
Low, UVP_assignments_GNI_2_MC, Sudan,0,20, HepB,0.31,0.72,2,2,809,0,0,0,0,0,0,-1
Low, UVP_assignments_GNI_2_MC, Sudan,0,21, HepB,0.12,0.72,2,2,809,0,0,0,0,0,0,-1
Low, UVP_assignments_GNI_2_MC, Sudan,0,22, HepB,0.13,0.72,2,2,809,0,0,0,0,0,0,-1
Low, UVP_assignments_GNI_2_MC, Sudan,0,23, Hib,1.12,0.72,2,2,809,0,0,0,0,0,0,-1
Low, UVP_assignments_GNI_2_MC, Sudan,0,24, IPV,0,0,2,2,809,0,0,0,0,0,0,-1
Low, UVP_assignments_GNI_2_MC, Sudan,0,25, IPV,1.27,0.72,2,2,809,0,0,0,0,0,0,-1
Low, UVP_assignments_GNI_2_MC, Sudan,0,26, IPV,1.61,0.72,2,2,809,0,0,0,0,0,0,-1
Low, UVP_assignments_GNI_2_MC, Sudan,0,27, IPV,0.91,0.72,2,2,809,0,0,0,0,0,0,-1
Low, UVP_assignments_GNI_2_MC, Sudan,0,28, IPV,0,0,2,2,809,0,0,0,0,0,0,-1
Low, UVP_assignments_GNI_2_MC, Sudan,0,29, IPV,1.45,0.72,2,2,809,0,0,0,0,0,0,-1
Low, UVP_assignments_GNI_2_MC, Sudan,0,30, MMR,0.53,0.53,2,2,809,0,0,0,0,0,0,-1
Low, UVP_assignments_GNI_2_MC, Sudan,0,31, MMR,2.32,0.72,2,2,809,0,0,0,0,0,0,-1
Low, UVP_assignments_GNI_2_MC, Sudan,0,32, MMR,1.53,0.72,2,2,809,0,0,0,0,0,0,-1
Low, UVP_assignments_GNI_2_MC, Sudan,0,33, MMR,0.76,0.72,2,2,809,0,0,0,0,0,0,-1
Low, UVP_assignments_GNI_2_MC, Sudan,0,34, OPV,0.09,0.72,2,2,809,0,0,0,0,0,0,-1
Low, UVP_assignments_GNI_2_MC, Sudan,0,35, OPV,0.05,0.72,2,2,809,0,0,0,0,0,0,-1
Low, UVP_assignments_GNI_2_MC, Sudan,0,36, OPV,0.07,0.72,2,2,809,0,0,0,0,0,0,-1
Low, UVP_assignments_GNI_2_MC, Sudan,0,37, OPV,0.07,0.72,2,2,809,0,0,0,0,0,0,-1
Low, UVP_assignments_GNI_2_MC, Sudan,0,38, OPV,0.06,0.72,2,2,809,0,0,0,0,0,0,-1
Low, UVP_assignments_GNI_2_MC, Sudan,0,39, OPV,0.07,0.72,2,2,809,0,0,0,0,0,0,-1
Low, UVP_assignments_GNI_2_MC, Sudan,0,40, OPV,0.1,0.72,2,2,809,0,0,0,0,0,0,-1
Low, UVP_assignments_GNI_2_MC, Sudan,0,41, OPV,0.07,0.72,2,2,809,0,0,0,0,0,0,-1
Low, UVP_assignments_GNI_2_MC, Sudan,0,42, OPV,0.09,0.72,2,2,809,0,0,0,0,0,0,-1
Low, UVP_assignments_GNI_2_MC, Sudan,0,43, PCV,1.51,0.72,2,2,809,0,0,0,0,0,0,-1
Low, UVP_assignments_GNI_2_MC, Sudan,0,44, PCV,1.58,0.72,2,2,809,0,0,0,0,0,0,-1
Low, UVP_assignments_GNI_2_MC, Sudan,0,45, PCV,1.58,0.72,2,2,809,0,0,0,0,0,0,-1
Low, UVP_assignments_GNI_2_MC, Sudan,0,46, PCV,1.79,0.72,2,2,809,0,0,0,0,0,0,-1
Low, UVP_assignments_GNI_2_MC, Sudan,0,47, PCV,1.71,0.72,2,2,809,0,0,0,0,0,0,-1
Low, UVP_assignments_GNI_2_MC, Sudan,0,48, PCV,1.51,0.72,2,2,809,0,0,0,0,0,0,-1
Low, UVP_assignments_GNI_2_MC, Sudan,0,49, Rota,0.44,0.72,2,2,809,0,0,0,0,0,0,-1
Low, UVP_assignments_GNI_2_MC, Sudan,0,50, Rota,0.49,0.72,2,2,809,0,0,0,0,0,0,-1
Low, UVP_assignments_GNI_2_MC, Sudan,0,51, Rota,1.22,0.72,2,2,809,0,0,0,0,0,0,-1
Low, UVP_assignments_GNI_2_MC, Sudan,0,52, Td,0.06,0.72,2,2,809,0,0,0,0,0,0,-1
Low, UVP_assignments_GNI_2_MC, Sudan,0,53, Td,0.06,0.72,2,2,809,0,0,0,0,0,0,-1
Low, UVP_assignments_GNI_2_MC, Sudan,0,54, Td,0,0,2,2,809,0,0,0,0,0,0,-1
Low, UVP_assignments_GNI_2_MC, Sudan,0,55, Td,0.04,0.42,2,2,809,0,0,0,0,0,0,-1
Low, UVP_assignments_GNI_2_MC, Sudan,0,56, Td,0.05,0.72,2,2,809,0,0,0,0,0,0,-1
Low, UVP_assignments_GNI_2_MC, Sudan,0,57, Td,0,0.02,2,2,809,0,0,0,0,0,0,-1
Low, UVP_assignments_GNI_2_MC, Sudan,0,58, Td,0.05,0.72,2,2,809,0,0,0,0,0,0,-1
Low, UVP_assignments_GNI_2_MC, Sudan,0,59, YF,0.66,0.72,2,2,809,0,0,0,0,0,0,-1
Low, UVP_assignments_GNI_2_MC, Sudan,0,60, YF,0.5,0.72,2,2,809,0,0,0,0,0,0,-1
Low, UVP_assignments_GNI_2_MC, Sudan,0,61, YF,0.75,0.72,2,2,809,0,0,0,0,0,0,-1
Low, UVP_assignments_GNI_2_MC, Sudan,0,62, YF,0.5,0.72,2,2,809,0,0,0,0,0,0,-1
Low, UVP_assignments_GNI_2_MC, Syria,0,1, BCG,0,0,2,2,776,0,0,0,0,0,0,-1
Low, UVP_assignments_GNI_2_MC, Syria,0,2, BCG,0.09,0.71,2,2,776,0,0,0,0,0,0,-1
Low, UVP_assignments_GNI_2_MC, Syria,0,3, BCG,0,0,2,2,776,0,0,0,0,0,0,-1
Low, UVP_assignments_GNI_2_MC, Syria,0,4, BCG,0.14,0.71,2,2,776,0,0,0,0,0,0,-1
Low, UVP_assignments_GNI_2_MC, Syria,0,5, DT,0,0.04,2,2,776,0,0,0,0,0,0,-1
Low, UVP_assignments_GNI_2_MC, Syria,0,6, DT,0.08,0.71,2,2,776,0,0,0,0,0,0,-1
Low, UVP_assignments_GNI_2_MC, Syria,0,7, DTP,0.08,0.71,2,2,776,0,0,0,0,0,0,-1
Low, UVP_assignments_GNI_2_MC, Syria,0,8, DTP,0.09,0.71,2,2,776,0,0,0,0,0,0,-1
Low, UVP_assignments_GNI_2_MC, Syria,0,9, DTP-HepB-Hib,0.38,0.71,2,2,776,0,0,0,0,0,0,-1
Low, UVP_assignments_GNI_2_MC, Syria,0,10, DTP-HepB-Hib,0.56,0.71,2,2,776,0,0,0,0,0,0,-1
Low, UVP_assignments_GNI_2_MC, Syria,0,11, DTP-HepB-Hib,0.51,0.71,2,2,776,0,0,0,0,0,0,-1
Low, UVP_assignments_GNI_2_MC, Syria,0,12, DTP-HepB-Hib,0.58,0.71,2,2,776,0,0,0,0,0,0,-1
Low, UVP_assignments_GNI_2_MC, Syria,0,13, DTP-HepB-Hib,0.56,0.71,2,2,776,0,0,0,0,0,0,-1
Low, UVP_assignments_GNI_2_MC, Syria,0,14, DTP-HepB-Hib,0.4,0.71,2,2,776,0,0,0,0,0,0,-1
Low, UVP_assignments_GNI_2_MC, Syria,0,15, DTP-HepB-Hib,0.37,0.71,2,2,776,0,0,0,0,0,0,-1
Low, UVP_assignments_GNI_2_MC, Syria,0,16, DTP-HepB-Hib,0.39,0.71,2,2,776,0,0,0,0,0,0,-1
Low, UVP_assignments_GNI_2_MC, Syria,0,17, HPV,2.25,0.71,2,2,776,0,0,0,0,0,0,-1
Low, UVP_assignments_GNI_2_MC, Syria,0,18, HPV,2.21,0.71,2,2,776,0,0,0,0,0,0,-1
Low, UVP_assignments_GNI_2_MC, Syria,0,19, HepB,0.24,0.71,2,2,776,0,0,0,0,0,0,-1
Low, UVP_assignments_GNI_2_MC, Syria,0,20, HepB,0.29,0.71,2,2,776,0,0,0,0,0,0,-1
Low, UVP_assignments_GNI_2_MC, Syria,0,21, HepB,0.12,0.71,2,2,776,0,0,0,0,0,0,-1
Low, UVP_assignments_GNI_2_MC, Syria,0,22, HepB,0.12,0.71,2,2,776,0,0,0,0,0,0,-1
Low, UVP_assignments_GNI_2_MC, Syria,0,23, Hib,1.05,0.71,2,2,776,0,0,0,0,0,0,-1
Low, UVP_assignments_GNI_2_MC, Syria,0,24, IPV,0,0,2,2,776,0,0,0,0,0,0,-1
Low, UVP_assignments_GNI_2_MC, Syria,0,25, IPV,1.2,0.71,2,2,776,0,0,0,0,0,0,-1
Low, UVP_assignments_GNI_2_MC, Syria,0,26, IPV,1.52,0.71,2,2,776,0,0,0,0,0,0,-1
Low, UVP_assignments_GNI_2_MC, Syria,0,27, IPV,0.86,0.71,2,2,776,0,0,0,0,0,0,-1
Low, UVP_assignments_GNI_2_MC, Syria,0,28, IPV,0,0,2,2,776,0,0,0,0,0,0,-1
Low, UVP_assignments_GNI_2_MC, Syria,0,29, IPV,1.37,0.71,2,2,776,0,0,0,0,0,0,-1
Low, UVP_assignments_GNI_2_MC, Syria,0,30, MMR,0.49,0.5,2,2,776,0,0,0,0,0,0,-1
Low, UVP_assignments_GNI_2_MC, Syria,0,31, MMR,2.19,0.71,2,2,776,0,0,0,0,0,0,-1
Low, UVP_assignments_GNI_2_MC, Syria,0,32, MMR,1.45,0.71,2,2,776,0,0,0,0,0,0,-1
Low, UVP_assignments_GNI_2_MC, Syria,0,33, MMR,0.72,0.71,2,2,776,0,0,0,0,0,0,-1
Low, UVP_assignments_GNI_2_MC, Syria,0,34, OPV,0.09,0.71,2,2,776,0,0,0,0,0,0,-1
Low, UVP_assignments_GNI_2_MC, Syria,0,35, OPV,0.04,0.71,2,2,776,0,0,0,0,0,0,-1
Low, UVP_assignments_GNI_2_MC, Syria,0,36, OPV,0.06,0.71,2,2,776,0,0,0,0,0,0,-1
Low, UVP_assignments_GNI_2_MC, Syria,0,37, OPV,0.07,0.71,2,2,776,0,0,0,0,0,0,-1
Low, UVP_assignments_GNI_2_MC, Syria,0,38, OPV,0.06,0.71,2,2,776,0,0,0,0,0,0,-1
Low, UVP_assignments_GNI_2_MC, Syria,0,39, OPV,0.06,0.71,2,2,776,0,0,0,0,0,0,-1
Low, UVP_assignments_GNI_2_MC, Syria,0,40, OPV,0.09,0.71,2,2,776,0,0,0,0,0,0,-1
Low, UVP_assignments_GNI_2_MC, Syria,0,41, OPV,0.07,0.71,2,2,776,0,0,0,0,0,0,-1
Low, UVP_assignments_GNI_2_MC, Syria,0,42, OPV,0.08,0.71,2,2,776,0,0,0,0,0,0,-1
Low, UVP_assignments_GNI_2_MC, Syria,0,43, PCV,1.42,0.71,2,2,776,0,0,0,0,0,0,-1
Low, UVP_assignments_GNI_2_MC, Syria,0,44, PCV,1.49,0.71,2,2,776,0,0,0,0,0,0,-1
Low, UVP_assignments_GNI_2_MC, Syria,0,45, PCV,1.49,0.71,2,2,776,0,0,0,0,0,0,-1
Low, UVP_assignments_GNI_2_MC, Syria,0,46, PCV,1.69,0.71,2,2,776,0,0,0,0,0,0,-1
Low, UVP_assignments_GNI_2_MC, Syria,0,47, PCV,1.62,0.71,2,2,776,0,0,0,0,0,0,-1
Low, UVP_assignments_GNI_2_MC, Syria,0,48, PCV,1.42,0.71,2,2,776,0,0,0,0,0,0,-1
Low, UVP_assignments_GNI_2_MC, Syria,0,49, Rota,0.42,0.71,2,2,776,0,0,0,0,0,0,-1
Low, UVP_assignments_GNI_2_MC, Syria,0,50, Rota,0.47,0.71,2,2,776,0,0,0,0,0,0,-1
Low, UVP_assignments_GNI_2_MC, Syria,0,51, Rota,1.15,0.71,2,2,776,0,0,0,0,0,0,-1
Low, UVP_assignments_GNI_2_MC, Syria,0,52, Td,0.05,0.71,2,2,776,0,0,0,0,0,0,-1
Low, UVP_assignments_GNI_2_MC, Syria,0,53, Td,0.05,0.71,2,2,776,0,0,0,0,0,0,-1
Low, UVP_assignments_GNI_2_MC, Syria,0,54, Td,0,0,2,2,776,0,0,0,0,0,0,-1
Low, UVP_assignments_GNI_2_MC, Syria,0,55, Td,0.04,0.39,2,2,776,0,0,0,0,0,0,-1
Low, UVP_assignments_GNI_2_MC, Syria,0,56, Td,0.05,0.71,2,2,776,0,0,0,0,0,0,-1
Low, UVP_assignments_GNI_2_MC, Syria,0,57, Td,0,-0.02,2,2,776,0,0,0,0,0,0,-1
Low, UVP_assignments_GNI_2_MC, Syria,0,58, Td,0.04,0.71,2,2,776,0,0,0,0,0,0,-1
Low, UVP_assignments_GNI_2_MC, Syria,0,59, YF,0.63,0.71,2,2,776,0,0,0,0,0,0,-1
Low, UVP_assignments_GNI_2_MC, Syria,0,60, YF,0.48,0.71,2,2,776,0,0,0,0,0,0,-1
Low, UVP_assignments_GNI_2_MC, Syria,0,61, YF,0.71,0.71,2,2,776,0,0,0,0,0,0,-1
Low, UVP_assignments_GNI_2_MC, Syria,0,62, YF,0.48,0.71,2,2,776,0,0,0,0,0,0,-1
Low, UVP_assignments_GNI_2_MC, 'São Tomé',0,1, BCG,0,0,1,2,2524,0,0,0,0,0,0,-1
Low, UVP_assignments_GNI_2_MC, 'São Tomé',0,2, BCG,0.12,0.29,1,2,2524,0,0,0,0,0,0,-1
Low, UVP_assignments_GNI_2_MC, 'São Tomé',0,3, BCG,0,0,1,2,2524,0,0,0,0,0,0,-1
Low, UVP_assignments_GNI_2_MC, 'São Tomé',0,4, BCG,0.18,0.29,1,2,2524,0,0,0,0,0,0,-1
Low, UVP_assignments_GNI_2_MC, 'São Tomé',0,5, DT,0,0,1,2,2524,0,0,0,0,0,0,-1
Low, UVP_assignments_GNI_2_MC, 'São Tomé',0,6, DT,0.11,0.29,1,2,2524,0,0,0,0,0,0,-1
Low, UVP_assignments_GNI_2_MC, 'São Tomé',0,7, DTP,0.11,0.29,1,2,2524,0,0,0,0,0,0,-1
Low, UVP_assignments_GNI_2_MC, 'São Tomé',0,8, DTP,0.12,0.29,1,2,2524,0,0,0,0,0,0,-1
Low, UVP_assignments_GNI_2_MC, 'São Tomé',0,9, DTP-HepB-Hib,0.51,0.29,1,2,2524,0,0,0,0,0,0,-1
Low, UVP_assignments_GNI_2_MC, 'São Tomé',0,10, DTP-HepB-Hib,0.74,0.29,1,2,2524,0,0,0,0,0,0,-1
Low, UVP_assignments_GNI_2_MC, 'São Tomé',0,11, DTP-HepB-Hib,0.68,0.29,1,2,2524,0,0,0,0,0,0,-1
Low, UVP_assignments_GNI_2_MC, 'São Tomé',0,12, DTP-HepB-Hib,0.77,0.29,1,2,2524,0,0,0,0,0,0,-1
Low, UVP_assignments_GNI_2_MC, 'São Tomé',0,13, DTP-HepB-Hib,0.74,0.29,1,2,2524,0,0,0,0,0,0,-1
Low, UVP_assignments_GNI_2_MC, 'São Tomé',0,14, DTP-HepB-Hib,0.52,0.29,1,2,2524,0,0,0,0,0,0,-1
Low, UVP_assignments_GNI_2_MC, 'São Tomé',0,15, DTP-HepB-Hib,0.49,0.29,1,2,2524,0,0,0,0,0,0,-1
Low, UVP_assignments_GNI_2_MC, 'São Tomé',0,16, DTP-HepB-Hib,0.52,0.29,1,2,2524,0,0,0,0,0,0,-1
Low, UVP_assignments_GNI_2_MC, 'São Tomé',0,17, HPV,2.98,0.29,1,2,2524,0,0,0,0,0,0,-1
Low, UVP_assignments_GNI_2_MC, 'São Tomé',0,18, HPV,2.91,0.29,1,2,2524,0,0,0,0,0,0,-1
Low, UVP_assignments_GNI_2_MC, 'São Tomé',0,19, HepB,0.32,0.29,1,2,2524,0,0,0,0,0,0,-1
Low, UVP_assignments_GNI_2_MC, 'São Tomé',0,20, HepB,0.39,0.29,1,2,2524,0,0,0,0,0,0,-1
Low, UVP_assignments_GNI_2_MC, 'São Tomé',0,21, HepB,0.16,0.29,1,2,2524,0,0,0,0,0,0,-1
Low, UVP_assignments_GNI_2_MC, 'São Tomé',0,22, HepB,0.16,0.29,1,2,2524,0,0,0,0,0,0,-1
Low, UVP_assignments_GNI_2_MC, 'São Tomé',0,23, Hib,1.39,0.29,1,2,2524,0,0,0,0,0,0,-1
Low, UVP_assignments_GNI_2_MC, 'São Tomé',0,24, IPV,1.35,0.29,1,2,2524,0,0,0,0,0,0,-1
Low, UVP_assignments_GNI_2_MC, 'São Tomé',0,25, IPV,1.59,0.29,1,2,2524,0,0,0,0,0,0,-1
Low, UVP_assignments_GNI_2_MC, 'São Tomé',0,26, IPV,2.01,0.29,1,2,2524,0,0,0,0,0,0,-1
Low, UVP_assignments_GNI_2_MC, 'São Tomé',0,27, IPV,1.13,0.29,1,2,2524,0,0,0,0,0,0,-1
Low, UVP_assignments_GNI_2_MC, 'São Tomé',0,28, IPV,1.51,0.29,1,2,2524,0,0,0,0,0,0,-1
Low, UVP_assignments_GNI_2_MC, 'São Tomé',0,29, IPV,1.81,0.29,1,2,2524,0,0,0,0,0,0,-1
Low, UVP_assignments_GNI_2_MC, 'São Tomé',0,30, MMR,0,0,1,2,2524,0,0,0,0,0,0,-1
Low, UVP_assignments_GNI_2_MC, 'São Tomé',0,31, MMR,2.89,0.29,1,2,2524,0,0,0,0,0,0,-1
Low, UVP_assignments_GNI_2_MC, 'São Tomé',0,32, MMR,1.91,0.29,1,2,2524,0,0,0,0,0,0,-1
Low, UVP_assignments_GNI_2_MC, 'São Tomé',0,33, MMR,0.95,0.29,1,2,2524,0,0,0,0,0,0,-1
Low, UVP_assignments_GNI_2_MC, 'São Tomé',0,34, OPV,0.12,0.29,1,2,2524,0,0,0,0,0,0,-1
Low, UVP_assignments_GNI_2_MC, 'São Tomé',0,35, OPV,0.06,0.29,1,2,2524,0,0,0,0,0,0,-1
Low, UVP_assignments_GNI_2_MC, 'São Tomé',0,36, OPV,0.08,0.29,1,2,2524,0,0,0,0,0,0,-1
Low, UVP_assignments_GNI_2_MC, 'São Tomé',0,37, OPV,0.09,0.29,1,2,2524,0,0,0,0,0,0,-1
Low, UVP_assignments_GNI_2_MC, 'São Tomé',0,38, OPV,0.08,0.29,1,2,2524,0,0,0,0,0,0,-1
Low, UVP_assignments_GNI_2_MC, 'São Tomé',0,39, OPV,0.08,0.29,1,2,2524,0,0,0,0,0,0,-1
Low, UVP_assignments_GNI_2_MC, 'São Tomé',0,40, OPV,0.12,0.29,1,2,2524,0,0,0,0,0,0,-1
Low, UVP_assignments_GNI_2_MC, 'São Tomé',0,41, OPV,0.09,0.29,1,2,2524,0,0,0,0,0,0,-1
Low, UVP_assignments_GNI_2_MC, 'São Tomé',0,42, OPV,0.11,0.29,1,2,2524,0,0,0,0,0,0,-1
Low, UVP_assignments_GNI_2_MC, 'São Tomé',0,43, PCV,1.88,0.29,1,2,2524,0,0,0,0,0,0,-1
Low, UVP_assignments_GNI_2_MC, 'São Tomé',0,44, PCV,1.98,0.29,1,2,2524,0,0,0,0,0,0,-1
Low, UVP_assignments_GNI_2_MC, 'São Tomé',0,45, PCV,1.98,0.29,1,2,2524,0,0,0,0,0,0,-1
Low, UVP_assignments_GNI_2_MC, 'São Tomé',0,46, PCV,2.23,0.29,1,2,2524,0,0,0,0,0,0,-1
Low, UVP_assignments_GNI_2_MC, 'São Tomé',0,47, PCV,2.14,0.29,1,2,2524,0,0,0,0,0,0,-1
Low, UVP_assignments_GNI_2_MC, 'São Tomé',0,48, PCV,1.88,0.29,1,2,2524,0,0,0,0,0,0,-1
Low, UVP_assignments_GNI_2_MC, 'São Tomé',0,49, Rota,0.55,0.29,1,2,2524,0,0,0,0,0,0,-1
Low, UVP_assignments_GNI_2_MC, 'São Tomé',0,50, Rota,0.62,0.29,1,2,2524,0,0,0,0,0,0,-1
Low, UVP_assignments_GNI_2_MC, 'São Tomé',0,51, Rota,1.52,0.29,1,2,2524,0,0,0,0,0,0,-1
Low, UVP_assignments_GNI_2_MC, 'São Tomé',0,52, Td,0.07,0.29,1,2,2524,0,0,0,0,0,0,-1
Low, UVP_assignments_GNI_2_MC, 'São Tomé',0,53, Td,0.07,0.29,1,2,2524,0,0,0,0,0,0,-1
Low, UVP_assignments_GNI_2_MC, 'São Tomé',0,54, Td,0,0,1,2,2524,0,0,0,0,0,0,-1
Low, UVP_assignments_GNI_2_MC, 'São Tomé',0,55, Td,0.09,0.29,1,2,2524,0,0,0,0,0,0,-1
Low, UVP_assignments_GNI_2_MC, 'São Tomé',0,56, Td,0.06,0.29,1,2,2524,0,0,0,0,0,0,-1
Low, UVP_assignments_GNI_2_MC, 'São Tomé',0,57, Td,0.06,0.26,1,2,2524,0,0,0,0,0,0,-1
Low, UVP_assignments_GNI_2_MC, 'São Tomé',0,58, Td,0.06,0.29,1,2,2524,0,0,0,0,0,0,-1
Low, UVP_assignments_GNI_2_MC, 'São Tomé',0,59, YF,0.83,0.29,1,2,2524,0,0,0,0,0,0,-1
Low, UVP_assignments_GNI_2_MC, 'São Tomé',0,60, YF,0.63,0.29,1,2,2524,0,0,0,0,0,0,-1
Low, UVP_assignments_GNI_2_MC, 'São Tomé',0,61, YF,0.93,0.29,1,2,2524,0,0,0,0,0,0,-1
Low, UVP_assignments_GNI_2_MC, 'São Tomé',0,62, YF,0.63,0.29,1,2,2524,0,0,0,0,0,0,-1
Low, UVP_assignments_GNI_2_MC, Tajikistan,0,1, BCG,0,0,2,2,890,0,0,0,0,0,0,-1
Low, UVP_assignments_GNI_2_MC, Tajikistan,0,2, BCG,0.11,0.75,2,2,890,0,0,0,0,0,0,-1
Low, UVP_assignments_GNI_2_MC, Tajikistan,0,3, BCG,0,0,2,2,890,0,0,0,0,0,0,-1
Low, UVP_assignments_GNI_2_MC, Tajikistan,0,4, BCG,0.17,0.75,2,2,890,0,0,0,0,0,0,-1
Low, UVP_assignments_GNI_2_MC, Tajikistan,0,5, DT,0.02,0.16,2,2,890,0,0,0,0,0,0,-1
Low, UVP_assignments_GNI_2_MC, Tajikistan,0,6, DT,0.1,0.75,2,2,890,0,0,0,0,0,0,-1
Low, UVP_assignments_GNI_2_MC, Tajikistan,0,7, DTP,0.1,0.75,2,2,890,0,0,0,0,0,0,-1
Low, UVP_assignments_GNI_2_MC, Tajikistan,0,8, DTP,0.11,0.75,2,2,890,0,0,0,0,0,0,-1
Low, UVP_assignments_GNI_2_MC, Tajikistan,0,9, DTP-HepB-Hib,0.46,0.75,2,2,890,0,0,0,0,0,0,-1
Low, UVP_assignments_GNI_2_MC, Tajikistan,0,10, DTP-HepB-Hib,0.68,0.75,2,2,890,0,0,0,0,0,0,-1
Low, UVP_assignments_GNI_2_MC, Tajikistan,0,11, DTP-HepB-Hib,0.62,0.75,2,2,890,0,0,0,0,0,0,-1
Low, UVP_assignments_GNI_2_MC, Tajikistan,0,12, DTP-HepB-Hib,0.7,0.75,2,2,890,0,0,0,0,0,0,-1
Low, UVP_assignments_GNI_2_MC, Tajikistan,0,13, DTP-HepB-Hib,0.68,0.75,2,2,890,0,0,0,0,0,0,-1
Low, UVP_assignments_GNI_2_MC, Tajikistan,0,14, DTP-HepB-Hib,0.48,0.75,2,2,890,0,0,0,0,0,0,-1
Low, UVP_assignments_GNI_2_MC, Tajikistan,0,15, DTP-HepB-Hib,0.44,0.75,2,2,890,0,0,0,0,0,0,-1
Low, UVP_assignments_GNI_2_MC, Tajikistan,0,16, DTP-HepB-Hib,0.47,0.75,2,2,890,0,0,0,0,0,0,-1
Low, UVP_assignments_GNI_2_MC, Tajikistan,0,17, HPV,2.72,0.75,2,2,890,0,0,0,0,0,0,-1
Low, UVP_assignments_GNI_2_MC, Tajikistan,0,18, HPV,2.66,0.75,2,2,890,0,0,0,0,0,0,-1
Low, UVP_assignments_GNI_2_MC, Tajikistan,0,19, HepB,0.29,0.75,2,2,890,0,0,0,0,0,0,-1
Low, UVP_assignments_GNI_2_MC, Tajikistan,0,20, HepB,0.35,0.75,2,2,890,0,0,0,0,0,0,-1
Low, UVP_assignments_GNI_2_MC, Tajikistan,0,21, HepB,0.14,0.75,2,2,890,0,0,0,0,0,0,-1
Low, UVP_assignments_GNI_2_MC, Tajikistan,0,22, HepB,0.15,0.75,2,2,890,0,0,0,0,0,0,-1
Low, UVP_assignments_GNI_2_MC, Tajikistan,0,23, Hib,1.27,0.75,2,2,890,0,0,0,0,0,0,-1
Low, UVP_assignments_GNI_2_MC, Tajikistan,0,24, IPV,0,0,2,2,890,0,0,0,0,0,0,-1
Low, UVP_assignments_GNI_2_MC, Tajikistan,0,25, IPV,1.45,0.75,2,2,890,0,0,0,0,0,0,-1
Low, UVP_assignments_GNI_2_MC, Tajikistan,0,26, IPV,1.83,0.75,2,2,890,0,0,0,0,0,0,-1
Low, UVP_assignments_GNI_2_MC, Tajikistan,0,27, IPV,1.04,0.75,2,2,890,0,0,0,0,0,0,-1
Low, UVP_assignments_GNI_2_MC, Tajikistan,0,28, IPV,0,0,2,2,890,0,0,0,0,0,0,-1
Low, UVP_assignments_GNI_2_MC, Tajikistan,0,29, IPV,1.66,0.75,2,2,890,0,0,0,0,0,0,-1
Low, UVP_assignments_GNI_2_MC, Tajikistan,0,30, MMR,0.63,0.57,2,2,890,0,0,0,0,0,0,-1
Low, UVP_assignments_GNI_2_MC, Tajikistan,0,31, MMR,2.64,0.75,2,2,890,0,0,0,0,0,0,-1
Low, UVP_assignments_GNI_2_MC, Tajikistan,0,32, MMR,1.74,0.75,2,2,890,0,0,0,0,0,0,-1
Low, UVP_assignments_GNI_2_MC, Tajikistan,0,33, MMR,0.87,0.75,2,2,890,0,0,0,0,0,0,-1
Low, UVP_assignments_GNI_2_MC, Tajikistan,0,34, OPV,0.11,0.75,2,2,890,0,0,0,0,0,0,-1
Low, UVP_assignments_GNI_2_MC, Tajikistan,0,35, OPV,0.05,0.75,2,2,890,0,0,0,0,0,0,-1
Low, UVP_assignments_GNI_2_MC, Tajikistan,0,36, OPV,0.08,0.75,2,2,890,0,0,0,0,0,0,-1
Low, UVP_assignments_GNI_2_MC, Tajikistan,0,37, OPV,0.08,0.75,2,2,890,0,0,0,0,0,0,-1
Low, UVP_assignments_GNI_2_MC, Tajikistan,0,38, OPV,0.07,0.75,2,2,890,0,0,0,0,0,0,-1
Low, UVP_assignments_GNI_2_MC, Tajikistan,0,39, OPV,0.08,0.75,2,2,890,0,0,0,0,0,0,-1
Low, UVP_assignments_GNI_2_MC, Tajikistan,0,40, OPV,0.11,0.75,2,2,890,0,0,0,0,0,0,-1
Low, UVP_assignments_GNI_2_MC, Tajikistan,0,41, OPV,0.08,0.75,2,2,890,0,0,0,0,0,0,-1
Low, UVP_assignments_GNI_2_MC, Tajikistan,0,42, OPV,0.1,0.75,2,2,890,0,0,0,0,0,0,-1
Low, UVP_assignments_GNI_2_MC, Tajikistan,0,43, PCV,1.72,0.75,2,2,890,0,0,0,0,0,0,-1
Low, UVP_assignments_GNI_2_MC, Tajikistan,0,44, PCV,1.8,0.75,2,2,890,0,0,0,0,0,0,-1
Low, UVP_assignments_GNI_2_MC, Tajikistan,0,45, PCV,1.8,0.75,2,2,890,0,0,0,0,0,0,-1
Low, UVP_assignments_GNI_2_MC, Tajikistan,0,46, PCV,2.04,0.75,2,2,890,0,0,0,0,0,0,-1
Low, UVP_assignments_GNI_2_MC, Tajikistan,0,47, PCV,1.95,0.75,2,2,890,0,0,0,0,0,0,-1
Low, UVP_assignments_GNI_2_MC, Tajikistan,0,48, PCV,1.72,0.75,2,2,890,0,0,0,0,0,0,-1
Low, UVP_assignments_GNI_2_MC, Tajikistan,0,49, Rota,0.5,0.75,2,2,890,0,0,0,0,0,0,-1
Low, UVP_assignments_GNI_2_MC, Tajikistan,0,50, Rota,0.56,0.75,2,2,890,0,0,0,0,0,0,-1
Low, UVP_assignments_GNI_2_MC, Tajikistan,0,51, Rota,1.39,0.75,2,2,890,0,0,0,0,0,0,-1
Low, UVP_assignments_GNI_2_MC, Tajikistan,0,52, Td,0.07,0.75,2,2,890,0,0,0,0,0,0,-1
Low, UVP_assignments_GNI_2_MC, Tajikistan,0,53, Td,0.07,0.75,2,2,890,0,0,0,0,0,0,-1
Low, UVP_assignments_GNI_2_MC, Tajikistan,0,54, Td,0,0,2,2,890,0,0,0,0,0,0,-1
Low, UVP_assignments_GNI_2_MC, Tajikistan,0,55, Td,0.05,0.47,2,2,890,0,0,0,0,0,0,-1
Low, UVP_assignments_GNI_2_MC, Tajikistan,0,56, Td,0.06,0.75,2,2,890,0,0,0,0,0,0,-1
Low, UVP_assignments_GNI_2_MC, Tajikistan,0,57, Td,0.01,0.11,2,2,890,0,0,0,0,0,0,-1
Low, UVP_assignments_GNI_2_MC, Tajikistan,0,58, Td,0.05,0.75,2,2,890,0,0,0,0,0,0,-1
Low, UVP_assignments_GNI_2_MC, Tajikistan,0,59, YF,0.76,0.75,2,2,890,0,0,0,0,0,0,-1
Low, UVP_assignments_GNI_2_MC, Tajikistan,0,60, YF,0.57,0.75,2,2,890,0,0,0,0,0,0,-1
Low, UVP_assignments_GNI_2_MC, Tajikistan,0,61, YF,0.85,0.75,2,2,890,0,0,0,0,0,0,-1
Low, UVP_assignments_GNI_2_MC, Tajikistan,0,62, YF,0.57,0.75,2,2,890,0,0,0,0,0,0,-1
Low, UVP_assignments_GNI_2_MC, Tanzania,0,1, BCG,0,0,2,2,1212,0,0,0,0,0,0,-1
Low, UVP_assignments_GNI_2_MC, Tanzania,0,2, BCG,0.17,0.81,2,2,1212,0,0,0,0,0,0,-1
Low, UVP_assignments_GNI_2_MC, Tanzania,0,3, BCG,0,0,2,2,1212,0,0,0,0,0,0,-1
Low, UVP_assignments_GNI_2_MC, Tanzania,0,4, BCG,0.25,0.81,2,2,1212,0,0,0,0,0,0,-1
Low, UVP_assignments_GNI_2_MC, Tanzania,0,5, DT,0.07,0.38,2,2,1212,0,0,0,0,0,0,-1
Low, UVP_assignments_GNI_2_MC, Tanzania,0,6, DT,0.15,0.81,2,2,1212,0,0,0,0,0,0,-1
Low, UVP_assignments_GNI_2_MC, Tanzania,0,7, DTP,0.15,0.81,2,2,1212,0,0,0,0,0,0,-1
Low, UVP_assignments_GNI_2_MC, Tanzania,0,8, DTP,0.17,0.81,2,2,1212,0,0,0,0,0,0,-1
Low, UVP_assignments_GNI_2_MC, Tanzania,0,9, DTP-HepB-Hib,0.68,0.81,2,2,1212,0,0,0,0,0,0,-1
Low, UVP_assignments_GNI_2_MC, Tanzania,0,10, DTP-HepB-Hib,1.01,0.81,2,2,1212,0,0,0,0,0,0,-1
Low, UVP_assignments_GNI_2_MC, Tanzania,0,11, DTP-HepB-Hib,0.92,0.81,2,2,1212,0,0,0,0,0,0,-1
Low, UVP_assignments_GNI_2_MC, Tanzania,0,12, DTP-HepB-Hib,1.04,0.81,2,2,1212,0,0,0,0,0,0,-1
Low, UVP_assignments_GNI_2_MC, Tanzania,0,13, DTP-HepB-Hib,1.01,0.81,2,2,1212,0,0,0,0,0,0,-1
Low, UVP_assignments_GNI_2_MC, Tanzania,0,14, DTP-HepB-Hib,0.71,0.81,2,2,1212,0,0,0,0,0,0,-1
Low, UVP_assignments_GNI_2_MC, Tanzania,0,15, DTP-HepB-Hib,0.66,0.81,2,2,1212,0,0,0,0,0,0,-1
Low, UVP_assignments_GNI_2_MC, Tanzania,0,16, DTP-HepB-Hib,0.7,0.81,2,2,1212,0,0,0,0,0,0,-1
Low, UVP_assignments_GNI_2_MC, Tanzania,0,17, HPV,4.04,0.81,2,2,1212,0,0,0,0,0,0,-1
Low, UVP_assignments_GNI_2_MC, Tanzania,0,18, HPV,3.95,0.81,2,2,1212,0,0,0,0,0,0,-1
Low, UVP_assignments_GNI_2_MC, Tanzania,0,19, HepB,0.43,0.81,2,2,1212,0,0,0,0,0,0,-1
Low, UVP_assignments_GNI_2_MC, Tanzania,0,20, HepB,0.53,0.81,2,2,1212,0,0,0,0,0,0,-1
Low, UVP_assignments_GNI_2_MC, Tanzania,0,21, HepB,0.21,0.81,2,2,1212,0,0,0,0,0,0,-1
Low, UVP_assignments_GNI_2_MC, Tanzania,0,22, HepB,0.22,0.81,2,2,1212,0,0,0,0,0,0,-1
Low, UVP_assignments_GNI_2_MC, Tanzania,0,23, Hib,1.89,0.81,2,2,1212,0,0,0,0,0,0,-1
Low, UVP_assignments_GNI_2_MC, Tanzania,0,24, IPV,0,0,2,2,1212,0,0,0,0,0,0,-1
Low, UVP_assignments_GNI_2_MC, Tanzania,0,25, IPV,2.15,0.81,2,2,1212,0,0,0,0,0,0,-1
Low, UVP_assignments_GNI_2_MC, Tanzania,0,26, IPV,2.72,0.81,2,2,1212,0,0,0,0,0,0,-1
Low, UVP_assignments_GNI_2_MC, Tanzania,0,27, IPV,1.54,0.81,2,2,1212,0,0,0,0,0,0,-1
Low, UVP_assignments_GNI_2_MC, Tanzania,0,28, IPV,0,0,2,2,1212,0,0,0,0,0,0,-1
Low, UVP_assignments_GNI_2_MC, Tanzania,0,29, IPV,2.46,0.81,2,2,1212,0,0,0,0,0,0,-1
Low, UVP_assignments_GNI_2_MC, Tanzania,0,30, MMR,1.04,0.68,2,2,1212,0,0,0,0,0,0,-1
Low, UVP_assignments_GNI_2_MC, Tanzania,0,31, MMR,3.92,0.81,2,2,1212,0,0,0,0,0,0,-1
Low, UVP_assignments_GNI_2_MC, Tanzania,0,32, MMR,2.59,0.81,2,2,1212,0,0,0,0,0,0,-1
Low, UVP_assignments_GNI_2_MC, Tanzania,0,33, MMR,1.29,0.81,2,2,1212,0,0,0,0,0,0,-1
Low, UVP_assignments_GNI_2_MC, Tanzania,0,34, OPV,0.16,0.81,2,2,1212,0,0,0,0,0,0,-1
Low, UVP_assignments_GNI_2_MC, Tanzania,0,35, OPV,0.08,0.81,2,2,1212,0,0,0,0,0,0,-1
Low, UVP_assignments_GNI_2_MC, Tanzania,0,36, OPV,0.11,0.81,2,2,1212,0,0,0,0,0,0,-1
Low, UVP_assignments_GNI_2_MC, Tanzania,0,37, OPV,0.12,0.81,2,2,1212,0,0,0,0,0,0,-1
Low, UVP_assignments_GNI_2_MC, Tanzania,0,38, OPV,0.11,0.81,2,2,1212,0,0,0,0,0,0,-1
Low, UVP_assignments_GNI_2_MC, Tanzania,0,39, OPV,0.11,0.81,2,2,1212,0,0,0,0,0,0,-1
Low, UVP_assignments_GNI_2_MC, Tanzania,0,40, OPV,0.17,0.81,2,2,1212,0,0,0,0,0,0,-1
Low, UVP_assignments_GNI_2_MC, Tanzania,0,41, OPV,0.12,0.81,2,2,1212,0,0,0,0,0,0,-1
Low, UVP_assignments_GNI_2_MC, Tanzania,0,42, OPV,0.15,0.81,2,2,1212,0,0,0,0,0,0,-1
Low, UVP_assignments_GNI_2_MC, Tanzania,0,43, PCV,2.54,0.81,2,2,1212,0,0,0,0,0,0,-1
Low, UVP_assignments_GNI_2_MC, Tanzania,0,44, PCV,2.68,0.81,2,2,1212,0,0,0,0,0,0,-1
Low, UVP_assignments_GNI_2_MC, Tanzania,0,45, PCV,2.68,0.81,2,2,1212,0,0,0,0,0,0,-1
Low, UVP_assignments_GNI_2_MC, Tanzania,0,46, PCV,3.03,0.81,2,2,1212,0,0,0,0,0,0,-1
Low, UVP_assignments_GNI_2_MC, Tanzania,0,47, PCV,2.9,0.81,2,2,1212,0,0,0,0,0,0,-1
Low, UVP_assignments_GNI_2_MC, Tanzania,0,48, PCV,2.54,0.81,2,2,1212,0,0,0,0,0,0,-1
Low, UVP_assignments_GNI_2_MC, Tanzania,0,49, Rota,0.75,0.81,2,2,1212,0,0,0,0,0,0,-1
Low, UVP_assignments_GNI_2_MC, Tanzania,0,50, Rota,0.83,0.81,2,2,1212,0,0,0,0,0,0,-1
Low, UVP_assignments_GNI_2_MC, Tanzania,0,51, Rota,2.06,0.81,2,2,1212,0,0,0,0,0,0,-1
Low, UVP_assignments_GNI_2_MC, Tanzania,0,52, Td,0.1,0.81,2,2,1212,0,0,0,0,0,0,-1
Low, UVP_assignments_GNI_2_MC, Tanzania,0,53, Td,0.1,0.81,2,2,1212,0,0,0,0,0,0,-1
Low, UVP_assignments_GNI_2_MC, Tanzania,0,54, Td,0,0,2,2,1212,0,0,0,0,0,0,-1
Low, UVP_assignments_GNI_2_MC, Tanzania,0,55, Td,0.09,0.61,2,2,1212,0,0,0,0,0,0,-1
Low, UVP_assignments_GNI_2_MC, Tanzania,0,56, Td,0.09,0.81,2,2,1212,0,0,0,0,0,0,-1
Low, UVP_assignments_GNI_2_MC, Tanzania,0,57, Td,0.04,0.35,2,2,1212,0,0,0,0,0,0,-1
Low, UVP_assignments_GNI_2_MC, Tanzania,0,58, Td,0.08,0.81,2,2,1212,0,0,0,0,0,0,-1
Low, UVP_assignments_GNI_2_MC, Tanzania,0,59, YF,1.12,0.81,2,2,1212,0,0,0,0,0,0,-1
Low, UVP_assignments_GNI_2_MC, Tanzania,0,60, YF,0.85,0.81,2,2,1212,0,0,0,0,0,0,-1
Low, UVP_assignments_GNI_2_MC, Tanzania,0,61, YF,1.26,0.81,2,2,1212,0,0,0,0,0,0,-1
Low, UVP_assignments_GNI_2_MC, Tanzania,0,62, YF,0.85,0.81,2,2,1212,0,0,0,0,0,0,-1
Low, UVP_assignments_GNI_2_MC, Togo,0,1, BCG,0,0,2,2,1076,0,0,0,0,0,0,-1
Low, UVP_assignments_GNI_2_MC, Togo,0,2, BCG,0.14,0.79,2,2,1076,0,0,0,0,0,0,-1
Low, UVP_assignments_GNI_2_MC, Togo,0,3, BCG,0,0,2,2,1076,0,0,0,0,0,0,-1
Low, UVP_assignments_GNI_2_MC, Togo,0,4, BCG,0.21,0.79,2,2,1076,0,0,0,0,0,0,-1
Low, UVP_assignments_GNI_2_MC, Togo,0,5, DT,0.05,0.3,2,2,1076,0,0,0,0,0,0,-1
Low, UVP_assignments_GNI_2_MC, Togo,0,6, DT,0.13,0.79,2,2,1076,0,0,0,0,0,0,-1
Low, UVP_assignments_GNI_2_MC, Togo,0,7, DTP,0.13,0.79,2,2,1076,0,0,0,0,0,0,-1
Low, UVP_assignments_GNI_2_MC, Togo,0,8, DTP,0.14,0.79,2,2,1076,0,0,0,0,0,0,-1
Low, UVP_assignments_GNI_2_MC, Togo,0,9, DTP-HepB-Hib,0.59,0.79,2,2,1076,0,0,0,0,0,0,-1
Low, UVP_assignments_GNI_2_MC, Togo,0,10, DTP-HepB-Hib,0.87,0.79,2,2,1076,0,0,0,0,0,0,-1
Low, UVP_assignments_GNI_2_MC, Togo,0,11, DTP-HepB-Hib,0.79,0.79,2,2,1076,0,0,0,0,0,0,-1
Low, UVP_assignments_GNI_2_MC, Togo,0,12, DTP-HepB-Hib,0.9,0.79,2,2,1076,0,0,0,0,0,0,-1
Low, UVP_assignments_GNI_2_MC, Togo,0,13, DTP-HepB-Hib,0.87,0.79,2,2,1076,0,0,0,0,0,0,-1
Low, UVP_assignments_GNI_2_MC, Togo,0,14, DTP-HepB-Hib,0.61,0.79,2,2,1076,0,0,0,0,0,0,-1
Low, UVP_assignments_GNI_2_MC, Togo,0,15, DTP-HepB-Hib,0.57,0.79,2,2,1076,0,0,0,0,0,0,-1
Low, UVP_assignments_GNI_2_MC, Togo,0,16, DTP-HepB-Hib,0.61,0.79,2,2,1076,0,0,0,0,0,0,-1
Low, UVP_assignments_GNI_2_MC, Togo,0,17, HPV,3.48,0.79,2,2,1076,0,0,0,0,0,0,-1
Low, UVP_assignments_GNI_2_MC, Togo,0,18, HPV,3.4,0.79,2,2,1076,0,0,0,0,0,0,-1
Low, UVP_assignments_GNI_2_MC, Togo,0,19, HepB,0.37,0.79,2,2,1076,0,0,0,0,0,0,-1
Low, UVP_assignments_GNI_2_MC, Togo,0,20, HepB,0.45,0.79,2,2,1076,0,0,0,0,0,0,-1
Low, UVP_assignments_GNI_2_MC, Togo,0,21, HepB,0.18,0.79,2,2,1076,0,0,0,0,0,0,-1
Low, UVP_assignments_GNI_2_MC, Togo,0,22, HepB,0.19,0.79,2,2,1076,0,0,0,0,0,0,-1
Low, UVP_assignments_GNI_2_MC, Togo,0,23, Hib,1.63,0.79,2,2,1076,0,0,0,0,0,0,-1
Low, UVP_assignments_GNI_2_MC, Togo,0,24, IPV,0,0,2,2,1076,0,0,0,0,0,0,-1
Low, UVP_assignments_GNI_2_MC, Togo,0,25, IPV,1.85,0.79,2,2,1076,0,0,0,0,0,0,-1
Low, UVP_assignments_GNI_2_MC, Togo,0,26, IPV,2.34,0.79,2,2,1076,0,0,0,0,0,0,-1
Low, UVP_assignments_GNI_2_MC, Togo,0,27, IPV,1.32,0.79,2,2,1076,0,0,0,0,0,0,-1
Low, UVP_assignments_GNI_2_MC, Togo,0,28, IPV,0,0,2,2,1076,0,0,0,0,0,0,-1
Low, UVP_assignments_GNI_2_MC, Togo,0,29, IPV,2.12,0.79,2,2,1076,0,0,0,0,0,0,-1
Low, UVP_assignments_GNI_2_MC, Togo,0,30, MMR,0.87,0.64,2,2,1076,0,0,0,0,0,0,-1
Low, UVP_assignments_GNI_2_MC, Togo,0,31, MMR,3.38,0.79,2,2,1076,0,0,0,0,0,0,-1
Low, UVP_assignments_GNI_2_MC, Togo,0,32, MMR,2.23,0.79,2,2,1076,0,0,0,0,0,0,-1
Low, UVP_assignments_GNI_2_MC, Togo,0,33, MMR,1.11,0.79,2,2,1076,0,0,0,0,0,0,-1
Low, UVP_assignments_GNI_2_MC, Togo,0,34, OPV,0.14,0.79,2,2,1076,0,0,0,0,0,0,-1
Low, UVP_assignments_GNI_2_MC, Togo,0,35, OPV,0.07,0.79,2,2,1076,0,0,0,0,0,0,-1
Low, UVP_assignments_GNI_2_MC, Togo,0,36, OPV,0.1,0.79,2,2,1076,0,0,0,0,0,0,-1
Low, UVP_assignments_GNI_2_MC, Togo,0,37, OPV,0.11,0.79,2,2,1076,0,0,0,0,0,0,-1
Low, UVP_assignments_GNI_2_MC, Togo,0,38, OPV,0.09,0.79,2,2,1076,0,0,0,0,0,0,-1
Low, UVP_assignments_GNI_2_MC, Togo,0,39, OPV,0.1,0.79,2,2,1076,0,0,0,0,0,0,-1
Low, UVP_assignments_GNI_2_MC, Togo,0,40, OPV,0.14,0.79,2,2,1076,0,0,0,0,0,0,-1
Low, UVP_assignments_GNI_2_MC, Togo,0,41, OPV,0.11,0.79,2,2,1076,0,0,0,0,0,0,-1
Low, UVP_assignments_GNI_2_MC, Togo,0,42, OPV,0.13,0.79,2,2,1076,0,0,0,0,0,0,-1
Low, UVP_assignments_GNI_2_MC, Togo,0,43, PCV,2.19,0.79,2,2,1076,0,0,0,0,0,0,-1
Low, UVP_assignments_GNI_2_MC, Togo,0,44, PCV,2.31,0.79,2,2,1076,0,0,0,0,0,0,-1
Low, UVP_assignments_GNI_2_MC, Togo,0,45, PCV,2.31,0.79,2,2,1076,0,0,0,0,0,0,-1
Low, UVP_assignments_GNI_2_MC, Togo,0,46, PCV,2.61,0.79,2,2,1076,0,0,0,0,0,0,-1
Low, UVP_assignments_GNI_2_MC, Togo,0,47, PCV,2.5,0.79,2,2,1076,0,0,0,0,0,0,-1
Low, UVP_assignments_GNI_2_MC, Togo,0,48, PCV,2.19,0.79,2,2,1076,0,0,0,0,0,0,-1
Low, UVP_assignments_GNI_2_MC, Togo,0,49, Rota,0.64,0.79,2,2,1076,0,0,0,0,0,0,-1
Low, UVP_assignments_GNI_2_MC, Togo,0,50, Rota,0.72,0.79,2,2,1076,0,0,0,0,0,0,-1
Low, UVP_assignments_GNI_2_MC, Togo,0,51, Rota,1.78,0.79,2,2,1076,0,0,0,0,0,0,-1
Low, UVP_assignments_GNI_2_MC, Togo,0,52, Td,0.08,0.79,2,2,1076,0,0,0,0,0,0,-1
Low, UVP_assignments_GNI_2_MC, Togo,0,53, Td,0.08,0.79,2,2,1076,0,0,0,0,0,0,-1
Low, UVP_assignments_GNI_2_MC, Togo,0,54, Td,0,0,2,2,1076,0,0,0,0,0,0,-1
Low, UVP_assignments_GNI_2_MC, Togo,0,55, Td,0.08,0.56,2,2,1076,0,0,0,0,0,0,-1
Low, UVP_assignments_GNI_2_MC, Togo,0,56, Td,0.08,0.79,2,2,1076,0,0,0,0,0,0,-1
Low, UVP_assignments_GNI_2_MC, Togo,0,57, Td,0.03,0.26,2,2,1076,0,0,0,0,0,0,-1
Low, UVP_assignments_GNI_2_MC, Togo,0,58, Td,0.07,0.79,2,2,1076,0,0,0,0,0,0,-1
Low, UVP_assignments_GNI_2_MC, Togo,0,59, YF,0.97,0.79,2,2,1076,0,0,0,0,0,0,-1
Low, UVP_assignments_GNI_2_MC, Togo,0,60, YF,0.73,0.79,2,2,1076,0,0,0,0,0,0,-1
Low, UVP_assignments_GNI_2_MC, Togo,0,61, YF,1.09,0.79,2,2,1076,0,0,0,0,0,0,-1
Low, UVP_assignments_GNI_2_MC, Togo,0,62, YF,0.73,0.79,2,2,1076,0,0,0,0,0,0,-1
Low, UVP_assignments_GNI_2_MC, Uganda,0,1, BCG,0,0,2,2,1075,0,0,0,0,0,0,-1
Low, UVP_assignments_GNI_2_MC, Uganda,0,2, BCG,0.14,0.79,2,2,1075,0,0,0,0,0,0,-1
Low, UVP_assignments_GNI_2_MC, Uganda,0,3, BCG,0,0,2,2,1075,0,0,0,0,0,0,-1
Low, UVP_assignments_GNI_2_MC, Uganda,0,4, BCG,0.21,0.79,2,2,1075,0,0,0,0,0,0,-1
Low, UVP_assignments_GNI_2_MC, Uganda,0,5, DT,0.05,0.3,2,2,1075,0,0,0,0,0,0,-1
Low, UVP_assignments_GNI_2_MC, Uganda,0,6, DT,0.13,0.79,2,2,1075,0,0,0,0,0,0,-1
Low, UVP_assignments_GNI_2_MC, Uganda,0,7, DTP,0.13,0.79,2,2,1075,0,0,0,0,0,0,-1
Low, UVP_assignments_GNI_2_MC, Uganda,0,8, DTP,0.14,0.79,2,2,1075,0,0,0,0,0,0,-1
Low, UVP_assignments_GNI_2_MC, Uganda,0,9, DTP-HepB-Hib,0.59,0.79,2,2,1075,0,0,0,0,0,0,-1
Low, UVP_assignments_GNI_2_MC, Uganda,0,10, DTP-HepB-Hib,0.87,0.79,2,2,1075,0,0,0,0,0,0,-1
Low, UVP_assignments_GNI_2_MC, Uganda,0,11, DTP-HepB-Hib,0.79,0.79,2,2,1075,0,0,0,0,0,0,-1
Low, UVP_assignments_GNI_2_MC, Uganda,0,12, DTP-HepB-Hib,0.9,0.79,2,2,1075,0,0,0,0,0,0,-1
Low, UVP_assignments_GNI_2_MC, Uganda,0,13, DTP-HepB-Hib,0.87,0.79,2,2,1075,0,0,0,0,0,0,-1
Low, UVP_assignments_GNI_2_MC, Uganda,0,14, DTP-HepB-Hib,0.61,0.79,2,2,1075,0,0,0,0,0,0,-1
Low, UVP_assignments_GNI_2_MC, Uganda,0,15, DTP-HepB-Hib,0.57,0.79,2,2,1075,0,0,0,0,0,0,-1
Low, UVP_assignments_GNI_2_MC, Uganda,0,16, DTP-HepB-Hib,0.6,0.79,2,2,1075,0,0,0,0,0,0,-1
Low, UVP_assignments_GNI_2_MC, Uganda,0,17, HPV,3.48,0.79,2,2,1075,0,0,0,0,0,0,-1
Low, UVP_assignments_GNI_2_MC, Uganda,0,18, HPV,3.4,0.79,2,2,1075,0,0,0,0,0,0,-1
Low, UVP_assignments_GNI_2_MC, Uganda,0,19, HepB,0.37,0.79,2,2,1075,0,0,0,0,0,0,-1
Low, UVP_assignments_GNI_2_MC, Uganda,0,20, HepB,0.45,0.79,2,2,1075,0,0,0,0,0,0,-1
Low, UVP_assignments_GNI_2_MC, Uganda,0,21, HepB,0.18,0.79,2,2,1075,0,0,0,0,0,0,-1
Low, UVP_assignments_GNI_2_MC, Uganda,0,22, HepB,0.19,0.79,2,2,1075,0,0,0,0,0,0,-1
Low, UVP_assignments_GNI_2_MC, Uganda,0,23, Hib,1.62,0.79,2,2,1075,0,0,0,0,0,0,-1
Low, UVP_assignments_GNI_2_MC, Uganda,0,24, IPV,0,0,2,2,1075,0,0,0,0,0,0,-1
Low, UVP_assignments_GNI_2_MC, Uganda,0,25, IPV,1.85,0.79,2,2,1075,0,0,0,0,0,0,-1
Low, UVP_assignments_GNI_2_MC, Uganda,0,26, IPV,2.34,0.79,2,2,1075,0,0,0,0,0,0,-1
Low, UVP_assignments_GNI_2_MC, Uganda,0,27, IPV,1.32,0.79,2,2,1075,0,0,0,0,0,0,-1
Low, UVP_assignments_GNI_2_MC, Uganda,0,28, IPV,0,0,2,2,1075,0,0,0,0,0,0,-1
Low, UVP_assignments_GNI_2_MC, Uganda,0,29, IPV,2.12,0.79,2,2,1075,0,0,0,0,0,0,-1
Low, UVP_assignments_GNI_2_MC, Uganda,0,30, MMR,0.87,0.64,2,2,1075,0,0,0,0,0,0,-1
Low, UVP_assignments_GNI_2_MC, Uganda,0,31, MMR,3.38,0.79,2,2,1075,0,0,0,0,0,0,-1
Low, UVP_assignments_GNI_2_MC, Uganda,0,32, MMR,2.23,0.79,2,2,1075,0,0,0,0,0,0,-1
Low, UVP_assignments_GNI_2_MC, Uganda,0,33, MMR,1.11,0.79,2,2,1075,0,0,0,0,0,0,-1
Low, UVP_assignments_GNI_2_MC, Uganda,0,34, OPV,0.14,0.79,2,2,1075,0,0,0,0,0,0,-1
Low, UVP_assignments_GNI_2_MC, Uganda,0,35, OPV,0.07,0.79,2,2,1075,0,0,0,0,0,0,-1
Low, UVP_assignments_GNI_2_MC, Uganda,0,36, OPV,0.1,0.79,2,2,1075,0,0,0,0,0,0,-1
Low, UVP_assignments_GNI_2_MC, Uganda,0,37, OPV,0.11,0.79,2,2,1075,0,0,0,0,0,0,-1
Low, UVP_assignments_GNI_2_MC, Uganda,0,38, OPV,0.09,0.79,2,2,1075,0,0,0,0,0,0,-1
Low, UVP_assignments_GNI_2_MC, Uganda,0,39, OPV,0.1,0.79,2,2,1075,0,0,0,0,0,0,-1
Low, UVP_assignments_GNI_2_MC, Uganda,0,40, OPV,0.14,0.79,2,2,1075,0,0,0,0,0,0,-1
Low, UVP_assignments_GNI_2_MC, Uganda,0,41, OPV,0.11,0.79,2,2,1075,0,0,0,0,0,0,-1
Low, UVP_assignments_GNI_2_MC, Uganda,0,42, OPV,0.13,0.79,2,2,1075,0,0,0,0,0,0,-1
Low, UVP_assignments_GNI_2_MC, Uganda,0,43, PCV,2.19,0.79,2,2,1075,0,0,0,0,0,0,-1
Low, UVP_assignments_GNI_2_MC, Uganda,0,44, PCV,2.3,0.79,2,2,1075,0,0,0,0,0,0,-1
Low, UVP_assignments_GNI_2_MC, Uganda,0,45, PCV,2.3,0.79,2,2,1075,0,0,0,0,0,0,-1
Low, UVP_assignments_GNI_2_MC, Uganda,0,46, PCV,2.61,0.79,2,2,1075,0,0,0,0,0,0,-1
Low, UVP_assignments_GNI_2_MC, Uganda,0,47, PCV,2.49,0.79,2,2,1075,0,0,0,0,0,0,-1
Low, UVP_assignments_GNI_2_MC, Uganda,0,48, PCV,2.19,0.79,2,2,1075,0,0,0,0,0,0,-1
Low, UVP_assignments_GNI_2_MC, Uganda,0,49, Rota,0.64,0.79,2,2,1075,0,0,0,0,0,0,-1
Low, UVP_assignments_GNI_2_MC, Uganda,0,50, Rota,0.72,0.79,2,2,1075,0,0,0,0,0,0,-1
Low, UVP_assignments_GNI_2_MC, Uganda,0,51, Rota,1.78,0.79,2,2,1075,0,0,0,0,0,0,-1
Low, UVP_assignments_GNI_2_MC, Uganda,0,52, Td,0.08,0.79,2,2,1075,0,0,0,0,0,0,-1
Low, UVP_assignments_GNI_2_MC, Uganda,0,53, Td,0.08,0.79,2,2,1075,0,0,0,0,0,0,-1
Low, UVP_assignments_GNI_2_MC, Uganda,0,54, Td,0,0,2,2,1075,0,0,0,0,0,0,-1
Low, UVP_assignments_GNI_2_MC, Uganda,0,55, Td,0.07,0.56,2,2,1075,0,0,0,0,0,0,-1
Low, UVP_assignments_GNI_2_MC, Uganda,0,56, Td,0.08,0.79,2,2,1075,0,0,0,0,0,0,-1
Low, UVP_assignments_GNI_2_MC, Uganda,0,57, Td,0.03,0.26,2,2,1075,0,0,0,0,0,0,-1
Low, UVP_assignments_GNI_2_MC, Uganda,0,58, Td,0.07,0.79,2,2,1075,0,0,0,0,0,0,-1
Low, UVP_assignments_GNI_2_MC, Uganda,0,59, YF,0.97,0.79,2,2,1075,0,0,0,0,0,0,-1
Low, UVP_assignments_GNI_2_MC, Uganda,0,60, YF,0.73,0.79,2,2,1075,0,0,0,0,0,0,-1
Low, UVP_assignments_GNI_2_MC, Uganda,0,61, YF,1.09,0.79,2,2,1075,0,0,0,0,0,0,-1
Low, UVP_assignments_GNI_2_MC, Uganda,0,62, YF,0.73,0.79,2,2,1075,0,0,0,0,0,0,-1
Low, UVP_assignments_GNI_2_MC, Yemen,0,1, BCG,0,0,2,2,587,0,0,0,0,0,0,-1
Low, UVP_assignments_GNI_2_MC, Yemen,0,2, BCG,0.06,0.62,2,2,587,0,0,0,0,0,0,-1
Low, UVP_assignments_GNI_2_MC, Yemen,0,3, BCG,0,0,2,2,587,0,0,0,0,0,0,-1
Low, UVP_assignments_GNI_2_MC, Yemen,0,4, BCG,0.09,0.62,2,2,587,0,0,0,0,0,0,-1
Low, UVP_assignments_GNI_2_MC, Yemen,0,5, DT,-0.02,-0.27,2,2,587,0,0,0,0,0,0,-1
Low, UVP_assignments_GNI_2_MC, Yemen,0,6, DT,0.05,0.62,2,2,587,0,0,0,0,0,0,-1
Low, UVP_assignments_GNI_2_MC, Yemen,0,7, DTP,0.05,0.62,2,2,587,0,0,0,0,0,0,-1
Low, UVP_assignments_GNI_2_MC, Yemen,0,8, DTP,0.06,0.62,2,2,587,0,0,0,0,0,0,-1
Low, UVP_assignments_GNI_2_MC, Yemen,0,9, DTP-HepB-Hib,0.25,0.62,2,2,587,0,0,0,0,0,0,-1
Low, UVP_assignments_GNI_2_MC, Yemen,0,10, DTP-HepB-Hib,0.37,0.62,2,2,587,0,0,0,0,0,0,-1
Low, UVP_assignments_GNI_2_MC, Yemen,0,11, DTP-HepB-Hib,0.34,0.62,2,2,587,0,0,0,0,0,0,-1
Low, UVP_assignments_GNI_2_MC, Yemen,0,12, DTP-HepB-Hib,0.38,0.62,2,2,587,0,0,0,0,0,0,-1
Low, UVP_assignments_GNI_2_MC, Yemen,0,13, DTP-HepB-Hib,0.37,0.62,2,2,587,0,0,0,0,0,0,-1
Low, UVP_assignments_GNI_2_MC, Yemen,0,14, DTP-HepB-Hib,0.26,0.62,2,2,587,0,0,0,0,0,0,-1
Low, UVP_assignments_GNI_2_MC, Yemen,0,15, DTP-HepB-Hib,0.24,0.62,2,2,587,0,0,0,0,0,0,-1
Low, UVP_assignments_GNI_2_MC, Yemen,0,16, DTP-HepB-Hib,0.26,0.62,2,2,587,0,0,0,0,0,0,-1
Low, UVP_assignments_GNI_2_MC, Yemen,0,17, HPV,1.48,0.62,2,2,587,0,0,0,0,0,0,-1
Low, UVP_assignments_GNI_2_MC, Yemen,0,18, HPV,1.45,0.62,2,2,587,0,0,0,0,0,0,-1
Low, UVP_assignments_GNI_2_MC, Yemen,0,19, HepB,0.16,0.62,2,2,587,0,0,0,0,0,0,-1
Low, UVP_assignments_GNI_2_MC, Yemen,0,20, HepB,0.19,0.62,2,2,587,0,0,0,0,0,0,-1
Low, UVP_assignments_GNI_2_MC, Yemen,0,21, HepB,0.08,0.62,2,2,587,0,0,0,0,0,0,-1
Low, UVP_assignments_GNI_2_MC, Yemen,0,22, HepB,0.08,0.62,2,2,587,0,0,0,0,0,0,-1
Low, UVP_assignments_GNI_2_MC, Yemen,0,23, Hib,0.69,0.62,2,2,587,0,0,0,0,0,0,-1
Low, UVP_assignments_GNI_2_MC, Yemen,0,24, IPV,0,0,2,2,587,0,0,0,0,0,0,-1
Low, UVP_assignments_GNI_2_MC, Yemen,0,25, IPV,0.79,0.62,2,2,587,0,0,0,0,0,0,-1
Low, UVP_assignments_GNI_2_MC, Yemen,0,26, IPV,1,0.62,2,2,587,0,0,0,0,0,0,-1
Low, UVP_assignments_GNI_2_MC, Yemen,0,27, IPV,0.56,0.62,2,2,587,0,0,0,0,0,0,-1
Low, UVP_assignments_GNI_2_MC, Yemen,0,28, IPV,0,0,2,2,587,0,0,0,0,0,0,-1
Low, UVP_assignments_GNI_2_MC, Yemen,0,29, IPV,0.9,0.62,2,2,587,0,0,0,0,0,0,-1
Low, UVP_assignments_GNI_2_MC, Yemen,0,30, MMR,0.25,0.35,2,2,587,0,0,0,0,0,0,-1
Low, UVP_assignments_GNI_2_MC, Yemen,0,31, MMR,1.44,0.62,2,2,587,0,0,0,0,0,0,-1
Low, UVP_assignments_GNI_2_MC, Yemen,0,32, MMR,0.95,0.62,2,2,587,0,0,0,0,0,0,-1
Low, UVP_assignments_GNI_2_MC, Yemen,0,33, MMR,0.47,0.62,2,2,587,0,0,0,0,0,0,-1
Low, UVP_assignments_GNI_2_MC, Yemen,0,34, OPV,0.06,0.62,2,2,587,0,0,0,0,0,0,-1
Low, UVP_assignments_GNI_2_MC, Yemen,0,35, OPV,0.03,0.62,2,2,587,0,0,0,0,0,0,-1
Low, UVP_assignments_GNI_2_MC, Yemen,0,36, OPV,0.04,0.62,2,2,587,0,0,0,0,0,0,-1
Low, UVP_assignments_GNI_2_MC, Yemen,0,37, OPV,0.05,0.62,2,2,587,0,0,0,0,0,0,-1
Low, UVP_assignments_GNI_2_MC, Yemen,0,38, OPV,0.04,0.62,2,2,587,0,0,0,0,0,0,-1
Low, UVP_assignments_GNI_2_MC, Yemen,0,39, OPV,0.04,0.62,2,2,587,0,0,0,0,0,0,-1
Low, UVP_assignments_GNI_2_MC, Yemen,0,40, OPV,0.06,0.62,2,2,587,0,0,0,0,0,0,-1
Low, UVP_assignments_GNI_2_MC, Yemen,0,41, OPV,0.05,0.62,2,2,587,0,0,0,0,0,0,-1
Low, UVP_assignments_GNI_2_MC, Yemen,0,42, OPV,0.05,0.62,2,2,587,0,0,0,0,0,0,-1
Low, UVP_assignments_GNI_2_MC, Yemen,0,43, PCV,0.93,0.62,2,2,587,0,0,0,0,0,0,-1
Low, UVP_assignments_GNI_2_MC, Yemen,0,44, PCV,0.98,0.62,2,2,587,0,0,0,0,0,0,-1
Low, UVP_assignments_GNI_2_MC, Yemen,0,45, PCV,0.98,0.62,2,2,587,0,0,0,0,0,0,-1
Low, UVP_assignments_GNI_2_MC, Yemen,0,46, PCV,1.11,0.62,2,2,587,0,0,0,0,0,0,-1
Low, UVP_assignments_GNI_2_MC, Yemen,0,47, PCV,1.06,0.62,2,2,587,0,0,0,0,0,0,-1
Low, UVP_assignments_GNI_2_MC, Yemen,0,48, PCV,0.93,0.62,2,2,587,0,0,0,0,0,0,-1
Low, UVP_assignments_GNI_2_MC, Yemen,0,49, Rota,0.27,0.62,2,2,587,0,0,0,0,0,0,-1
Low, UVP_assignments_GNI_2_MC, Yemen,0,50, Rota,0.31,0.62,2,2,587,0,0,0,0,0,0,-1
Low, UVP_assignments_GNI_2_MC, Yemen,0,51, Rota,0.76,0.62,2,2,587,0,0,0,0,0,0,-1
Low, UVP_assignments_GNI_2_MC, Yemen,0,52, Td,0.04,0.62,2,2,587,0,0,0,0,0,0,-1
Low, UVP_assignments_GNI_2_MC, Yemen,0,53, Td,0.04,0.62,2,2,587,0,0,0,0,0,0,-1
Low, UVP_assignments_GNI_2_MC, Yemen,0,54, Td,0,0,2,2,587,0,0,0,0,0,0,-1
Low, UVP_assignments_GNI_2_MC, Yemen,0,55, Td,0.01,0.2,2,2,587,0,0,0,0,0,0,-1
Low, UVP_assignments_GNI_2_MC, Yemen,0,56, Td,0.03,0.62,2,2,587,0,0,0,0,0,0,-1
Low, UVP_assignments_GNI_2_MC, Yemen,0,57, Td,-0.02,-0.35,2,2,587,0,0,0,0,0,0,-1
Low, UVP_assignments_GNI_2_MC, Yemen,0,58, Td,0.03,0.62,2,2,587,0,0,0,0,0,0,-1
Low, UVP_assignments_GNI_2_MC, Yemen,0,59, YF,0.41,0.62,2,2,587,0,0,0,0,0,0,-1
Low, UVP_assignments_GNI_2_MC, Yemen,0,60, YF,0.31,0.62,2,2,587,0,0,0,0,0,0,-1
Low, UVP_assignments_GNI_2_MC, Yemen,0,61, YF,0.46,0.62,2,2,587,0,0,0,0,0,0,-1
Low, UVP_assignments_GNI_2_MC, Yemen,0,62, YF,0.31,0.62,2,2,587,0,0,0,0,0,0,-1
Low, UVP_assignments_GNI_2_MC, Zambia,0,1, BCG,0,0,2,2,1196,0,0,0,0,0,0,-1
Low, UVP_assignments_GNI_2_MC, Zambia,0,2, BCG,0.16,0.81,2,2,1196,0,0,0,0,0,0,-1
Low, UVP_assignments_GNI_2_MC, Zambia,0,3, BCG,0,0,2,2,1196,0,0,0,0,0,0,-1
Low, UVP_assignments_GNI_2_MC, Zambia,0,4, BCG,0.24,0.81,2,2,1196,0,0,0,0,0,0,-1
Low, UVP_assignments_GNI_2_MC, Zambia,0,5, DT,0.07,0.37,2,2,1196,0,0,0,0,0,0,-1
Low, UVP_assignments_GNI_2_MC, Zambia,0,6, DT,0.15,0.81,2,2,1196,0,0,0,0,0,0,-1
Low, UVP_assignments_GNI_2_MC, Zambia,0,7, DTP,0.15,0.81,2,2,1196,0,0,0,0,0,0,-1
Low, UVP_assignments_GNI_2_MC, Zambia,0,8, DTP,0.16,0.81,2,2,1196,0,0,0,0,0,0,-1
Low, UVP_assignments_GNI_2_MC, Zambia,0,9, DTP-HepB-Hib,0.67,0.81,2,2,1196,0,0,0,0,0,0,-1
Low, UVP_assignments_GNI_2_MC, Zambia,0,10, DTP-HepB-Hib,0.99,0.81,2,2,1196,0,0,0,0,0,0,-1
Low, UVP_assignments_GNI_2_MC, Zambia,0,11, DTP-HepB-Hib,0.91,0.81,2,2,1196,0,0,0,0,0,0,-1
Low, UVP_assignments_GNI_2_MC, Zambia,0,12, DTP-HepB-Hib,1.03,0.81,2,2,1196,0,0,0,0,0,0,-1
Low, UVP_assignments_GNI_2_MC, Zambia,0,13, DTP-HepB-Hib,0.99,0.81,2,2,1196,0,0,0,0,0,0,-1
Low, UVP_assignments_GNI_2_MC, Zambia,0,14, DTP-HepB-Hib,0.7,0.81,2,2,1196,0,0,0,0,0,0,-1
Low, UVP_assignments_GNI_2_MC, Zambia,0,15, DTP-HepB-Hib,0.65,0.81,2,2,1196,0,0,0,0,0,0,-1
Low, UVP_assignments_GNI_2_MC, Zambia,0,16, DTP-HepB-Hib,0.69,0.81,2,2,1196,0,0,0,0,0,0,-1
Low, UVP_assignments_GNI_2_MC, Zambia,0,17, HPV,3.97,0.81,2,2,1196,0,0,0,0,0,0,-1
Low, UVP_assignments_GNI_2_MC, Zambia,0,18, HPV,3.88,0.81,2,2,1196,0,0,0,0,0,0,-1
Low, UVP_assignments_GNI_2_MC, Zambia,0,19, HepB,0.42,0.81,2,2,1196,0,0,0,0,0,0,-1
Low, UVP_assignments_GNI_2_MC, Zambia,0,20, HepB,0.52,0.81,2,2,1196,0,0,0,0,0,0,-1
Low, UVP_assignments_GNI_2_MC, Zambia,0,21, HepB,0.21,0.81,2,2,1196,0,0,0,0,0,0,-1
Low, UVP_assignments_GNI_2_MC, Zambia,0,22, HepB,0.22,0.81,2,2,1196,0,0,0,0,0,0,-1
Low, UVP_assignments_GNI_2_MC, Zambia,0,23, Hib,1.86,0.81,2,2,1196,0,0,0,0,0,0,-1
Low, UVP_assignments_GNI_2_MC, Zambia,0,24, IPV,0,0,2,2,1196,0,0,0,0,0,0,-1
Low, UVP_assignments_GNI_2_MC, Zambia,0,25, IPV,2.11,0.81,2,2,1196,0,0,0,0,0,0,-1
Low, UVP_assignments_GNI_2_MC, Zambia,0,26, IPV,2.68,0.81,2,2,1196,0,0,0,0,0,0,-1
Low, UVP_assignments_GNI_2_MC, Zambia,0,27, IPV,1.51,0.81,2,2,1196,0,0,0,0,0,0,-1
Low, UVP_assignments_GNI_2_MC, Zambia,0,28, IPV,0,0,2,2,1196,0,0,0,0,0,0,-1
Low, UVP_assignments_GNI_2_MC, Zambia,0,29, IPV,2.42,0.81,2,2,1196,0,0,0,0,0,0,-1
Low, UVP_assignments_GNI_2_MC, Zambia,0,30, MMR,1.02,0.68,2,2,1196,0,0,0,0,0,0,-1
Low, UVP_assignments_GNI_2_MC, Zambia,0,31, MMR,3.86,0.81,2,2,1196,0,0,0,0,0,0,-1
Low, UVP_assignments_GNI_2_MC, Zambia,0,32, MMR,2.55,0.81,2,2,1196,0,0,0,0,0,0,-1
Low, UVP_assignments_GNI_2_MC, Zambia,0,33, MMR,1.27,0.81,2,2,1196,0,0,0,0,0,0,-1
Low, UVP_assignments_GNI_2_MC, Zambia,0,34, OPV,0.16,0.81,2,2,1196,0,0,0,0,0,0,-1
Low, UVP_assignments_GNI_2_MC, Zambia,0,35, OPV,0.08,0.81,2,2,1196,0,0,0,0,0,0,-1
Low, UVP_assignments_GNI_2_MC, Zambia,0,36, OPV,0.11,0.81,2,2,1196,0,0,0,0,0,0,-1
Low, UVP_assignments_GNI_2_MC, Zambia,0,37, OPV,0.12,0.81,2,2,1196,0,0,0,0,0,0,-1
Low, UVP_assignments_GNI_2_MC, Zambia,0,38, OPV,0.1,0.81,2,2,1196,0,0,0,0,0,0,-1
Low, UVP_assignments_GNI_2_MC, Zambia,0,39, OPV,0.11,0.81,2,2,1196,0,0,0,0,0,0,-1
Low, UVP_assignments_GNI_2_MC, Zambia,0,40, OPV,0.16,0.81,2,2,1196,0,0,0,0,0,0,-1
Low, UVP_assignments_GNI_2_MC, Zambia,0,41, OPV,0.12,0.81,2,2,1196,0,0,0,0,0,0,-1
Low, UVP_assignments_GNI_2_MC, Zambia,0,42, OPV,0.15,0.81,2,2,1196,0,0,0,0,0,0,-1
Low, UVP_assignments_GNI_2_MC, Zambia,0,43, PCV,2.5,0.81,2,2,1196,0,0,0,0,0,0,-1
Low, UVP_assignments_GNI_2_MC, Zambia,0,44, PCV,2.63,0.81,2,2,1196,0,0,0,0,0,0,-1
Low, UVP_assignments_GNI_2_MC, Zambia,0,45, PCV,2.63,0.81,2,2,1196,0,0,0,0,0,0,-1
Low, UVP_assignments_GNI_2_MC, Zambia,0,46, PCV,2.98,0.81,2,2,1196,0,0,0,0,0,0,-1
Low, UVP_assignments_GNI_2_MC, Zambia,0,47, PCV,2.85,0.81,2,2,1196,0,0,0,0,0,0,-1
Low, UVP_assignments_GNI_2_MC, Zambia,0,48, PCV,2.5,0.81,2,2,1196,0,0,0,0,0,0,-1
Low, UVP_assignments_GNI_2_MC, Zambia,0,49, Rota,0.73,0.81,2,2,1196,0,0,0,0,0,0,-1
Low, UVP_assignments_GNI_2_MC, Zambia,0,50, Rota,0.82,0.81,2,2,1196,0,0,0,0,0,0,-1
Low, UVP_assignments_GNI_2_MC, Zambia,0,51, Rota,2.03,0.81,2,2,1196,0,0,0,0,0,0,-1
Low, UVP_assignments_GNI_2_MC, Zambia,0,52, Td,0.09,0.81,2,2,1196,0,0,0,0,0,0,-1
Low, UVP_assignments_GNI_2_MC, Zambia,0,53, Td,0.09,0.81,2,2,1196,0,0,0,0,0,0,-1
Low, UVP_assignments_GNI_2_MC, Zambia,0,54, Td,0,0,2,2,1196,0,0,0,0,0,0,-1
Low, UVP_assignments_GNI_2_MC, Zambia,0,55, Td,0.09,0.6,2,2,1196,0,0,0,0,0,0,-1
Low, UVP_assignments_GNI_2_MC, Zambia,0,56, Td,0.09,0.81,2,2,1196,0,0,0,0,0,0,-1
Low, UVP_assignments_GNI_2_MC, Zambia,0,57, Td,0.04,0.34,2,2,1196,0,0,0,0,0,0,-1
Low, UVP_assignments_GNI_2_MC, Zambia,0,58, Td,0.08,0.81,2,2,1196,0,0,0,0,0,0,-1
Low, UVP_assignments_GNI_2_MC, Zambia,0,59, YF,1.1,0.81,2,2,1196,0,0,0,0,0,0,-1
Low, UVP_assignments_GNI_2_MC, Zambia,0,60, YF,0.84,0.81,2,2,1196,0,0,0,0,0,0,-1
Low, UVP_assignments_GNI_2_MC, Zambia,0,61, YF,1.24,0.81,2,2,1196,0,0,0,0,0,0,-1
Low, UVP_assignments_GNI_2_MC, Zambia,0,62, YF,0.84,0.81,2,2,1196,0,0,0,0,0,0,-1
Low, UVP_assignments_GNI_2_MC, Zimbabwe,0,1, BCG,0,0,2,2,1758,0,0,0,0,0,0,-1
Low, UVP_assignments_GNI_2_MC, Zimbabwe,0,2, BCG,0.26,0.87,2,2,1758,0,0,0,0,0,0,-1
Low, UVP_assignments_GNI_2_MC, Zimbabwe,0,3, BCG,0,0,2,2,1758,0,0,0,0,0,0,-1
Low, UVP_assignments_GNI_2_MC, Zimbabwe,0,4, BCG,0.38,0.87,2,2,1758,0,0,0,0,0,0,-1
Low, UVP_assignments_GNI_2_MC, Zimbabwe,0,5, DT,0.15,0.57,2,2,1758,0,0,0,0,0,0,-1
Low, UVP_assignments_GNI_2_MC, Zimbabwe,0,6, DT,0.23,0.87,2,2,1758,0,0,0,0,0,0,-1
Low, UVP_assignments_GNI_2_MC, Zimbabwe,0,7, DTP,0.23,0.87,2,2,1758,0,0,0,0,0,0,-1
Low, UVP_assignments_GNI_2_MC, Zimbabwe,0,8, DTP,0.26,0.87,2,2,1758,0,0,0,0,0,0,-1
Low, UVP_assignments_GNI_2_MC, Zimbabwe,0,9, DTP-HepB-Hib,1.06,0.87,2,2,1758,0,0,0,0,0,0,-1
Low, UVP_assignments_GNI_2_MC, Zimbabwe,0,10, DTP-HepB-Hib,1.57,0.87,2,2,1758,0,0,0,0,0,0,-1
Low, UVP_assignments_GNI_2_MC, Zimbabwe,0,11, DTP-HepB-Hib,1.43,0.87,2,2,1758,0,0,0,0,0,0,-1
Low, UVP_assignments_GNI_2_MC, Zimbabwe,0,12, DTP-HepB-Hib,1.62,0.87,2,2,1758,0,0,0,0,0,0,-1
Low, UVP_assignments_GNI_2_MC, Zimbabwe,0,13, DTP-HepB-Hib,1.57,0.87,2,2,1758,0,0,0,0,0,0,-1
Low, UVP_assignments_GNI_2_MC, Zimbabwe,0,14, DTP-HepB-Hib,1.1,0.87,2,2,1758,0,0,0,0,0,0,-1
Low, UVP_assignments_GNI_2_MC, Zimbabwe,0,15, DTP-HepB-Hib,1.02,0.87,2,2,1758,0,0,0,0,0,0,-1
Low, UVP_assignments_GNI_2_MC, Zimbabwe,0,16, DTP-HepB-Hib,1.09,0.87,2,2,1758,0,0,0,0,0,0,-1
Low, UVP_assignments_GNI_2_MC, Zimbabwe,0,17, HPV,6.27,0.87,2,2,1758,0,0,0,0,0,0,-1
Low, UVP_assignments_GNI_2_MC, Zimbabwe,0,18, HPV,6.13,0.87,2,2,1758,0,0,0,0,0,0,-1
Low, UVP_assignments_GNI_2_MC, Zimbabwe,0,19, HepB,0.67,0.87,2,2,1758,0,0,0,0,0,0,-1
Low, UVP_assignments_GNI_2_MC, Zimbabwe,0,20, HepB,0.82,0.87,2,2,1758,0,0,0,0,0,0,-1
Low, UVP_assignments_GNI_2_MC, Zimbabwe,0,21, HepB,0.33,0.87,2,2,1758,0,0,0,0,0,0,-1
Low, UVP_assignments_GNI_2_MC, Zimbabwe,0,22, HepB,0.34,0.87,2,2,1758,0,0,0,0,0,0,-1
Low, UVP_assignments_GNI_2_MC, Zimbabwe,0,23, Hib,2.93,0.87,2,2,1758,0,0,0,0,0,0,-1
Low, UVP_assignments_GNI_2_MC, Zimbabwe,0,24, IPV,0,0,2,2,1758,0,0,0,0,0,0,-1
Low, UVP_assignments_GNI_2_MC, Zimbabwe,0,25, IPV,3.34,0.87,2,2,1758,0,0,0,0,0,0,-1
Low, UVP_assignments_GNI_2_MC, Zimbabwe,0,26, IPV,4.22,0.87,2,2,1758,0,0,0,0,0,0,-1
Low, UVP_assignments_GNI_2_MC, Zimbabwe,0,27, IPV,2.38,0.87,2,2,1758,0,0,0,0,0,0,-1
Low, UVP_assignments_GNI_2_MC, Zimbabwe,0,28, IPV,0,0,2,2,1758,0,0,0,0,0,0,-1
Low, UVP_assignments_GNI_2_MC, Zimbabwe,0,29, IPV,3.82,0.87,2,2,1758,0,0,0,0,0,0,-1
Low, UVP_assignments_GNI_2_MC, Zimbabwe,0,30, MMR,1.72,0.78,2,2,1758,0,0,0,0,0,0,-1
Low, UVP_assignments_GNI_2_MC, Zimbabwe,0,31, MMR,6.09,0.87,2,2,1758,0,0,0,0,0,0,-1
Low, UVP_assignments_GNI_2_MC, Zimbabwe,0,32, MMR,4.02,0.87,2,2,1758,0,0,0,0,0,0,-1
Low, UVP_assignments_GNI_2_MC, Zimbabwe,0,33, MMR,2,0.87,2,2,1758,0,0,0,0,0,0,-1
Low, UVP_assignments_GNI_2_MC, Zimbabwe,0,34, OPV,0.25,0.87,2,2,1758,0,0,0,0,0,0,-1
Low, UVP_assignments_GNI_2_MC, Zimbabwe,0,35, OPV,0.12,0.87,2,2,1758,0,0,0,0,0,0,-1
Low, UVP_assignments_GNI_2_MC, Zimbabwe,0,36, OPV,0.18,0.87,2,2,1758,0,0,0,0,0,0,-1
Low, UVP_assignments_GNI_2_MC, Zimbabwe,0,37, OPV,0.19,0.87,2,2,1758,0,0,0,0,0,0,-1
Low, UVP_assignments_GNI_2_MC, Zimbabwe,0,38, OPV,0.16,0.87,2,2,1758,0,0,0,0,0,0,-1
Low, UVP_assignments_GNI_2_MC, Zimbabwe,0,39, OPV,0.18,0.87,2,2,1758,0,0,0,0,0,0,-1
Low, UVP_assignments_GNI_2_MC, Zimbabwe,0,40, OPV,0.26,0.87,2,2,1758,0,0,0,0,0,0,-1
Low, UVP_assignments_GNI_2_MC, Zimbabwe,0,41, OPV,0.19,0.87,2,2,1758,0,0,0,0,0,0,-1
Low, UVP_assignments_GNI_2_MC, Zimbabwe,0,42, OPV,0.23,0.87,2,2,1758,0,0,0,0,0,0,-1
Low, UVP_assignments_GNI_2_MC, Zimbabwe,0,43, PCV,3.95,0.87,2,2,1758,0,0,0,0,0,0,-1
Low, UVP_assignments_GNI_2_MC, Zimbabwe,0,44, PCV,4.16,0.87,2,2,1758,0,0,0,0,0,0,-1
Low, UVP_assignments_GNI_2_MC, Zimbabwe,0,45, PCV,4.16,0.87,2,2,1758,0,0,0,0,0,0,-1
Low, UVP_assignments_GNI_2_MC, Zimbabwe,0,46, PCV,4.7,0.87,2,2,1758,0,0,0,0,0,0,-1
Low, UVP_assignments_GNI_2_MC, Zimbabwe,0,47, PCV,4.5,0.87,2,2,1758,0,0,0,0,0,0,-1
Low, UVP_assignments_GNI_2_MC, Zimbabwe,0,48, PCV,3.95,0.87,2,2,1758,0,0,0,0,0,0,-1
Low, UVP_assignments_GNI_2_MC, Zimbabwe,0,49, Rota,1.16,0.87,2,2,1758,0,0,0,0,0,0,-1
Low, UVP_assignments_GNI_2_MC, Zimbabwe,0,50, Rota,1.29,0.87,2,2,1758,0,0,0,0,0,0,-1
Low, UVP_assignments_GNI_2_MC, Zimbabwe,0,51, Rota,3.2,0.87,2,2,1758,0,0,0,0,0,0,-1
Low, UVP_assignments_GNI_2_MC, Zimbabwe,0,52, Td,0.15,0.87,2,2,1758,0,0,0,0,0,0,-1
Low, UVP_assignments_GNI_2_MC, Zimbabwe,0,53, Td,0.15,0.87,2,2,1758,0,0,0,0,0,0,-1
Low, UVP_assignments_GNI_2_MC, Zimbabwe,0,54, Td,0,0,2,2,1758,0,0,0,0,0,0,-1
Low, UVP_assignments_GNI_2_MC, Zimbabwe,0,55, Td,0.16,0.73,2,2,1758,0,0,0,0,0,0,-1
Low, UVP_assignments_GNI_2_MC, Zimbabwe,0,56, Td,0.14,0.87,2,2,1758,0,0,0,0,0,0,-1
Low, UVP_assignments_GNI_2_MC, Zimbabwe,0,57, Td,0.09,0.55,2,2,1758,0,0,0,0,0,0,-1
Low, UVP_assignments_GNI_2_MC, Zimbabwe,0,58, Td,0.12,0.87,2,2,1758,0,0,0,0,0,0,-1
Low, UVP_assignments_GNI_2_MC, Zimbabwe,0,59, YF,1.74,0.87,2,2,1758,0,0,0,0,0,0,-1
Low, UVP_assignments_GNI_2_MC, Zimbabwe,0,60, YF,1.32,0.87,2,2,1758,0,0,0,0,0,0,-1
Low, UVP_assignments_GNI_2_MC, Zimbabwe,0,61, YF,1.96,0.87,2,2,1758,0,0,0,0,0,0,-1
Low, UVP_assignments_GNI_2_MC, Zimbabwe,0,62, YF,1.32,0.87,2,2,1758,0,0,0,0,0,0,-1
